,track_id,phase,Total Time (h),Mean Speed (m/s),Total Distance (km),Mean Vorticity (−1 × 10−5 s−1),Mean Growth Rate (10^−5 s^−1 day^-1),Straight Line Distance (km),Genesis Season,Genesis Region
0,19990001,decay,7.0,17.02600384957118,429.0552970091938,5.65798,0.3554057142857161,365.79916284894426,DJF,SAt
1,19990001,decay 2,18.0,19.462819926365334,1261.1907312284736,7.075403333333333,-3.0421600000000013,1140.3477458238797,DJF,SAt
2,19990001,incipient,0.0,,0.0,5.56741,,0.0,DJF,SAt
3,19990001,intensification,29.0,19.58192721700544,2044.3532014553682,6.35037275862069,1.9708799999999997,1958.8551221499874,DJF,SAt
4,19990001,mature,7.0,18.020711425034996,454.1219279108819,8.62589,1.965840000000002,374.01203794048547,DJF,SAt
5,19990002,decay,74.0,10.504034801639838,2798.274871156853,3.4341231081081083,-0.5007956756756758,6019.136045086453,DJF,SAt
6,19990002,decay 2,18.0,8.032085196144351,520.4791207101539,5.534201111111112,1.63188,378.595324638226,DJF,SAt
7,19990002,incipient,14.0,12.131340799137757,611.4195762765429,3.6591526666666665,-0.1824685714285716,5415.757051542373,DJF,SAt
8,19990002,intensification,58.0,16.957328228397856,3540.6901340894724,4.913329827586208,1.313743448275862,4834.596980770632,DJF,SAt
9,19990002,mature,22.0,10.179514596410103,806.2175560356802,5.013870454545454,-1.9180909090909084,2525.0449453576903,DJF,SAt
10,19990003,decay,7.0,16.053997336154612,404.5607328710962,5.837942857142857,3.1799657142857165,345.1760610392476,DJF,SAt
11,19990003,decay 2,7.0,8.308528921909664,209.37492883212352,2.8463342857142857,-1.2948685714285706,174.48864569702627,DJF,SAt
12,19990003,incipient,0.0,,0.0,5.23321,,0.0,DJF,SAt
13,19990003,intensification,29.0,10.903262322616335,1138.3005864811453,5.592576206896552,-1.844631724137931,982.7167752991556,DJF,SAt
14,19990003,mature,7.0,9.954313154522765,250.84869149397366,3.38566,-2.8488685714285724,216.0428359534003,DJF,SAt
15,19990004,decay 2,1.0,25.51956297640544,91.87042671505958,1.9575,0.116640000000002,0.0,DJF,ARG
16,19990004,intensification,28.0,13.438433027181249,1354.5940491398699,2.3861610344827584,0.8865171428571431,1245.2934156022604,DJF,ARG
17,19990004,mature,7.0,16.029318280366613,403.93882066523867,2.2012914285714285,-1.3561371428571436,351.81212267249856,DJF,ARG
18,19990005,intensification,27.0,9.073208615551868,881.9158774316415,1.8890032142857145,-0.8846400000000002,532.5721078255068,DJF,SAt
19,19990005,mature,5.0,5.740447694183498,103.32805849530297,1.2398419999999999,-0.9072959999999999,75.1972549808878,DJF,SAt
20,19990006,decay,67.0,9.788769364074158,2361.0511706146867,4.591490895522388,-1.126714029850746,2675.4119539864923,DJF,SE-SAO
21,19990006,decay 2,18.0,23.83397404934829,1544.4415183977692,5.664477222222222,3.9704399999999995,1451.7944900904465,DJF,SE-SAO
22,19990006,incipient,14.0,5.039841739097894,254.00802365053383,4.610265,0.19805142857142805,193.55992756507575,DJF,SE-SAO
23,19990006,intensification,49.0,16.753437757750675,2955.3064204672187,4.316643,-0.6192783673469388,5902.896190352779,DJF,SE-SAO
24,19990006,mature,22.0,19.042164475801194,1508.1394264834546,4.577355,-0.6333818181818182,5249.911184968595,DJF,SE-SAO
25,19990007,decay,46.0,16.478743561636712,2728.87993380704,2.691106304347826,-0.29119826086956535,2252.8715946516672,DJF,SAt
26,19990007,decay 2,18.0,9.167593590403381,594.0600646581391,2.7914805555555557,1.7269066666666664,199.14460757907705,DJF,SAt
27,19990007,incipient,3.0,33.36173610477238,360.3067499315418,2.030253333333333,-3.29664,274.93502924618434,DJF,SAt
28,19990007,intensification,28.0,8.851363989982804,892.2174901902666,2.9592324137931034,0.06456857142857154,923.6434705419656,DJF,SAt
29,19990007,mature,16.0,9.587758803286418,552.2549070692976,2.58190125,-0.5594099999999997,623.9096269325361,DJF,SAt
30,19990008,decay,70.0,16.73144396601811,4216.323879436563,5.2880519999999995,0.08134971428571414,4559.48474046179,DJF,SAt
31,19990008,decay 2,18.0,13.550749669653356,878.0885785935376,2.823055,0.19925333333333303,372.7466033594431,DJF,SAt
32,19990008,incipient,25.0,8.411181824326196,757.0063641893577,5.7053899999999995,0.5095200000000003,2459.7845078355613,DJF,SAt
33,19990008,intensification,54.0,11.896878945883223,2312.7532670796986,4.1946176363636365,0.08432000000000005,7137.167284770261,DJF,SAt
34,19990008,mature,23.0,15.35748868150282,1271.6000628284335,4.538047826086957,0.5361182608695654,6243.494768000159,DJF,SAt
35,19990009,decay,58.0,11.268357840226885,2352.8331170393735,8.392486206896551,0.3461255172413798,2770.2842503542197,DJF,SAt
36,19990009,decay 2,18.0,22.705269899426682,1471.3014894828489,3.0067555555555554,1.4126933333333334,1305.3667034490943,DJF,SAt
37,19990009,incipient,14.0,8.636852476341982,435.29736480763586,8.804322142857142,-2.17536,403.9875958006024,DJF,SAt
38,19990009,intensification,29.0,18.10884335289321,1890.563246042051,5.774846896551725,-0.3104027586206904,4901.397887158067,DJF,SAt
39,19990009,mature,17.0,18.49585058570722,1131.946055845282,5.331272222222222,2.0888188235294116,5193.726388194565,DJF,SAt
40,19990010,decay,54.0,20.38986583890606,3963.7899190833386,3.875837222222222,-0.48269333333333303,4900.0231675479135,DJF,SAt
41,19990010,decay 2,18.0,23.50781120166276,1523.3061658677468,3.8532127777777774,2.45472,1414.0208184472267,DJF,SAt
42,19990010,incipient,14.0,19.81779866572753,998.8170527526675,4.2975771428571425,-0.8693657142857144,930.5887781992637,DJF,SAt
43,19990010,intensification,29.0,16.134938855460337,1684.487616510059,4.604360000000001,0.5848717241379309,5316.386518650662,DJF,SAt
44,19990010,mature,15.0,17.151500372379086,926.1810201084706,4.347381875,-1.9102720000000004,6248.924970079361,DJF,SAt
45,19990011,decay,70.0,3.9980610153965204,1007.5113758799231,2.003735,-0.07662857142857138,543.0565245273649,DJF,WEDDELL
46,19990011,decay 2,4.0,11.842239290250443,170.5282457796064,1.381024,-0.20231999999999983,158.71475410077554,DJF,WEDDELL
47,19990011,incipient,25.0,2.6596479724212863,239.36831751791576,1.3762636000000001,-0.5404128000000001,366.81762091215637,DJF,WEDDELL
48,19990011,intensification,29.0,7.6561986608817,799.3071401960495,1.3334637931034483,0.2464965517241379,468.42252196114015,DJF,WEDDELL
49,19990011,mature,16.0,11.703144846882854,674.1011431804524,1.602468125,0.674445,355.2810863330734,DJF,WEDDELL
50,19990012,decay,46.0,13.095171543196424,2168.560407553328,5.2977036956521735,-2.168118260869565,1785.130069903747,DJF,ARG
51,19990012,incipient,9.0,19.215722079257823,622.5893953679536,3.344927777777778,-0.7690133333333335,557.6518873394859,DJF,ARG
52,19990012,intensification,13.0,11.174785247125048,522.9799495654522,7.682498571428572,3.7990707692307675,289.6967555251797,DJF,ARG
53,19990012,mature,9.0,7.302571094554709,236.60330346357262,8.146316666666667,-2.5987999999999993,206.67511534346875,DJF,ARG
54,19990013,decay,31.0,7.288966201293754,813.448628064383,1.4832284375,-0.5721290322580646,573.8211111872909,DJF,SAt
55,19990014,decay,49.0,9.541196398834007,1683.0670447543189,5.1064864,1.0912751020408165,2535.408846044244,DJF,SE-BR
56,19990014,incipient,25.0,8.74619512971627,787.1575616744643,5.8029732,0.45630719999999997,1629.6676641625538,DJF,SE-BR
57,19990014,intensification,53.0,9.40213018390802,1793.92643908965,5.909541132075472,-0.763643773584906,2194.5806669058948,DJF,SE-BR
58,19990014,mature,8.0,6.561414653549266,188.96874202221886,6.08885,0.07905000000000229,1985.1023492699217,DJF,SE-BR
59,19990015,decay,22.0,21.10344617851972,1671.3929373387618,2.3706465217391304,2.9775490909090907,1474.8324297885813,DJF,SAt
60,19990015,incipient,14.0,19.034875893753572,959.3577450451801,5.108575714285714,3.8166171428571434,886.2918042243253,DJF,SAt
61,19990015,intensification,14.0,16.88393293283811,850.9502198150407,5.263641428571428,-3.3062742857142853,792.6807251492997,DJF,SAt
62,19990016,decay,24.0,15.6079924405784,1348.5305468659737,6.186541999999999,-0.3417199999999996,2483.0470652367812,DJF,SAt
63,19990016,incipient,25.0,12.079988474070515,1087.1989626663462,4.0311632,-0.6613536000000003,3137.8239606403936,DJF,SAt
64,19990016,intensification,16.0,14.16433634077696,815.8657732287528,4.89313,1.9533300000000007,3061.9203377809454,DJF,SAt
65,19990016,mature,7.0,15.321923742468014,386.112478310194,5.867001428571428,1.443017142857141,1653.844695478862,DJF,SAt
66,19990017,decay,46.0,10.460857008719072,1732.3179206438783,6.875033695652174,-0.22840173913043454,3538.789962162475,DJF,SAt
67,19990017,incipient,24.0,15.543969136985943,1342.9989334355855,6.2543928,1.3111000000000006,3478.518338412334,DJF,SAt
68,19990017,intensification,53.0,15.509671434806972,2959.24530976117,7.147399811320755,-0.3536241509433963,3482.174838394298,DJF,SAt
69,19990017,mature,19.0,11.076946495109372,757.663140265481,6.936558421052632,-0.6918189473684224,3185.098883802989,DJF,SAt
70,19990018,decay,24.0,7.435965233751403,642.4673961961212,2.5628704166666667,-0.2536400000000003,582.2917282357738,DJF,SAt
71,19990018,incipient,2.0,2.0328621889279646,14.636607760281343,2.0641,0.5896799999999995,12.60472937470817,DJF,SAt
72,19990018,intensification,15.0,3.629870511502457,196.01300762113266,2.51413,0.9369120000000002,168.33177756870086,DJF,SAt
73,19990018,mature,6.0,3.326299501485033,71.84806923207671,2.624425,-0.45716,64.33782561028659,DJF,SAt
74,19990019,decay,54.0,18.66742344419452,3628.947117551415,7.429497777777778,0.6028399999999999,5239.780804957375,DJF,SAt
75,19990019,decay 2,1.0,20.79475229516597,74.8611082625975,2.46581,-2.338800000000006,0.0,DJF,SAt
76,19990019,incipient,11.0,16.29208889588695,645.1667202771231,3.4595754545454542,1.7220218181818183,576.3771775882979,DJF,SAt
77,19990019,intensification,43.0,21.265197969795704,3291.852645724375,5.3737225,0.8735274418604654,5585.019380464048,DJF,SAt
78,19990019,intensification 2,41.0,9.67507349045704,1428.040847191459,7.840775853658537,-3.2283687804878043,1349.5918292064532,DJF,SAt
79,19990019,mature,19.0,28.281456187512283,1934.45160322584,5.2034047368421055,5.443250526315788,5030.107577448912,DJF,SAt
80,19990019,mature 2,15.0,6.968467413257818,376.2972403159222,3.5429726666666665,-3.2202559999999996,352.7774485243231,DJF,SAt
81,19990020,decay,45.0,15.284010918544745,2476.0097688042483,5.232070666666666,-1.886576,5086.974686024185,DJF,ARG
82,19990020,incipient,11.0,18.789515471119476,744.0648126563312,6.00575,4.231156363636364,679.0282080236357,DJF,ARG
83,19990020,intensification,38.0,13.499795322580265,1846.7720001289804,8.188979743589742,0.04920631578947378,4230.1570852366185,DJF,ARG
84,19990020,mature,19.0,13.237436039921493,905.4406251306301,6.220375263157894,1.5146021052631575,4473.974315882417,DJF,ARG
85,19990021,decay,24.0,18.3760583222878,1587.691439045666,3.8094637500000004,-0.23579000000000017,1511.4405827351293,DJF,SAt
86,19990021,incipient,11.0,20.465806603147193,810.4459414846287,3.3269900000000003,-1.6832945454545458,754.5137692604396,DJF,SAt
87,19990021,intensification,32.0,11.887648086927298,1369.4570596140247,3.14301,-0.4948199999999999,1196.762426694671,DJF,SAt
88,19990021,mature,6.0,22.561521089444355,487.3288555319981,3.9068742857142857,0.5825600000000009,2043.6225533011395,DJF,SAt
89,19990022,incipient,11.0,8.468771138277974,335.36333707580775,2.335542727272727,-0.0019854545454539877,314.29342355553615,DJF,SAt
90,19990022,intensification,12.0,10.202655597203092,440.7547217991736,2.3708233333333335,0.1810999999999998,392.88809598839623,DJF,SAt
91,19990022,mature,0.0,,0.0,2.31688,,0.0,DJF,SAt
92,19990023,decay,30.0,4.915729254438973,530.898759479409,4.384977,-0.22452800000000012,489.3475961275579,DJF,ARG
93,19990023,decay 2,20.0,16.953951864382848,1220.6845342355648,4.595078,-0.816696,1153.2814537885747,DJF,ARG
94,19990023,incipient,20.0,14.435078427691048,1039.3256467937554,3.6427185714285715,-1.4906160000000004,4763.991178680937,DJF,ARG
95,19990023,intensification,64.0,7.529228478595808,1734.7342414684742,3.63978140625,0.1380262499999998,5578.558343555009,DJF,ARG
96,19990023,intensification 2,41.0,11.117680349467271,1640.9696195813692,4.47919487804878,0.5297970731707319,1473.2358238821648,DJF,ARG
97,19990023,mature,12.0,4.2618432245371105,184.11162730000314,4.9088191666666665,-0.39931999999999945,166.06949577444666,DJF,ARG
98,19990023,mature 2,15.0,13.932285827087377,752.3434346627183,5.252582,-0.7682559999999995,707.4427764722591,DJF,ARG
99,19990024,decay,30.0,12.881374926786686,1391.188492092962,8.098081666666667,-0.5665840000000003,1107.1649472452802,DJF,AT-PEN
100,19990024,decay 2,14.0,6.646463355047272,334.98175309438255,3.262327142857143,-3.203417142857142,302.9552783846908,DJF,AT-PEN
101,19990024,intensification,33.0,18.552927447025027,2204.087780706573,5.089140882352941,4.2473600000000005,2077.973596946549,DJF,AT-PEN
102,19990024,intensification 2,41.0,6.177293748455536,911.7685572720372,7.230869268292683,-1.5970185365853662,811.8341372179698,DJF,AT-PEN
103,19990024,mature,12.0,14.471140031790318,625.1532493733417,8.616650833333333,0.9584600000000023,559.3669523976689,DJF,AT-PEN
104,19990024,mature 2,15.0,5.513865777788101,297.74875200055743,4.703875999999999,-1.5583680000000002,254.85295052155547,DJF,AT-PEN
105,19990025,intensification,31.0,14.743351434575455,1645.3580200986207,1.552598125,0.440996129032258,433.93002338386754,DJF,SAt
106,19990025,mature,2.0,50.782312229853844,365.63264805494765,2.094465,0.5079600000000024,166.4394365307447,DJF,SAt
107,19990026,decay,30.0,3.6827823467618694,397.7404934502819,3.1726033333333334,-0.9163680000000003,342.5638409294133,DJF,SAt
108,19990026,intensification,25.0,5.413081143198562,487.1773028878706,3.0651723076923076,0.918768,437.93964752913786,DJF,SAt
109,19990026,intensification 2,16.0,2.939854511728335,169.33561987555208,2.3011875,-0.8590799999999998,115.28878897893927,DJF,SAt
110,19990026,mature,12.0,5.533714360302668,239.0564603650753,3.332568333333333,1.27264,206.66245702874238,DJF,SAt
111,19990027,decay,30.0,26.232821339221932,2833.1447046359685,6.238651666666667,2.6281280000000007,2510.8600819946364,DJF,SE-SAO
112,19990027,decay 2,12.0,3.9623684480294084,171.17431695487045,5.375356666666666,-4.593540000000001,77.83348407797929,DJF,SE-SAO
113,19990027,intensification,20.0,23.13705729120992,1665.8681249671145,3.1708728571428573,0.4154159999999999,1661.094898411623,DJF,SE-SAO
114,19990027,intensification 2,41.0,12.64238237041539,1866.0156378733116,8.467484146341464,0.17415219512195065,1738.462885247757,DJF,SE-SAO
115,19990027,mature,12.0,31.23953565741577,1349.5479404003613,3.8992649999999998,2.3388999999999998,1252.253072800117,DJF,SE-SAO
116,19990027,mature 2,15.0,5.363918304374822,289.6515884362404,7.45863,-2.2175679999999987,277.4573665890141,DJF,SE-SAO
117,19990028,decay,22.0,25.356453492308468,2008.2311165908304,2.7363313636363635,0.9024654545454549,1920.5397413571243,DJF,SAt
118,19990028,intensification,13.0,19.159749279423405,896.6762662770153,1.9471857142857143,0.6470769230769228,771.0628168828388,DJF,SAt
119,19990028,mature,12.0,31.292321038683976,1351.8282688711477,2.1751733333333334,1.00326,1221.645021989356,DJF,SAt
120,19990029,decay,10.0,5.095970044842959,183.45492161434655,1.577051,-0.06458399999999999,139.6491136751237,DJF,SAt
121,19990029,intensification,13.0,5.804527981823039,271.65190954931825,1.3255264285714285,1.0209230769230773,192.86026865843118,DJF,SAt
122,19990029,mature,12.0,7.807779538684962,337.29607607119044,1.404475,-0.11780000000000035,267.5831891320585,DJF,SAt
123,19990030,decay,184.0,14.788018861748338,9795.5836940221,5.278918097826087,0.17047695652173914,5698.678922853114,DJF,SE-SAO
124,19990030,decay 2,20.0,25.967758264709477,1869.6785950590825,6.253812,0.5894999999999999,1744.7242246941726,DJF,SE-SAO
125,19990030,incipient,10.0,24.066191235775264,866.3828844879095,6.885917999999999,1.1940000000000013,731.7408366479882,DJF,SE-SAO
126,19990030,intensification,53.0,15.102684165022179,2881.592138686232,5.4839150000000005,-0.11997735849056614,7673.339292301016,DJF,SE-SAO
127,19990030,intensification 2,41.0,16.154885537113383,2384.4611052779355,6.610656097560976,-2.1378321951219514,2302.7426476721766,DJF,SE-SAO
128,19990030,mature,32.0,10.083962851815976,1161.6725205292005,5.2314371875,1.4042175000000001,6558.158656964924,DJF,SE-SAO
129,19990030,mature 2,15.0,28.92179044277899,1561.7766839100652,5.290054666666666,1.949248,1450.5763840638303,DJF,SE-SAO
130,19990030,residual,20.0,11.860748802210297,853.9739137591414,4.534564,-2.69286,546.481507184195,DJF,SE-SAO
131,19990031,decay,20.0,10.349509109574042,745.164655889331,1.7333925000000001,0.184164,187.79773645571623,DJF,SA-NAM
132,19990031,intensification,5.0,23.988492360988275,431.7928624977889,1.87176,2.0969759999999993,397.1389709230996,DJF,SA-NAM
133,19990031,mature,12.0,11.555232308087753,499.18603570939086,2.0374908333333335,-1.0083599999999997,286.29458834159203,DJF,SA-NAM
134,19990032,decay,30.0,12.138757399347842,1310.985799129567,2.292886,0.5430080000000002,251.3167589668521,DJF,SAt
135,19990032,intensification 2,41.0,6.606503498482803,975.1199163760616,2.6661987804878047,0.6468058536585364,328.9029115674946,DJF,SAt
136,19990032,mature,1.0,5.949713659353361,21.4189691736721,1.49776,0.2356799999999985,21.3404260329945,DJF,SAt
137,19990032,mature 2,11.0,5.717240142716357,226.40270965156773,3.082452727272727,-0.10688727272727244,110.3525399719763,DJF,SAt
138,19990033,decay,22.0,10.252481295444632,811.9965185992149,2.413268260869565,1.8809236363636366,638.8994218222447,DJF,ARG
139,19990033,decay 2,5.0,9.771583309592085,175.8884995726575,3.0555320000000004,-2.6906400000000006,152.20387809684883,DJF,ARG
140,19990033,intensification 2,41.0,8.637495346564304,1274.8943131528913,4.250784634146342,0.6399102439024389,1128.688199496111,DJF,ARG
141,19990033,mature 2,15.0,7.6025653658728976,410.5385297571365,4.025247333333334,-1.9425759999999996,380.64667401567846,DJF,ARG
142,19990034,decay,3.0,9.173868883961587,99.07778394678513,1.2009525,2.1488000000000014,98.63799183115962,DJF,SAt
143,19990034,decay 2,11.0,11.66924544772233,462.1021197298043,1.3302145454545455,0.741250909090909,287.0175624134205,DJF,SAt
144,19990034,intensification 2,41.0,8.565635361518908,1264.2877793601908,1.3478090243902439,-0.04644878048780489,717.4316021561132,DJF,SAt
145,19990034,mature 2,15.0,9.862633858047705,532.5822283345761,1.3894773333333332,-0.005311999999999954,324.8733388487854,DJF,SAt
146,19990035,decay 2,2.0,21.60054805362478,155.52394598609845,1.520025,-2.986439999999999,77.85640814581828,DJF,SAt
147,19990035,intensification 2,30.0,8.623189499797045,931.3044659780809,1.662619677419355,-0.19175199999999998,605.700972513342,DJF,SAt
148,19990035,mature 2,15.0,15.994557719069029,863.7061168297275,1.3611233333333332,0.7836479999999998,85.42394708785768,DJF,SAt
149,19990036,decay 2,20.0,2.972636650974459,214.02983887016103,4.634828000000001,-2.263296000000001,165.7108849786022,DJF,AT-PEN
150,19990036,incipient,9.0,5.838305812349179,189.1611083201134,3.391301111111111,-1.0931733333333327,133.3144692016185,DJF,AT-PEN
151,19990036,intensification 2,18.0,13.41491783434792,869.2866756657452,4.813766842105263,3.304173333333333,853.3413533448917,DJF,AT-PEN
152,19990036,mature 2,15.0,3.8845253960240966,209.76437138530122,5.794129333333333,-0.3653119999999987,93.3712609450013,DJF,AT-PEN
153,19990037,decay,37.0,10.641578514291279,1417.4582581035984,4.1648591891891895,-2.741558918918919,1367.3370201204575,DJF,SE-SAO
154,19990037,decay 2,20.0,13.16083366223899,947.5800236812072,6.978467500000001,-0.09287999999999992,870.4946870553065,DJF,SE-SAO
155,19990037,incipient,10.0,3.2023593011359957,115.28493484089584,6.820761,-0.09998400000000061,60.26609710895744,DJF,SE-SAO
156,19990037,intensification,47.0,10.634108798345288,1799.2912086800225,6.734335319148936,-0.5577855319148934,1458.5141381142157,DJF,SE-SAO
157,19990037,intensification 2,10.0,23.035056859625225,829.2620469465081,2.5665909090909094,6.019368000000001,702.5510953368833,DJF,SE-SAO
158,19990037,mature,18.0,8.525244824659516,552.4358646379366,5.9120944444444445,0.10105333333333283,480.3991203691966,DJF,SE-SAO
159,19990037,mature 2,15.0,21.168255673248645,1143.0858063554267,5.669352666666667,4.511824,1051.5544210265145,DJF,SE-SAO
160,19990038,decay,24.0,14.68179578984784,1268.5071562428534,2.1942679166666665,-0.020970000000000138,1119.9673096719014,DJF,SAt
161,19990038,decay 2,20.0,12.385282143600897,891.7403143392646,4.2213855,-0.5852039999999995,824.7558264085176,DJF,SAt
162,19990038,incipient,10.0,7.749186726800704,278.9707221648253,3.991868,-0.2847840000000005,240.86442560416697,DJF,SAt
163,19990038,intensification,47.0,8.901714049173012,1506.1700171200737,2.929455106382979,-0.9584782978723404,1079.3897933146645,DJF,SAt
164,19990038,intensification 2,5.0,34.59718611356936,622.7493500442483,2.7736300000000003,3.592991999999999,619.0990302314588,DJF,SAt
165,19990038,mature,18.0,11.396295345936787,738.4799384167038,2.1895155555555554,0.2755733333333333,526.6544478766358,DJF,SAt
166,19990038,mature 2,15.0,17.609010236049073,950.8865527466501,3.9964613333333334,1.705936,853.6923763791432,DJF,SAt
167,19990039,decay,92.0,7.092605528874454,2349.0709511632194,2.504111847826087,-0.16629130434782602,126.22331740162127,DJF,SAt
168,19990039,decay 2,20.0,5.375738533109297,387.05317438386936,2.1741029999999997,0.8786040000000004,338.30587271456943,DJF,SAt
169,19990039,incipient,10.0,11.459607928972193,412.54588544299895,2.478297,0.06052800000000004,311.987319628139,DJF,SAt
170,19990039,intensification,47.0,7.931084603573865,1341.939514924698,2.4434778723404253,-0.3226008510638298,631.4241657272781,DJF,SAt
171,19990039,mature,18.0,5.687329427240584,368.53894688518983,2.180153888888889,0.3043333333333331,111.82611512623943,DJF,SAt
172,19990039,mature 2,14.0,1.7306699220399617,87.22576407081408,1.6269873333333333,0.9921085714285713,54.623910527962735,DJF,SAt
173,19990040,decay 2,20.0,25.20843621067284,1815.0074071684446,2.699243,-0.13507199999999972,1641.6782229754263,DJF,SAt
174,19990040,mature 2,4.0,32.00879026249773,460.92657977996737,2.6950499999999997,3.1638599999999997,461.93629798880386,DJF,SAt
175,19990041,decay,15.0,7.464503097161715,403.08316724673267,3.0403313333333335,-4.068256,319.60929757371366,DJF,SAt
176,19990041,decay 2,20.0,14.351611141625444,1033.3160021970318,2.924883,1.4119920000000001,889.0849870886935,DJF,SAt
177,19990041,incipient,10.0,13.774276578981063,495.8739568433183,3.978224,2.159376,406.609983947563,DJF,SAt
178,19990041,intensification,47.0,17.55038597837389,2969.5253075408623,5.66240085106383,0.27944680851063836,2890.6140052645146,DJF,SAt
179,19990041,mature,18.0,15.440218580152056,1000.5261639938532,4.9410944444444445,-0.47777333333333377,933.2085996026153,DJF,SAt
180,19990041,mature 2,0.0,,0.0,2.30336,,0.0,DJF,SAt
181,19990042,decay 2,20.0,7.921558646333155,570.3522225359872,2.1897805,0.8837279999999998,487.8202399462932,DJF,SAt
182,19990042,incipient,5.0,8.308928537063865,149.56071366714957,1.707226,-3.322943999999999,112.49572752539186,DJF,SAt
183,19990042,mature 2,0.0,,0.0,1.32989,,0.0,DJF,SAt
184,19990043,decay 2,14.0,12.760019945867233,643.1050052717087,3.4461293333333334,1.7392285714285711,598.0508298443315,DJF,SE-BR
185,19990043,incipient,10.0,18.62508898211337,670.5032033560813,3.9971389999999998,1.2429840000000012,593.3047832207196,DJF,SE-BR
186,19990043,intensification,11.0,12.276764733823159,486.15988345939707,4.797560909090909,0.9757309090909074,442.9959942425808,DJF,SE-BR
187,19990044,decay,56.0,14.464976966900016,2916.139356527043,8.015077678571428,0.1273028571428571,2602.075780043292,DJF,SAt
188,19990044,decay 2,13.0,16.38303046289168,766.7258256633306,1.6300478571428572,2.263864615384615,505.10599315284315,DJF,SAt
189,19990044,incipient,10.0,21.87513691939967,787.5049290983881,2.902475,2.315184000000001,571.0455839934858,DJF,SAt
190,19990044,intensification,47.0,14.616055847302908,2473.0366493636525,4.431431914893617,0.4995370212765956,2390.8813703811156,DJF,SAt
191,19990044,mature,18.0,17.99287122856559,1165.9380556110505,4.485567777777778,1.3595199999999998,1102.895240560768,DJF,SAt
192,19990045,decay,1.0,9.509670391858506,34.23481341069062,4.08948,-5.634960000000007,0.0,DJF,SAt
193,19990045,decay 2,11.0,22.568357539052542,893.7069585464806,4.312153333333334,-0.18370909090909102,888.7402590276686,DJF,SAt
194,19990045,incipient,10.0,9.089194414918888,327.2109989370799,4.169929,0.2347920000000002,263.41864139621464,DJF,SAt
195,19990045,intensification,47.0,21.680018245114642,3668.259087073397,5.404888723404255,0.4901055319148936,3455.7434114208877,DJF,SAt
196,19990045,mature,18.0,17.44100354530333,1130.1770297356557,5.102440555555556,-1.320893333333333,1040.4138514906645,DJF,SAt
197,19990046,decay,230.0,13.71164619341623,11353.243048148639,3.999465739130435,-0.2458121739130435,10902.589172549426,DJF,SAt
198,19990046,decay 2,11.0,2.803280952866537,111.00992573351485,4.2375575,-0.6625309090909087,100.86533421003884,DJF,SAt
199,19990046,incipient,10.0,4.312962546173903,155.2666516622605,4.255815,0.3237359999999988,122.63811127973285,DJF,SAt
200,19990046,intensification,67.0,5.67454034442903,1368.6991310762821,5.9303729850746265,-0.01261611940298531,8345.521478326242,DJF,SAt
201,19990046,mature,32.0,9.027228698096064,1039.9367460206665,5.7565746875,-0.8701724999999992,8750.35326350612,DJF,SAt
202,19990046,residual,20.0,24.478180469532955,1762.4289938063728,2.8559895,0.4804919999999999,1701.0368454936765,DJF,SAt
203,19990047,decay 2,0.0,,0.0,1.27941,,0.0,DJF,SA-NAM
204,19990047,incipient,10.0,30.37283937448155,1093.4222174813358,2.039102,2.0316000000000005,866.2316174202114,DJF,SA-NAM
205,19990047,intensification,18.0,13.753587934423548,891.2324981506459,1.7866216666666668,-1.2662800000000003,471.228164901604,DJF,SA-NAM
206,19990048,decay,65.0,7.994179067055821,1870.6379016910623,3.3742616923076922,-1.8219027692307692,1469.9737495489167,DJF,ARG
207,19990048,incipient,9.0,24.840394209749387,804.8287723958802,3.5477980000000002,2.7368,790.5184598698798,DJF,ARG
208,19990048,intensification,47.0,15.393168700964601,2604.5241442032107,5.097010212765958,0.7116459574468083,2049.7578252343997,DJF,ARG
209,19990048,mature,18.0,8.837432018617024,572.6655948063832,6.0950588888888895,0.8095200000000004,532.4964900664999,DJF,ARG
210,19990049,incipient,3.0,9.637062429164986,104.08027423498186,1.2439525,0.9868799999999993,102.12435459477035,DJF,ARG
211,19990049,intensification,47.0,18.754805019552332,3173.3130093082545,1.6577170212765957,0.6765191489361702,1255.296650358179,DJF,ARG
212,19990049,mature,9.0,21.98562355160304,712.3342030719384,2.836228888888889,0.8934666666666663,515.7085589819576,DJF,ARG
213,19990050,decay,25.0,13.755050417798634,1237.954537601877,6.572354000000001,-4.5836255999999995,930.9650098104412,DJF,SAt
214,19990050,intensification,35.0,18.283380761223437,2303.705975914153,7.07378,3.773026285714286,2044.0639622606343,DJF,SAt
215,19990050,mature,18.0,11.475423145598782,743.6074198348011,10.606939444444444,-1.0062800000000014,690.814340448575,DJF,SAt
216,19990051,decay,19.0,7.230315487860887,494.5535793696847,1.8127684210526316,-0.2900715789473685,303.98849207665495,DJF,SAt
217,19990051,intensification,32.0,5.75684194171567,663.1881916856453,2.490758181818182,-0.3825599999999999,483.93706950121725,DJF,SAt
218,19990051,mature,18.0,5.892380053768748,381.8262274842149,2.0454783333333335,-0.3852666666666667,268.9099546346707,DJF,SAt
219,19990052,decay,11.0,7.860821899849012,311.2885472340209,2.6328881818181817,-0.38637818181818223,284.3884385363735,DJF,SAt
220,19990052,intensification,25.0,4.07578632107951,366.8207688971559,2.7607503846153847,0.3479423999999999,83.40409243391262,DJF,SAt
221,19990052,mature,18.0,8.219103521156674,532.5979081709525,2.679177222222222,-0.3193333333333334,492.7805016308654,DJF,SAt
222,19990053,decay,181.0,11.810225400393755,7695.542870896571,5.766486795580111,0.2703036464088399,6745.878831442058,DJF,SAt
223,19990053,intensification,5.0,18.472676655484356,332.5081797987184,1.532008,-5.168112000000001,286.97743940617465,DJF,SAt
224,19990053,mature,14.0,13.292268906590708,669.9303528921718,1.932942,0.6283714285714277,5838.267618857181,DJF,SAt
225,19990053,residual,20.0,13.04856536357111,939.4967061771197,6.572048499999999,-1.6939920000000004,848.8108657964532,DJF,SAt
226,19990054,decay,119.0,10.86542219795611,4654.746869604398,6.186356974789915,-0.20821915966386556,2289.074986843288,DJF,SAt
227,19990054,mature,6.0,25.23538370297609,545.0842879842835,4.361972857142858,6.8262,305.15826278779684,DJF,SAt
228,19990054,residual,17.0,6.266054117854348,383.48251201268613,3.7465570588235297,-1.1705505882352938,340.6712296069627,DJF,SAt
229,19990055,decay,102.0,13.747764110074346,5048.1789812193,2.525832718446602,0.04824941176470589,4500.824127326402,DJF,SE-BR
230,19990056,decay,34.0,17.623868020755094,2157.1614457404235,1.3988614285714285,0.047216470588235325,2101.9790395153527,DJF,ARG
231,19990057,decay,115.0,14.328186338653092,5931.86914420238,2.741841034482759,-0.25665600000000005,5270.187145411149,DJF,SAt
232,19990057,mature,2.0,6.999297150785253,50.39493948565382,2.33601,1.4714400000000047,28.207358079445843,DJF,SAt
233,19990057,residual,20.0,8.469156237231868,609.7792490806946,2.811373,-0.8561040000000002,495.34577077447847,DJF,SAt
234,19990058,decay,94.0,18.843087489138618,6376.500806324509,4.7017629473684215,0.84612,5523.0259713353,DJF,SAt
235,19990058,mature,2.0,4.415401122191941,31.79088807978198,4.364115,-0.39191999999999894,10.695199282290071,DJF,SAt
236,19990058,residual,20.0,22.458519363304976,1617.0133941579581,4.644374,-1.308612,1501.0632052677934,DJF,SAt
237,19990059,decay,139.0,13.191578057275489,6601.065659860655,4.541872142857144,0.2775694964028777,4118.868531104195,DJF,SAt
238,19990059,mature,2.0,11.487443207986285,82.70959109750126,7.4130199999999995,0.3585600000000042,40.30811937767313,DJF,SAt
239,19990059,residual,20.0,14.886481180599286,1071.8266450031485,7.719871,-0.15871200000000057,1000.6555154275547,DJF,SAt
240,19990060,decay,39.0,11.792317394326393,1655.6413621634256,2.1202492499999996,0.20475076923076907,1304.4001149356734,DJF,SAt
241,19990061,decay,43.0,10.532729270846643,1630.4664911270602,5.118280681818182,-1.284837209302326,1015.377219026883,DJF,SAt
242,19990062,decay,51.0,5.885314683048255,1080.5437758076596,1.746806153846154,-0.11951529411764697,981.92946358676,DJF,SAt
243,19990063,decay,61.0,13.359861211926948,2933.825522139158,2.3556462903225808,-0.33610229508196715,1235.820480204956,DJF,SA-NAM
244,19990064,decay,104.0,18.15760770171987,6798.208323523919,2.6510474285714287,-0.1326646153846154,6288.200318496939,DJF,SAt
245,19990064,mature,2.0,17.59217627024465,126.66366914576147,3.4442399999999997,-2.811119999999999,66.51030570665914,DJF,SAt
246,19990064,residual,20.0,15.378324243808867,1107.2393455542385,3.887624,0.20888399999999993,999.0160946695604,DJF,SAt
247,19990065,decay,31.0,18.27900832148662,2039.937328677907,1.7602478125,-0.006518709677419227,1992.4239176814306,DJF,SAt
248,19990066,decay,47.0,5.909444860534128,999.8780704023745,1.6387841666666667,0.028125957446808406,611.8929191437871,DJF,WEDDELL
249,19990066,residual,1.0,4.053683117947656,14.59325922461156,1.13077,-0.8047199999999961,0.0,DJF,WEDDELL
250,19990067,decay,37.0,7.164037910517285,954.2498496809025,1.684862894736842,0.3665708108108108,628.7663035379206,DJF,SAt
251,19990067,mature,2.0,27.42426158372401,197.45468340281286,1.75205,-2.3379600000000007,116.21738639952989,DJF,SAt
252,19990067,residual,20.0,14.318202291530975,1030.9105649902301,2.194984,-0.20881199999999972,626.533668049233,DJF,SAt
253,19990068,decay,149.0,15.139586489826044,8120.87419314269,5.018991466666666,-0.24177181208053716,7997.964989575841,DJF,SE-SAO
254,19990068,intensification,20.0,18.699509365290616,1346.3646743009242,6.8472555,1.2253320000000003,1214.4204172977354,DJF,SE-SAO
255,19990068,mature,14.0,9.427518263156461,475.14692046308573,7.525602142857143,0.960325714285715,4982.96264705461,DJF,SE-SAO
256,19990068,residual,20.0,26.4176114578534,1902.0680249654447,3.5317925000000003,1.4108640000000006,1767.022616869774,DJF,SE-SAO
257,19990069,decay,81.0,16.432444752765857,4791.700889906524,4.492861097560976,0.1412622222222221,5082.966269922324,DJF,ARG
258,19990069,mature,2.0,15.074368080402596,108.53545017889871,6.3750800000000005,2.2317599999999977,54.00744467551215,DJF,ARG
259,19990069,residual,20.0,14.145089923088765,1018.4464744623912,4.678262,3.2126520000000007,904.3041801641615,DJF,ARG
260,19990070,decay,19.0,11.626886522278678,795.2790381238616,3.011406,1.314757894736842,251.14108693369425,DJF,LA-PLATA
261,19990070,residual,20.0,14.11821247012728,1016.5112978491642,2.666124,-1.8460439999999998,802.0427045851089,DJF,LA-PLATA
262,19990071,decay,141.0,12.791432443174605,6492.93110815543,8.072328450704225,-0.8169821276595747,8465.283114995744,DJF,SAt
263,19990071,decay 2,19.0,10.688271731364328,731.07778642532,2.8881805263157894,-2.589726315789474,414.7324591723416,DJF,SAt
264,19990071,intensification,32.0,18.569220314192442,2139.1741801949693,5.9978975,-0.18168749999999959,6842.854988871143,DJF,SAt
265,19990071,mature,20.0,16.853732647318672,1213.4687506069447,6.3988575,0.7251120000000005,8847.1932410431,DJF,SAt
266,19990071,residual,20.0,8.335429269895945,600.150907432508,7.017610500000001,1.6615320000000005,534.2793204067269,DJF,SAt
267,19990072,decay,66.0,9.620767131804447,2285.8942705167365,4.129982388059702,-0.21990909090909083,2130.6630202661618,DJF,LA-PLATA
268,19990072,intensification,20.0,5.6604759433468,407.55426792096955,2.9324615,-1.5075359999999998,41.32346613198548,DJF,LA-PLATA
269,19990072,mature,2.0,7.966175969488589,57.35646698031785,5.17369,0.37043999999999144,24.91193965322404,DJF,LA-PLATA
270,19990072,residual,20.0,10.779033481716002,776.0904106835522,4.5357855,3.1010400000000002,696.7450157355463,DJF,LA-PLATA
271,19990073,decay,17.0,17.72486754117914,1084.7618935201633,3.087791111111111,1.8799905882352939,1692.2065223569045,DJF,SE-SAO
272,19990073,mature,2.0,10.435513942588738,75.13570038663892,2.78659,3.099719999999998,33.72808262228254,DJF,SE-SAO
273,19990073,residual,20.0,9.888703535628437,711.9866545652475,2.232328,0.5034000000000003,663.727170550084,DJF,SE-SAO
274,19990074,decay,24.0,9.005595775304487,778.0834749863077,1.8924683333333334,-0.20191999999999988,692.654297365391,DJF,SAt
275,19990074,mature,2.0,9.540036100206592,68.68825992148747,1.976635,0.2006399999999981,29.437832283354215,DJF,SAt
276,19990074,residual,9.0,9.11123780074116,295.2041047440136,1.9788070000000002,-0.03533333333333327,287.2646532722345,DJF,SAt
277,19990075,decay,44.0,8.791819877936431,1392.6242686651308,2.5198755555555556,-0.9456327272727272,784.2079118679741,DJF,AT-PEN
278,19990076,decay,74.0,21.256952896408155,5662.852251603133,3.9844025333333337,-0.052534054054054,6115.801340699205,DJF,SAt
279,19990076,intensification,20.0,17.455729804701335,1256.812545938496,5.1317105,-0.5544959999999992,1160.4645252161592,DJF,SAt
280,19990076,mature,12.0,13.639118709741096,589.2099282608153,4.5023116666666665,-1.2443000000000008,535.1338171258387,DJF,SAt
281,19990077,decay,21.0,11.934222530972301,902.2272233415059,2.5833886363636362,1.7812342857142862,1777.830242931159,DJF,ARG
282,19990077,intensification,20.0,13.301161840647055,957.6836525265879,2.752469,-0.11954400000000025,893.5341413642868,DJF,ARG
283,19990077,mature,12.0,18.4713853133432,797.9638455364262,3.2999283333333334,0.2268600000000002,743.1431593568178,DJF,ARG
284,19990078,decay,19.0,16.04268667309705,1097.3197684398383,3.8153485,-1.9616210526315787,1000.516530149056,DJF,SE-SAO
285,19990078,intensification,20.0,17.91439630874474,1289.8365342296213,2.0717725000000002,-2.2904400000000003,1200.2043788989924,DJF,SE-SAO
286,19990078,mature,1.0,8.693743649925365,31.297477139731317,1.06332,-2.568719999999999,0.0,DJF,SE-SAO
287,19990079,decay,17.0,17.658865408087838,1080.7225629749755,2.4478944444444446,1.555651764705882,1074.8295071136745,DJF,SAt
288,19990079,intensification,20.0,17.99705693445224,1295.7880992805613,2.521424,-1.1481719999999995,1213.4829337514957,DJF,SAt
289,19990079,mature,10.0,14.38579992722336,517.888797380041,1.4259359999999999,-1.516272,440.18574788676347,DJF,SAt
290,19990080,decay,33.0,11.4748249702133,1363.2092064613403,1.9230614705882354,-0.43759999999999993,1019.4448888047269,DJF,SE-BR
291,19990080,intensification,20.0,6.80081120573662,489.65840681303666,2.06236,0.7252679999999997,275.76942215818616,DJF,SE-BR
292,19990080,mature,12.0,11.857242870047392,512.2328919860472,2.483118333333333,0.7857000000000003,246.73450834541796,DJF,SE-BR
293,19990081,decay,60.0,5.894659183043491,1273.2463835373944,5.545125409836066,-2.171464,1612.562572483206,DJF,SE-SAO
294,19990081,intensification,20.0,17.711771938880357,1275.247579599386,7.154743999999999,3.879480000000001,1059.8410238444137,DJF,SE-SAO
295,19990081,mature,12.0,3.8281197279078873,165.37477224562073,8.54775,-0.9434400000000025,135.3780048459616,DJF,SE-SAO
296,19990082,decay,1.0,33.83555897119093,121.80801229628732,2.41387,2.247360000000004,122.27087793685736,DJF,AT-PEN
297,19990082,intensification,20.0,14.07713236786264,1013.55353048611,2.8388115,0.219144,876.6737479616445,DJF,AT-PEN
298,19990082,mature,8.0,16.373576595928483,471.55900596274034,2.3860699999999997,-1.5312000000000006,310.7176913754162,DJF,AT-PEN
299,19990083,decay,75.0,15.598284969891319,4211.536941870657,6.265034533333333,0.08351040000000012,3764.689779823792,DJF,ARG
300,19990083,intensification,19.0,20.941790828824832,1432.4184926916184,2.579289,1.9698442105263156,5449.170326233134,DJF,ARG
301,19990083,mature,12.0,17.671863143161936,763.4244877845956,3.663149166666667,2.0470800000000002,688.9517684630721,DJF,ARG
302,19990084,decay,83.0,8.579255099125952,2563.481423618835,1.7807561445783133,-0.05585349397590361,924.4034990504488,DJF,SAt
303,19990084,decay 2,19.0,4.521378258473295,309.2622728795734,1.458511052631579,-0.36576000000000003,151.16664745972236,DJF,SAt
304,19990084,intensification,19.0,10.909303303206054,746.196345939294,1.5759525,0.5046568421052633,985.2095313289495,DJF,SAt
305,19990084,mature,20.0,6.927544339407433,498.7831924373351,1.7646985000000002,0.10977600000000001,762.2062974643021,DJF,SAt
306,19990085,decay,16.0,22.41159478811848,1290.9078597956245,1.65926375,0.41530499999999987,1221.4423041409023,DJF,SAt
307,19990085,mature,8.0,10.009954952313182,288.2867026266196,1.603401111111111,0.5004900000000001,281.8829215360743,DJF,SAt
308,19990086,decay,75.0,18.661382466037686,5038.573265830175,5.0013448,0.35552639999999996,4505.25078279595,DJF,AT-PEN
309,19990086,decay 2,19.0,25.48410272365926,1743.1126262982934,3.0645805263157895,-1.1154947368421055,1683.2926298389086,DJF,AT-PEN
310,19990086,intensification,12.0,14.107896825170423,609.4611428473623,3.4966708333333334,-0.12162000000000006,511.31676652453956,DJF,AT-PEN
311,19990086,mature,7.0,14.336651387696465,361.2836149699509,3.00941,0.028800000000001418,5195.1679177314945,DJF,AT-PEN
312,19990087,decay,60.0,10.60460138945959,2290.593900123272,3.8588486885245903,0.008408,1730.0834403779586,DJF,LA-PLATA
313,19990088,decay,76.0,11.056619463280843,3025.0910851536382,3.0611681818181817,0.4796526315789471,2756.167045160039,DJF,SAt
314,19990088,decay 2,19.0,5.850379768257638,400.16597614882244,3.562942105263158,-0.578273684210526,371.38215735042166,DJF,SAt
315,19990088,intensification,12.0,4.891160396371304,211.29812912324033,4.111142500000001,-0.8818799999999989,173.12674804021083,DJF,SAt
316,19990088,mature,8.0,7.975969329382905,229.70791668622766,3.3567225,-1.9651800000000006,577.9873627219965,DJF,SAt
317,19990089,decay,37.0,7.375668795281881,982.4390835315467,2.6796376315789474,-0.10975135135135136,749.3574853859133,DJF,SAt
318,19990090,decay,79.0,9.457917009802326,2689.8315975877817,6.041801250000001,1.7456536708860757,3366.8556664068624,DJF,ARG
319,19990090,decay 2,23.0,16.87678633373564,1397.397908433311,6.848459565217391,-2.0581147826086967,1908.4213074599022,DJF,ARG
320,19990090,intensification,12.0,11.975193087501957,517.3283413800846,8.554193333333332,-0.9139200000000008,476.9988044176116,DJF,ARG
321,19990090,mature,8.0,15.644305397762226,450.55599545555214,7.16865875,-0.7980299999999962,1436.3091670367787,DJF,ARG
322,19990091,decay,68.0,6.7064949918440036,1641.7499740034118,2.7673310144927536,0.4342835294117646,2590.9727277854554,DJF,SAt
323,19990091,decay 2,23.0,12.546983193573718,1038.8902084279039,2.7321126086956524,0.23162086956521763,1894.7556895694347,DJF,SAt
324,19990091,intensification,12.0,9.529686719298638,411.6824662737012,2.6381666666666668,-0.9589799999999995,377.5088983000797,DJF,SAt
325,19990091,mature,8.0,11.053353264407004,318.3365740149217,2.821325,0.6670199999999986,994.7301174455329,DJF,SAt
326,19990092,decay,36.0,5.5199214624259305,715.3818215304005,1.57389,-0.3609466666666667,586.3369558383012,DJF,SAt
327,19990092,decay 2,19.0,7.684101679326921,525.5925548659613,1.2690263157894737,-0.3422905263157895,435.1494472577136,DJF,SAt
328,19990092,intensification,12.0,4.674829823777648,201.95264838719442,1.336375,0.6618399999999998,147.52076835495222,DJF,SAt
329,19990092,mature,4.0,2.564684754974095,36.93146047162697,1.5133699999999999,-0.5620799999999999,28.444927000763638,DJF,SAt
330,19990093,decay,24.0,12.669415049677744,1094.637460292157,1.6525716,0.30317999999999995,959.579366362255,DJF,SA-NAM
331,19990093,intensification,10.0,18.81314645408732,677.2732723471435,1.846451,-0.8223360000000002,480.78596118420046,DJF,SA-NAM
332,19990094,decay,44.0,8.495618549591311,1345.7059782552637,5.932053555555555,-2.3788036363636365,2624.3476961677356,DJF,SAt
333,19990094,decay 2,19.0,10.124087791796843,692.4876049589041,8.283003684210527,2.088328421052631,651.4763607759284,DJF,SAt
334,19990094,intensification,12.0,12.520255783332805,540.8750498399772,5.911295833333334,1.857800000000001,490.5005371023474,DJF,SAt
335,19990094,mature,8.0,10.437608496084412,300.60312468723106,7.839155,1.2467400000000008,940.4545118994176,DJF,SAt
336,19990001,Total,61.0,18.522865604494235,4188.721157603917,6.655411218390805,0.31249142857142914,4013.3900348713096,DJF,SAt
337,19990002,Total,186.0,11.56086072434598,8277.081258268703,4.5109354336035095,0.06885365841614122,6123.200781624122,DJF,SAt
338,19990003,Total,50.0,11.305025433800845,2003.0849396783387,4.579144669950739,-0.7021007881773393,1535.1230926132278,DJF,SAt
339,19990004,Total,36.0,18.32910476131777,1850.4032965201682,2.1816508210180623,-0.1176599999999995,1581.2828147081898,DJF,ARG
340,19990005,Total,32.0,7.406828154867683,985.2439359269445,1.5644226071428573,-0.8959680000000001,581.1003545081194,DJF,SAt
341,19990006,Total,170.0,14.891637477214442,8622.946559613663,4.752046223548922,0.35782344263838495,6862.155217102951,DJF,SE-SAO
342,19990007,Total,111.0,15.48943921001634,5127.719145656285,2.610794771405964,-0.47115460455486546,3566.5206201932015,DJF,SAt
343,19990008,Total,190.0,13.18954861747674,9435.77215212759,4.509832492490118,0.2821122616977226,7137.167284770261,DJF,SAt
344,19990009,Total,136.0,15.843034830919198,7281.941273217191,6.261936604816639,0.2723749830966869,5069.226414667446,DJF,SAt
345,19990010,Total,130.0,19.400382986827157,9096.581774322283,4.195673803571429,-0.04454786469622336,6581.169959239673,DJF,SAt
346,19990011,Total,144.0,7.57185835716656,2890.8162225539472,1.5393909036206896,0.020316036059113297,821.6287046831026,DJF,WEDDELL
347,19990012,Total,77.0,12.6970624910335,3550.733055950306,6.117861677881297,-0.43421520624303256,2908.2766635643397,DJF,ARG
348,19990013,Total,31.0,7.288966201293754,813.448628064383,1.4832284375,-0.5721290322580646,573.8211111872909,DJF,SAt
349,19990014,Total,135.0,8.562734091501891,4453.119787540652,5.7269626830188685,0.21574713211397817,3976.3949840472465,DJF,SE-BR
350,19990015,Total,50.0,19.007418335037134,3481.7009021989825,4.247621221532091,1.1626306493506495,3083.321653230596,DJF,SAt
351,19990016,Total,72.0,14.293560249473472,3637.7077610712668,5.244459157142857,0.5983183857142854,3187.3654059774294,DJF,SAt
352,19990017,Total,142.0,13.14786101890534,6792.225304106115,6.80334618200639,0.009313790639436853,4122.677871134608,DJF,SAt
353,19990018,Total,47.0,4.106249358916714,924.9650808096119,2.4413813541666665,0.20394799999999985,857.607474125614,DJF,SAt
354,19990019,Total,184.0,17.420637099467182,11379.617282548732,5.045108427070077,-0.020826427732819713,6101.4274223336515,DJF,SAt
355,19990020,Total,113.0,15.202689438041494,5972.28720672019,6.411793918353576,0.9770971961722489,5340.843794470311,DJF,ARG
356,19990021,Total,73.0,18.32275852545166,4254.923295676317,3.5465845089285715,-0.4578361363636363,3905.172871761273,DJF,SAt
357,19990022,Total,23.0,9.335713367740533,776.1180588749813,2.34108202020202,0.0895572727272729,720.5007758121752,DJF,SAt
358,19990023,Total,202.0,10.449399632314348,7103.0678635212935,4.414735860342003,-0.4330846681184668,5436.847258686389,DJF,ARG
359,19990024,Total,145.0,10.70717754781549,5764.928584539854,6.166824298917128,-0.28659461324041763,4214.735577082198,DJF,AT-PEN
360,19990025,Total,33.0,32.76283183221465,2010.9906681535683,1.8235315625,0.47447806451613017,683.7225358910492,DJF,SAt
361,19990026,Total,83.0,4.392358090497859,1293.30987657878,2.9678828685897436,0.10398999999999997,1105.351162530361,DJF,SAt
362,19990027,Total,130.0,17.096347235111207,8175.402313267867,5.768376722802942,-0.2090853008130081,6284.090042798385,DJF,SE-SAO
363,19990028,Total,47.0,25.269507936805283,4256.7356517389935,2.2862301370851372,0.8509341258741259,3612.9826957504606,DJF,SAt
364,19990029,Total,35.0,6.236092521783654,792.4029072348552,1.435684142857143,0.27951302564102565,631.9342533581573,DJF,SAt
365,19990030,Total,375.0,18.368255020146737,21375.121535731665,5.696159381194216,0.04459661286365291,5590.731051858196,DJF,SE-SAO
366,19990031,Total,37.0,15.297744592883356,1676.1435540965108,1.8808811111111112,0.42425999999999986,608.3128869827193,DJF,SA-NAM
367,19990032,Total,83.0,7.603053674975091,2533.9273943308685,2.384824376940133,0.32965164523281565,687.7921136750465,DJF,SAt
368,19990033,Total,83.0,9.06603132936848,2673.3178610819,3.4362080570873106,-0.5280955299334812,1737.1317649434072,DJF,ARG
369,19990034,Total,70.0,9.817845887812632,2358.0499113713563,1.3171133507945307,0.7095725321507764,1453.7265916526012,DJF,SAt
370,19990035,Total,47.0,15.406098424163618,1950.5345287939067,1.5145893369175625,-0.7981813333333331,787.5199032193673,DJF,SAt
371,19990036,Total,62.0,6.527596423423914,1482.2419942413208,4.658506321637427,-0.10440199999999981,660.4503369996969,DJF,AT-PEN
372,19990037,Total,157.0,12.909633947649278,6804.398143245595,5.549494432648593,1.020005268928503,5787.10301575809,DJF,SE-SAO
373,19990038,Total,139.0,15.331495772139666,6257.504051074619,3.185226201705505,0.5321521479229988,3521.169753078073,DJF,SAt
374,19990039,Total,201.0,6.546172657301725,4946.37423687079,2.234521823731456,0.29111362489170817,1412.3678428157255,DJF,SAt
375,19990040,Total,24.0,28.608613236585285,2275.933986948412,2.6971464999999997,1.514394,2148.486425350079,DJF,SAt
376,19990041,Total,110.0,13.716199075258833,5902.324597821798,3.8083822714736013,-0.13904290496453903,4067.6621780191863,DJF,SAt
377,19990042,Total,25.0,8.11524359169851,719.9129362031367,1.7422988333333331,-1.2196079999999996,650.9949370819256,DJF,SAt
378,19990043,Total,35.0,14.55395788726792,1799.7680920871871,4.080276414141414,1.319314493506493,1665.258179329611,DJF,SE-BR
379,19990044,Total,144.0,17.066414285011973,8109.344816263465,4.292920045677136,1.3130816987608136,6353.294516688566,DJF,SAt
380,19990045,Total,87.0,16.057648827249583,6053.588887703304,4.615778322458629,-1.2829329784655072,5645.142960927284,DJF,SAt
381,19990046,Total,370.0,10.001306534085787,15790.584496447736,4.50596256861751,-0.16448395040115635,11510.115505607802,DJF,SAt
382,19990047,Total,28.0,22.06321365445255,1984.6547156319816,1.7017112222222224,0.3826600000000001,1389.457504204108,DJF,SA-NAM
383,19990048,Total,139.0,14.266293499096708,5852.656413096536,4.528532198490635,0.6090157970540099,3521.323756874861,DJF,ARG
384,19990049,Total,59.0,16.79249700010679,3989.7274866151747,1.912632803388495,0.8522886052009452,1858.3762748605075,DJF,ARG
385,19990050,Total,78.0,14.50461810820695,4285.267933350831,8.084357814814815,-0.6056264380952382,3110.628876885982,DJF,SAt
386,19990051,Total,69.0,6.293179161115102,1539.567998539545,2.1163349787347157,-0.3526327485380117,1094.3902638571255,DJF,SAt
387,19990052,Total,54.0,6.718570580695065,1210.7072243021294,2.690938596218596,-0.11925637171717192,778.9141625994906,DJF,SAt
388,19990053,Total,220.0,14.155934081509983,9637.478109764581,3.9508713238950275,-1.4908572312549335,6327.579397827837,DJF,SAt
389,19990054,Total,142.0,14.12228667292885,5583.313669601368,4.7649622969187675,1.8158100840336135,2314.079916710443,DJF,SAt
390,19990055,Total,102.0,13.747764110074346,5048.1789812193,2.525832718446602,0.04824941176470589,4500.824127326402,DJF,SE-BR
391,19990056,Total,34.0,17.623868020755094,2157.1614457404235,1.3988614285714285,0.047216470588235325,2101.9790395153527,DJF,ARG
392,19990057,Total,137.0,9.932213242223405,6592.043332768729,2.629741344827586,0.11956000000000151,5270.187145411149,DJF,SAt
393,19990058,Total,116.0,15.239002658211845,8025.305088562249,4.570083982456141,-0.28480399999999967,6577.7649916128985,DJF,SAt
394,19990059,Total,161.0,13.18850081528702,7755.601895961305,6.5582543809523814,0.1591391654676271,4118.868531104195,DJF,SAt
395,19990060,Total,39.0,11.792317394326393,1655.6413621634256,2.1202492499999996,0.20475076923076907,1304.4001149356734,DJF,SAt
396,19990061,Total,43.0,10.532729270846643,1630.4664911270602,5.118280681818182,-1.284837209302326,1015.377219026883,DJF,SAt
397,19990062,Total,51.0,5.885314683048255,1080.5437758076596,1.746806153846154,-0.11951529411764697,981.92946358676,DJF,SAt
398,19990063,Total,61.0,13.359861211926948,2933.825522139158,2.3556462903225808,-0.33610229508196715,1235.820480204956,DJF,SA-NAM
399,19990064,Total,126.0,17.042702738591128,8032.111338223919,3.3276371428571427,-0.9116335384615382,6288.200318496939,DJF,SAt
400,19990065,Total,31.0,18.27900832148662,2039.937328677907,1.7602478125,-0.006518709677419227,1992.4239176814306,DJF,SAt
401,19990066,Total,48.0,4.981563989240891,1014.4713296269861,1.3847770833333333,-0.3882970212765938,619.094596258109,DJF,WEDDELL
402,19990067,Total,59.0,16.30216726192409,2182.6150980739453,1.8772989649122807,-0.7267337297297298,1269.594433852337,DJF,SAt
403,19990068,Total,203.0,17.42105639403163,11844.453812872145,5.730910402380952,0.8386874755512946,7997.964989575841,DJF,SE-SAO
404,19990069,Total,103.0,15.217300918752406,5918.682814547814,5.182067699186992,1.8618914074074067,5082.966269922324,DJF,ARG
405,19990070,Total,39.0,12.872549496202979,1811.7903359730258,2.838765,-0.26564305263157895,661.3924506044998,DJF,LA-PLATA
406,19990071,Total,232.0,13.4476172811892,11176.802732815171,6.074974895404003,-0.24035038868980943,9559.911156578737,DJF,SAt
407,19990072,Total,108.0,8.50661313158896,3526.8954161015763,4.192979847014925,0.43600872727272527,2090.5375568963946,DJF,LA-PLATA
408,19990073,Total,39.0,12.683028339798772,1871.8842484720496,2.7022363703703705,1.8277035294117638,1692.2065223569045,DJF,SE-SAO
409,19990074,Total,35.0,9.218956558750746,1141.9758396518087,1.9493034444444444,-0.012204444444445017,1083.5492540984123,DJF,SAt
410,19990075,Total,44.0,8.791819877936431,1392.6242686651308,2.5198755555555556,-0.9456327272727272,784.2079118679741,DJF,AT-PEN
411,19990076,Total,106.0,17.45060047028353,7508.874725802444,4.5394749,-0.617110018018018,6115.801340699205,DJF,SAt
412,19990077,Total,53.0,14.568923228320854,2657.87472140452,2.8785953232323234,0.629516761904762,1777.830242931159,DJF,ARG
413,19990078,Total,40.0,14.216942210589053,2418.453779809191,2.3168136666666665,-2.273593684210526,2225.2449685995307,DJF,SE-SAO
414,19990079,Total,47.0,16.680574089921148,2894.399459635578,2.1317514814814813,-0.36959741176470584,2749.291125314206,DJF,SAt
415,19990080,Total,65.0,10.044293015332437,2365.100505260424,2.156179934640523,0.35778933333333335,1019.4448888047269,DJF,SE-BR
416,19990081,Total,92.0,9.144850283277245,2713.868735382401,7.082539803278689,0.2548586666666662,1612.562572483206,DJF,SE-SAO
417,19990082,Total,29.0,21.42875597832735,1606.9205487451377,2.5462504999999998,0.31176800000000116,1439.6750290032558,DJF,AT-PEN
418,19990083,Total,106.0,18.07064631395936,6407.37992234687,4.169157566666667,1.3668115368421052,5449.170326233134,DJF,ARG
419,19990084,Total,141.0,7.734370250053184,4117.723234875038,1.644979549302473,0.048204837032339916,1171.4658802645758,DJF,SAt
420,19990085,Total,24.0,16.210774870215833,1579.1945624222442,1.6313324305555557,0.45789749999999996,1548.3696025793809,DJF,SAt
421,19990086,Total,113.0,18.14750835064096,7752.430649945782,3.6430015399122806,-0.21319708421052605,5795.481694119916,DJF,AT-PEN
422,19990087,Total,60.0,10.60460138945959,2290.593900123272,3.8588486885245903,0.008408,1730.0834403779586,DJF,LA-PLATA
423,19990088,Total,115.0,7.443532239323172,3866.2631071119285,3.522993821770335,-0.7364202631578947,2756.167045160039,DJF,SAt
424,19990089,Total,37.0,7.375668795281881,982.4390835315467,2.6796376315789474,-0.10975135135135136,749.3574853859133,DJF,SAt
425,19990090,Total,122.0,13.488550457200537,5055.113842856729,7.153278224637681,-0.5061027779306545,3645.3450922041866,DJF,ARG
426,19990091,Total,111.0,9.959129542280841,3410.6592227199385,2.7397338224637684,0.09348609974424535,2713.310835339246,DJF,SAt
427,19990092,Total,71.0,5.1108844301261485,1479.8584852551833,1.4231653289473685,-0.15086929824561407,1225.1494663203682,DJF,SAt
428,19990093,Total,34.0,15.741280751882531,1771.9107326393005,1.7495113,-0.2595780000000001,625.0681380070371,DJF,SA-NAM
429,19990094,Total,83.0,10.394392655201344,2879.671757741376,6.991377018274854,0.7035161961722491,2624.3476961677356,DJF,SAt
