,track_id,date,lon vor,lat vor,vor42,Genesis Season,Genesis Region,Distance (m),Speed (m/s),phase
0,19950580,1995-07-01 01:00:00,-56.50952,-35.10984,2.52157,JJA,LA-PLATA,,,
1,19950580,1995-07-01 02:00:00,-55.54336,-35.46988,2.56043,JJA,LA-PLATA,96396.42615042212,26.776785041783924,incipient
2,19950580,1995-07-01 03:00:00,-54.69214,-35.71256,2.64917,JJA,LA-PLATA,81562.52551439521,22.656257087332,incipient
3,19950580,1995-07-01 04:00:00,-53.76981,-36.01694,2.6598,JJA,LA-PLATA,89740.25919397117,24.927849776103102,incipient
4,19950580,1995-07-01 05:00:00,-52.9068,-36.28523,2.69572,JJA,LA-PLATA,83030.31075298128,23.06397520916147,incipient
5,19950580,1995-07-01 06:00:00,-51.99866,-36.57164,2.69627,JJA,LA-PLATA,87267.2315390222,24.240897649728392,incipient
6,19950580,1995-07-01 07:00:00,-51.1351,-36.76045,2.6151,JJA,LA-PLATA,79833.1326857264,22.175870190479557,incipient
7,19950580,1995-07-01 08:00:00,-50.13272,-36.95905,2.63315,JJA,LA-PLATA,91872.65789329109,25.520182748136413,incipient
8,19950580,1995-07-01 09:00:00,-49.22452,-37.24085,2.66949,JJA,LA-PLATA,86425.89256871316,24.0071923801981,incipient
9,19950580,1995-07-01 10:00:00,-48.23105,-37.88566,2.44593,JJA,LA-PLATA,113174.49905090923,31.437360847474785,incipient
10,19950580,1995-07-01 11:00:00,-47.36862,-38.26574,2.51354,JJA,LA-PLATA,86515.25067283485,24.03201407578746,incipient
11,19950580,1995-07-01 12:00:00,-46.53326,-38.66787,2.64149,JJA,LA-PLATA,85374.07269348505,23.715020192634736,incipient
12,19950580,1995-07-01 13:00:00,-45.6878,-39.34858,2.85682,JJA,LA-PLATA,105192.94550004877,29.220262638902433,incipient
13,19950580,1995-07-01 14:00:00,-45.01819,-39.88124,3.09437,JJA,LA-PLATA,82449.676191564,22.902687830989997,incipient
14,19950580,1995-07-01 15:00:00,-44.35242,-40.60038,3.34736,JJA,LA-PLATA,97916.35180545115,27.19898661262532,intensification
15,19950580,1995-07-01 16:00:00,-43.43359,-41.16406,3.84196,JJA,LA-PLATA,99475.09866547667,27.6319718515213,intensification
16,19950580,1995-07-01 17:00:00,-42.67105,-41.53004,4.01458,JJA,LA-PLATA,75550.56022773933,20.986266729927593,intensification
17,19950580,1995-07-01 18:00:00,-41.71533,-41.8976,4.29695,JJA,LA-PLATA,89237.95554362902,24.788320984341397,intensification
18,19950580,1995-07-01 19:00:00,-40.67911,-42.07318,4.51933,JJA,LA-PLATA,87843.17035278815,24.400880653552264,intensification
19,19950580,1995-07-01 20:00:00,-39.61856,-42.16365,4.71633,JJA,LA-PLATA,88050.23801400038,24.458399448333438,intensification
20,19950580,1995-07-01 21:00:00,-38.53113,-42.2477,4.86393,JJA,LA-PLATA,90053.37801991278,25.01482722775355,intensification
21,19950580,1995-07-01 22:00:00,-36.87039,-42.77063,4.72494,JJA,LA-PLATA,148025.2861370881,41.11813503808003,intensification
22,19950580,1995-07-01 23:00:00,-35.76581,-42.92299,4.8205,JJA,LA-PLATA,91630.3947571842,25.452887432551165,intensification
23,19950580,1995-07-02 00:00:00,-34.61554,-43.07999,5.05631,JJA,LA-PLATA,95155.36346560823,26.432045407113396,intensification
24,19950580,1995-07-02 01:00:00,-33.59668,-43.28225,5.37767,JJA,LA-PLATA,85618.05534337036,23.78279315093621,intensification
25,19950580,1995-07-02 02:00:00,-32.58585,-43.4663,5.57977,JJA,LA-PLATA,84224.77800375198,23.395771667708885,intensification
26,19950580,1995-07-02 03:00:00,-31.47101,-43.69684,5.92827,JJA,LA-PLATA,93385.73122139796,25.940480894832767,intensification
27,19950580,1995-07-02 04:00:00,-30.37134,-43.8543,6.06517,JJA,LA-PLATA,90009.97713025777,25.002771425071604,intensification
28,19950580,1995-07-02 05:00:00,-29.12402,-44.04564,6.31046,JJA,LA-PLATA,102093.95210119875,28.359431139221876,intensification
29,19950580,1995-07-02 06:00:00,-27.89987,-44.17844,6.40952,JJA,LA-PLATA,98839.378818152,27.455383005042226,intensification
30,19950580,1995-07-02 07:00:00,-26.43957,-44.33138,6.43549,JJA,LA-PLATA,117537.22861680704,32.64923017133529,intensification
31,19950580,1995-07-02 08:00:00,-25.00873,-44.5314,6.73896,JJA,LA-PLATA,115768.19094974498,32.15783081937361,intensification
32,19950580,1995-07-02 09:00:00,-23.61639,-44.63533,6.87097,JJA,LA-PLATA,110870.93837969325,30.797482883248126,intensification
33,19950580,1995-07-02 10:00:00,-22.38855,-44.7392,6.44575,JJA,LA-PLATA,97750.40340707087,27.152889835297465,intensification
34,19950580,1995-07-02 11:00:00,-21.06827,-44.95725,6.7047,JJA,LA-PLATA,106869.37863340814,29.68593850928004,intensification
35,19950580,1995-07-02 12:00:00,-19.76666,-45.18214,7.15775,JJA,LA-PLATA,105229.94296830684,29.23053971341857,intensification
36,19950580,1995-07-02 13:00:00,-18.55673,-45.32742,7.07473,JJA,LA-PLATA,96075.81852027163,26.68772736674212,intensification
37,19950580,1995-07-02 14:00:00,-17.23105,-45.54836,7.4813,JJA,LA-PLATA,106310.49034928743,29.530691763690953,incipient
38,19950580,1995-07-02 15:00:00,-15.95157,-45.72307,7.66221,JJA,LA-PLATA,101357.00199629093,28.15472277674748,incipient
39,19950580,1995-07-02 16:00:00,-14.65076,-45.89059,7.9115,JJA,LA-PLATA,102533.1339368781,28.48142609357725,intensification
40,19950580,1995-07-02 17:00:00,-13.35877,-46.04238,8.1792,JJA,LA-PLATA,101272.27333574148,28.131187037705967,intensification
41,19950580,1995-07-02 18:00:00,-12.09796,-46.14693,8.341,JJA,LA-PLATA,97913.03093982514,27.198064149951428,intensification
42,19950580,1995-07-02 19:00:00,-10.79984,-46.28176,8.50147,JJA,LA-PLATA,100998.75458660693,28.055209607390815,intensification
43,19950580,1995-07-02 20:00:00,-9.55356,-46.42215,8.75883,JJA,LA-PLATA,96916.14935063389,26.9211525973983,intensification
44,19950580,1995-07-02 21:00:00,-8.37689,-46.52796,9.06597,JJA,LA-PLATA,90869.5864041944,25.24155177894289,intensification
45,19950580,1995-07-02 22:00:00,-8.08179,-46.27964,9.21158,JJA,LA-PLATA,35698.941254444966,9.916372570679158,intensification
46,19950580,1995-07-02 23:00:00,-6.65717,-46.48394,9.21997,JJA,LA-PLATA,111614.16787383868,31.003935520510744,intensification
47,19950580,1995-07-03 00:00:00,-5.2218,-46.70142,9.23784,JJA,LA-PLATA,112310.76541488852,31.197434837469032,intensification
48,19950580,1995-07-03 01:00:00,-3.87598,-46.92985,9.38509,JJA,LA-PLATA,105513.11767812775,29.309199355035485,intensification
49,19950580,1995-07-03 02:00:00,-2.68274,-47.13108,9.43919,JJA,LA-PLATA,93163.49514720717,25.878748652001992,intensification
50,19950580,1995-07-03 03:00:00,-1.54684,-47.35686,9.61256,JJA,LA-PLATA,89345.49234165913,24.818192317127536,intensification
51,19950580,1995-07-03 04:00:00,-0.37064,-47.58584,9.78739,JJA,LA-PLATA,91999.44731658461,25.555402032384617,intensification
52,19950580,1995-07-03 05:00:00,0.83007,-47.7804,10.03478,JJA,LA-PLATA,92450.841868889,25.680789408024722,intensification
53,19950580,1995-07-03 06:00:00,2.06426,-47.93776,10.27134,JJA,LA-PLATA,93725.95950419575,26.034988751165486,intensification
54,19950580,1995-07-03 07:00:00,3.25708,-48.09577,10.48948,JJA,LA-PLATA,90443.76885144167,25.123269125400462,intensification
55,19950580,1995-07-03 08:00:00,4.41217,-48.25454,10.6926,JJA,LA-PLATA,87450.78932026424,24.291885922295624,intensification
56,19950580,1995-07-03 09:00:00,5.53426,-48.38925,10.83541,JJA,LA-PLATA,84306.32040829427,23.418422335637295,intensification
57,19950580,1995-07-03 10:00:00,6.62622,-48.34921,11.09266,JJA,LA-PLATA,80785.14879935358,22.44031911093155,intensification
58,19950580,1995-07-03 11:00:00,7.60191,-48.51716,11.08707,JJA,LA-PLATA,74366.11754725005,20.657254874236123,intensification
59,19950580,1995-07-03 12:00:00,8.56871,-48.68078,11.06017,JJA,LA-PLATA,73385.20538922516,20.384779274784766,intensification
60,19950580,1995-07-03 13:00:00,9.47981,-48.86857,11.12836,JJA,LA-PLATA,69954.10671168023,19.431696308800063,intensification
61,19950580,1995-07-03 14:00:00,10.42269,-49.03394,11.18725,JJA,LA-PLATA,71263.59194391657,19.795442206643493,intensification
62,19950580,1995-07-03 15:00:00,11.3435,-49.2238,11.28901,JJA,LA-PLATA,70246.47515020841,19.51290976394678,intensification
63,19950580,1995-07-03 16:00:00,12.2265,-49.38706,11.30503,JJA,LA-PLATA,66543.06535280598,18.484184820223884,intensification
64,19950580,1995-07-03 17:00:00,13.10728,-49.51884,11.16524,JJA,LA-PLATA,65331.12356682989,18.147534324119412,residual
65,19950580,1995-07-03 18:00:00,13.9007,-49.66399,11.0368,JJA,LA-PLATA,59423.58068231154,16.506550189530984,residual
66,19950580,1995-07-03 19:00:00,14.68148,-49.84675,10.86729,JJA,LA-PLATA,59657.194591072664,16.57144294196463,residual
67,19950580,1995-07-03 20:00:00,15.41456,-50.06359,10.83805,JJA,LA-PLATA,57722.34132384471,16.033983701067974,residual
68,19950580,1995-07-03 21:00:00,16.16503,-50.24994,10.82872,JJA,LA-PLATA,57339.29580067519,15.927582166854219,residual
69,19950580,1995-07-03 22:00:00,17.75946,-50.35224,10.38969,JJA,LA-PLATA,113813.96438628044,31.61499010730012,intensification
70,19950580,1995-07-03 23:00:00,18.48191,-50.50881,10.45463,JJA,LA-PLATA,54053.31695580967,15.014810265502687,intensification
71,19950580,1995-07-04 00:00:00,19.18414,-50.67188,10.51708,JJA,LA-PLATA,52784.70735313263,14.662418709203509,intensification
72,19950580,1995-07-04 01:00:00,19.90728,-50.82317,10.5432,JJA,LA-PLATA,53587.0685326319,14.885296814619972,intensification
73,19950580,1995-07-04 02:00:00,20.69702,-50.96595,10.43114,JJA,LA-PLATA,57619.512987736736,16.005420274371314,intensification
74,19950580,1995-07-04 03:00:00,21.47138,-51.09548,10.31581,JJA,LA-PLATA,56034.17959448234,15.565049887356205,intensification
75,19950580,1995-07-04 04:00:00,22.34186,-51.23038,10.19346,JJA,LA-PLATA,62525.270590131586,17.368130719480995,mature
76,19950580,1995-07-04 05:00:00,23.09859,-51.33788,10.1516,JJA,LA-PLATA,53969.15427537191,14.991431743158865,mature
77,19950580,1995-07-04 06:00:00,23.76312,-51.42231,10.07553,JJA,LA-PLATA,47065.71788589161,13.07381052385878,mature
78,19950580,1995-07-04 07:00:00,24.42692,-51.53055,9.96891,JJA,LA-PLATA,47521.57730183759,13.200438139399331,decay
79,19950580,1995-07-04 08:00:00,25.03877,-51.63176,9.86831,JJA,LA-PLATA,43749.25837921642,12.152571772004562,decay
80,19950580,1995-07-04 09:00:00,25.6066,-51.76372,9.75572,JJA,LA-PLATA,41795.003378475485,11.609723160687635,decay
81,19950580,1995-07-04 10:00:00,26.06125,-52.00363,10.13815,JJA,LA-PLATA,41053.90628826349,11.403862857850969,decay
82,19950580,1995-07-04 11:00:00,26.46821,-52.12104,9.97736,JJA,LA-PLATA,30731.94157530561,8.53665043758489,decay
83,19950580,1995-07-04 12:00:00,26.96732,-52.22121,9.82081,JJA,LA-PLATA,35813.59747395117,9.948221520541992,decay
84,19950580,1995-07-04 13:00:00,27.55066,-52.32378,9.62954,JJA,LA-PLATA,41297.08295523043,11.471411932008452,decay
85,19950580,1995-07-04 14:00:00,28.05182,-52.39297,9.50439,JJA,LA-PLATA,34892.03263634548,9.692231287873744,decay
86,19950580,1995-07-04 15:00:00,28.48148,-52.44903,9.44955,JJA,LA-PLATA,29795.78161255651,8.27660600348792,decay
87,19950580,1995-07-04 16:00:00,28.8174,-52.47303,9.38775,JJA,LA-PLATA,22914.911506594737,6.365253196276316,decay
88,19950580,1995-07-04 17:00:00,29.06467,-52.5204,9.24735,JJA,LA-PLATA,17548.431678589437,4.8745643551637325,decay
89,19950580,1995-07-04 18:00:00,29.33928,-52.55997,9.13599,JJA,LA-PLATA,19085.798266189875,5.301610629497188,decay
90,19950580,1995-07-04 19:00:00,29.60865,-52.58653,8.99109,JJA,LA-PLATA,18441.61139874242,5.122669832984006,decay
91,19950580,1995-07-04 20:00:00,29.86843,-52.5949,8.83656,JJA,LA-PLATA,17573.187701178475,4.881441028105132,decay
92,19950580,1995-07-04 21:00:00,30.11957,-52.59332,8.77118,JJA,LA-PLATA,16964.475910877154,4.712354419688098,decay
93,19950580,1995-07-04 22:00:00,29.47484,-52.91013,8.07192,JJA,LA-PLATA,55891.33150409629,15.52536986224897,decay
94,19950580,1995-07-04 23:00:00,29.97231,-52.92169,7.98755,JJA,LA-PLATA,33379.624469946735,9.272117908318538,decay
95,19950580,1995-07-05 00:00:00,30.39782,-52.92178,7.88956,JJA,LA-PLATA,28526.199168617968,7.923944213504991,decay
96,19950580,1995-07-05 01:00:00,30.8118,-52.90847,7.81231,JJA,LA-PLATA,27796.8928854144,7.721359134837333,decay
97,19950580,1995-07-05 02:00:00,31.1954,-52.85727,7.69835,JJA,LA-PLATA,26361.732189229668,7.32270338589713,decay
98,19950580,1995-07-05 03:00:00,31.54635,-52.83082,7.48282,JJA,LA-PLATA,23752.688260100258,6.59796896113896,decay
99,19950580,1995-07-05 04:00:00,31.88041,-52.7795,7.24564,JJA,LA-PLATA,23169.388176124943,6.435941160034706,residual
100,19950580,1995-07-05 05:00:00,32.24049,-52.73769,6.96493,JJA,LA-PLATA,24672.60333479176,6.853500926331044,residual
101,19950580,1995-07-05 06:00:00,32.69531,-52.70304,6.72633,JJA,LA-PLATA,30874.103465036264,8.576139851398962,residual
102,19950580,1995-07-05 07:00:00,33.16688,-52.63544,6.4913,JJA,LA-PLATA,32674.463922155774,9.076239978376604,residual
103,19950580,1995-07-05 08:00:00,33.64077,-52.5478,6.2252,JJA,LA-PLATA,33461.73929726304,9.294927582573067,residual
104,19950580,1995-07-05 09:00:00,34.07404,-52.42011,5.96264,JJA,LA-PLATA,32594.283658362925,9.053967682878591,residual
105,19950580,1995-07-05 10:00:00,33.94196,-52.292,5.66322,JJA,LA-PLATA,16834.03749867729,4.676121527410359,residual
106,19950580,1995-07-05 11:00:00,34.43421,-52.16448,5.49768,JJA,LA-PLATA,36401.76405539124,10.111601126497566,residual
107,19950580,1995-07-05 12:00:00,34.98922,-51.9537,5.28953,JJA,LA-PLATA,44599.68241352416,12.388800670423379,residual
108,19950580,1995-07-05 13:00:00,35.558,-51.76799,5.10073,JJA,LA-PLATA,44181.399189899086,12.27261088608308,residual
109,19950580,1995-07-05 14:00:00,36.21059,-51.60118,4.94568,JJA,LA-PLATA,48662.86970837352,13.517463807881532,residual
110,19950581,1995-07-01 10:00:00,-27.24741,-59.6406,3.48602,JJA,SAt,,,incipient
111,19950581,1995-07-01 11:00:00,-26.77087,-59.72655,3.51875,JJA,SAt,28403.58673645736,7.889885204571489,incipient
112,19950581,1995-07-01 12:00:00,-26.40109,-59.82641,3.49495,JJA,SAt,23488.01280031168,6.524448000086578,incipient
113,19950581,1995-07-01 13:00:00,-26.13516,-59.93684,3.45679,JJA,SAt,19259.90037988552,5.349972327745977,incipient
114,19950581,1995-07-01 14:00:00,-25.90378,-60.05268,3.39236,JJA,SAt,18205.88617782834,5.057190604952316,incipient
115,19950581,1995-07-01 15:00:00,-25.62961,-60.18402,3.3508,JJA,SAt,21070.830897043386,5.853008582512052,intensification
116,19950581,1995-07-01 16:00:00,-25.34586,-60.31886,3.35056,JJA,SAt,21677.33879862629,6.021482999618414,intensification
117,19950581,1995-07-01 17:00:00,-25.05887,-60.41121,3.42102,JJA,SAt,18826.64625115639,5.229623958654553,intensification
118,19950581,1995-07-01 18:00:00,-24.72446,-60.48482,3.51975,JJA,SAt,20083.57203374457,5.578770009373492,intensification
119,19950581,1995-07-01 19:00:00,-24.34824,-60.55842,3.56061,JJA,SAt,22153.276768044663,6.153687991123517,intensification
120,19950581,1995-07-01 20:00:00,-23.95914,-60.65454,3.57858,JJA,SAt,23773.207759029978,6.6036688219527715,intensification
121,19950581,1995-07-01 21:00:00,-23.60574,-60.73729,3.59281,JJA,SAt,21321.04867914665,5.922513521985181,intensification
122,19950581,1995-07-01 22:00:00,-22.80444,-60.42194,4.00561,JJA,SAt,56081.14834010573,15.578096761140479,intensification
123,19950581,1995-07-01 23:00:00,-22.49954,-60.51069,3.9426,JJA,SAt,19408.350283595377,5.391208412109827,intensification
124,19950581,1995-07-02 00:00:00,-22.21521,-60.58017,3.9154,JJA,SAt,17360.51114688963,4.822364207469342,intensification
125,19950581,1995-07-02 01:00:00,-21.95367,-60.66473,3.91666,JJA,SAt,17086.332606773496,4.746203501881527,intensification
126,19950581,1995-07-02 02:00:00,-21.63666,-60.77768,3.95998,JJA,SAt,21329.1720976232,5.924770027117555,intensification
127,19950581,1995-07-02 03:00:00,-21.36002,-60.92483,3.96164,JJA,SAt,22185.945832667458,6.162762731296516,intensification
128,19950581,1995-07-02 04:00:00,-21.16959,-61.06416,3.98547,JJA,SAt,18586.270380855418,5.16285288357095,intensification
129,19950581,1995-07-02 05:00:00,-20.95975,-61.262,3.99341,JJA,SAt,24710.325144876064,6.863979206910018,intensification
130,19950581,1995-07-02 06:00:00,-20.83951,-61.39936,4.02986,JJA,SAt,16565.96971501574,4.601658254171039,intensification
131,19950581,1995-07-02 07:00:00,-20.83258,-61.46787,4.02538,JJA,SAt,7626.881345882648,2.1185781516340687,intensification
132,19950581,1995-07-02 08:00:00,-20.85931,-61.51116,3.95754,JJA,SAt,5018.348536592783,1.3939857046091062,intensification
133,19950581,1995-07-02 09:00:00,-20.83014,-61.5382,3.91138,JJA,SAt,3381.1078155376154,0.9391966154271154,intensification
134,19950581,1995-07-02 10:00:00,-21.48288,-61.49568,4.3327,JJA,SAt,34935.28937695044,9.7042470491529,intensification
135,19950581,1995-07-02 11:00:00,-21.48025,-61.53144,4.27664,JJA,SAt,3978.781780192744,1.105217161164651,intensification
136,19950581,1995-07-02 12:00:00,-21.46081,-61.54765,4.20426,JJA,SAt,2076.0720367412646,0.5766866768725735,intensification
137,19950581,1995-07-02 13:00:00,-21.42899,-61.59006,4.14927,JJA,SAt,5007.629092079073,1.391008081133076,intensification
138,19950581,1995-07-02 14:00:00,-21.34857,-61.59054,4.08564,JJA,SAt,4254.844622474009,1.181901284020558,incipient
139,19950581,1995-07-02 15:00:00,-21.35043,-61.60475,4.0286,JJA,SAt,1583.1417142529492,0.4397615872924859,incipient
140,19950581,1995-07-02 16:00:00,-21.41599,-61.62091,3.96475,JJA,SAt,3903.965079690833,1.0844347443585647,intensification
141,19950581,1995-07-02 17:00:00,-21.58853,-61.62911,3.90777,JJA,SAt,9163.243060333543,2.5453452945370953,intensification
142,19950581,1995-07-02 18:00:00,-21.79724,-61.62197,3.82838,JJA,SAt,11057.494563765122,3.071526267712534,intensification
143,19950581,1995-07-02 19:00:00,-22.12201,-61.53901,3.72389,JJA,SAt,19506.050189612495,5.418347274892359,intensification
144,19950581,1995-07-02 20:00:00,-22.52353,-61.40553,3.64086,JJA,SAt,25979.781379390664,7.216605938719629,intensification
145,19950581,1995-07-02 21:00:00,-22.93588,-61.23357,3.54026,JJA,SAt,29151.971826598692,8.09776995183297,intensification
146,19950581,1995-07-02 22:00:00,-21.53091,-60.94075,3.22478,JJA,SAt,82248.78662876479,22.846885174656887,intensification
147,19950581,1995-07-02 23:00:00,-21.50272,-60.82977,3.1366,JJA,SAt,12434.321320463856,3.453978144573293,intensification
148,19950581,1995-07-03 00:00:00,-21.43243,-60.70771,3.1268,JJA,SAt,14098.928485471775,3.91636902374216,intensification
149,19950581,1995-07-03 01:00:00,-21.02167,-60.5188,3.17363,JJA,SAt,30717.476349974873,8.532632319437464,intensification
150,19950581,1995-07-03 02:00:00,-20.4419,-60.34398,3.22798,JJA,SAt,37281.38005813652,10.355938905037922,intensification
151,19950581,1995-07-03 03:00:00,-19.77365,-60.22722,3.20361,JJA,SAt,39052.901679198076,10.848028244221688,intensification
152,19950581,1995-07-03 04:00:00,-19.34576,-60.09296,3.20921,JJA,SAt,27988.384793038073,7.774551331399465,intensification
153,19950581,1995-07-03 05:00:00,-19.07233,-59.96085,3.23736,JJA,SAt,21131.027001262493,5.869729722572915,intensification
154,19950581,1995-07-03 06:00:00,-18.6998,-59.84919,3.22127,JJA,SAt,24199.133458276534,6.721981516187926,intensification
155,19950581,1995-07-03 07:00:00,-18.42422,-59.71097,3.20559,JJA,SAt,21773.728205075306,6.048257834743141,intensification
156,19950581,1995-07-03 08:00:00,-18.07562,-59.53505,3.14488,JJA,SAt,27692.508766010797,7.69236354611411,intensification
157,19950581,1995-07-03 09:00:00,-17.2774,-59.37871,3.05098,JJA,SAt,48339.42190652303,13.427617196256397,intensification
158,19950581,1995-07-03 10:00:00,-14.22781,-58.77511,2.8404,JJA,SAt,186716.2516166304,51.865625449064005,intensification
159,19950581,1995-07-03 11:00:00,-13.8273,-58.6011,2.88264,JJA,SAt,30167.04870299032,8.379735750830644,intensification
160,19950581,1995-07-03 12:00:00,-13.15051,-58.57849,2.9129,JJA,SAt,39300.7255156297,10.916868198786029,intensification
161,19950581,1995-07-03 13:00:00,-12.5787,-58.46101,2.97035,JJA,SAt,35680.24518775807,9.911179218821685,intensification
162,19950581,1995-07-03 14:00:00,-11.87112,-58.32473,3.04545,JJA,SAt,43931.26648638791,12.203129579552197,intensification
163,19950581,1995-07-03 15:00:00,-11.30399,-58.11383,3.13706,JJA,SAt,40657.467725438095,11.293741034843915,intensification
164,19950581,1995-07-03 16:00:00,-10.7493,-58.01613,3.19142,JJA,SAt,34386.51643721029,9.551810121447302,intensification
165,19950581,1995-07-03 17:00:00,-10.24377,-57.96338,3.18335,JJA,SAt,30368.343717042128,8.435651032511702,residual
166,19950581,1995-07-03 18:00:00,-9.77728,-57.89929,3.10944,JJA,SAt,28447.391366020325,7.9020531572278685,residual
167,19950581,1995-07-03 19:00:00,-9.36365,-57.79226,3.02797,JJA,SAt,27217.614747809137,7.5604485410580935,residual
168,19950581,1995-07-03 20:00:00,-8.94141,-57.8578,2.9359,JJA,SAt,26042.166552774393,7.233935153548443,residual
169,19950581,1995-07-03 21:00:00,-8.32721,-57.83157,2.93517,JJA,SAt,36464.949877998835,10.129152743888566,residual
170,19950581,1995-07-03 22:00:00,-7.38788,-58.16942,2.59508,JJA,SAt,66892.83913542879,18.581344204285774,intensification
171,19950581,1995-07-03 23:00:00,-6.68866,-58.21477,2.54963,JJA,SAt,41288.74056447821,11.469094601243947,intensification
172,19950581,1995-07-04 00:00:00,-5.9689,-58.15398,2.5816,JJA,SAt,42730.62421608116,11.869617837800321,intensification
173,19950581,1995-07-04 01:00:00,-5.2818,-58.09758,2.62072,JJA,SAt,40828.967380921866,11.341379828033851,intensification
174,19950581,1995-07-04 02:00:00,-4.60989,-58.04205,2.65918,JJA,SAt,39994.02120857127,11.109450335714241,intensification
175,19950581,1995-07-04 03:00:00,-4.0386,-58.05035,2.66031,JJA,SAt,33632.04508787372,9.342234746631588,intensification
176,19950581,1995-07-04 04:00:00,-3.45419,-57.87643,2.64201,JJA,SAt,39525.29334036422,10.97924815010117,mature
177,19950581,1995-07-04 05:00:00,-2.82889,-57.56887,2.57957,JJA,SAt,50479.83545731601,14.022176515921114,mature
178,19950581,1995-07-04 06:00:00,-2.16122,-57.28163,2.49148,JJA,SAt,51164.78163571439,14.212439343253997,mature
179,19950581,1995-07-04 07:00:00,-1.30252,-56.68261,2.40738,JJA,SAt,84518.66426339431,23.477406739831753,decay
180,19950581,1995-07-04 08:00:00,-0.52026,-56.18815,2.26865,JJA,SAt,73045.1298370254,20.290313843618165,decay
181,19950582,1995-07-02 00:00:00,19.38293,-50.05136,7.53251,JJA,SAt,,,intensification
182,19950582,1995-07-02 01:00:00,20.46239,-50.35326,7.82668,JJA,SAt,83841.87632324536,23.28941008979038,intensification
183,19950582,1995-07-02 02:00:00,21.33232,-50.55418,8.12066,JJA,SAt,65515.78513423681,18.19882920395467,intensification
184,19950582,1995-07-02 03:00:00,22.29361,-50.7401,8.41126,JJA,SAt,70860.92987831296,19.68359163286471,intensification
185,19950582,1995-07-02 04:00:00,23.31987,-50.92862,8.73828,JJA,SAt,75056.97102401803,20.849158617782784,intensification
186,19950582,1995-07-02 05:00:00,24.3018,-51.13063,9.03284,JJA,SAt,72248.8326113089,20.069120169808027,intensification
187,19950582,1995-07-02 06:00:00,25.24211,-51.28893,9.37166,JJA,SAt,67825.74815922121,18.84048559978367,intensification
188,19950582,1995-07-02 07:00:00,26.19057,-51.43425,9.64871,JJA,SAt,67805.15337920784,18.834764827557734,intensification
189,19950582,1995-07-02 08:00:00,27.0994,-51.55693,9.8012,JJA,SAt,64377.23541711898,17.88256539364416,intensification
190,19950582,1995-07-02 09:00:00,27.89536,-51.65485,9.9671,JJA,SAt,56036.38823075233,15.565663397431203,intensification
191,19950582,1995-07-02 10:00:00,28.02947,-52.04086,10.44266,JJA,SAt,43899.83326666077,12.194398129627992,intensification
192,19950582,1995-07-02 11:00:00,29.03532,-52.13494,10.52447,JJA,SAt,69514.78277224673,19.309661881179647,intensification
193,19950582,1995-07-02 12:00:00,30.0753,-52.2574,10.60823,JJA,SAt,72178.49846801593,20.049582907782202,intensification
194,19950582,1995-07-02 13:00:00,30.97589,-52.40037,10.65407,JJA,SAt,63229.74506034804,17.5638180723189,intensification
195,19950582,1995-07-02 14:00:00,31.73175,-52.51662,10.7812,JJA,SAt,52819.290258792105,14.672025071886695,incipient
196,19950582,1995-07-02 15:00:00,32.34872,-52.65623,10.80106,JJA,SAt,44478.211782355094,12.35505882843197,incipient
197,19950582,1995-07-02 16:00:00,32.80205,-52.75034,10.82427,JJA,SAt,32287.203577388973,8.968667660385826,intensification
198,19950582,1995-07-02 17:00:00,33.30301,-52.79859,10.85146,JJA,SAt,34122.88425289669,9.47857895913797,intensification
199,19950582,1995-07-02 18:00:00,33.77082,-52.84735,10.86545,JJA,SAt,31897.640700165044,8.860455750045846,intensification
200,19950582,1995-07-02 19:00:00,34.29419,-52.89437,10.88769,JJA,SAt,35514.875933721705,9.865243314922695,intensification
201,19950582,1995-07-02 20:00:00,34.70483,-52.89975,10.77203,JJA,SAt,27551.496539157888,7.653193483099414,intensification
202,19950582,1995-07-02 21:00:00,35.13335,-52.87551,10.66554,JJA,SAt,28876.678176925972,8.021299493590547,intensification
203,19950582,1995-07-02 22:00:00,36.16503,-53.05474,10.38485,JJA,SAt,71910.66680040768,19.975185222335465,intensification
204,19950582,1995-07-02 23:00:00,36.56207,-53.02929,10.40213,JJA,SAt,26693.99907323597,7.414999742565547,intensification
205,19950582,1995-07-03 00:00:00,36.99225,-52.97279,10.41945,JJA,SAt,29464.009510876847,8.18444708635468,intensification
206,19950582,1995-07-03 01:00:00,37.48134,-52.91487,10.37837,JJA,SAt,33398.69311477803,9.277414754105008,intensification
207,19950582,1995-07-03 02:00:00,38.03831,-52.83937,10.41159,JJA,SAt,38308.892604411056,10.641359056780848,intensification
208,19950582,1995-07-03 03:00:00,38.62562,-52.75048,10.41647,JJA,SAt,40706.64388655817,11.307401079599492,intensification
209,19950582,1995-07-03 04:00:00,39.25272,-52.69934,10.35634,JJA,SAt,42612.701492399035,11.836861525666398,intensification
210,19950582,1995-07-03 05:00:00,39.84357,-52.57869,10.28676,JJA,SAt,42065.30781987108,11.684807727741967,intensification
211,19950582,1995-07-03 06:00:00,40.44688,-52.46082,10.13279,JJA,SAt,42872.83163044789,11.909119897346635,intensification
212,19950582,1995-07-03 07:00:00,41.12289,-52.44722,9.91007,JJA,SAt,45832.61144126233,12.731280955906202,intensification
213,19950582,1995-07-03 08:00:00,41.76224,-52.42696,9.65219,JJA,SAt,43398.68883602489,12.055191343340248,intensification
214,19950582,1995-07-03 09:00:00,42.3823,-52.3844,9.4904,JJA,SAt,42327.89682864273,11.757749119067427,intensification
215,19950582,1995-07-03 10:00:00,42.89536,-52.64964,9.16717,JJA,SAt,45552.8140165042,12.653559449028943,intensification
216,19950582,1995-07-03 11:00:00,43.48872,-52.60041,9.03826,JJA,SAt,40423.23002103346,11.228675005842627,intensification
217,19950582,1995-07-03 12:00:00,44.04879,-52.51919,8.97376,JJA,SAt,38922.42084201322,10.811783567225895,intensification
218,19950582,1995-07-03 13:00:00,44.58369,-52.43142,8.80833,JJA,SAt,37519.848237343365,10.422180065928712,intensification
219,19950582,1995-07-03 14:00:00,45.05698,-52.33676,8.62869,JJA,SAt,33802.49987231543,9.389583297865396,intensification
220,19950582,1995-07-03 15:00:00,45.51138,-52.24458,8.4757,JJA,SAt,32560.506119219957,9.044585033116654,intensification
221,19950582,1995-07-03 16:00:00,46.04277,-52.17696,8.26656,JJA,SAt,36979.04960949822,10.271958224860617,intensification
222,19950582,1995-07-03 17:00:00,46.5421,-52.05922,8.21005,JJA,SAt,36520.392037567006,10.144553343768612,residual
223,19950582,1995-07-03 18:00:00,47.05122,-51.96547,7.96465,JJA,SAt,36369.882499313215,10.102745138698115,residual
224,19950582,1995-07-03 19:00:00,47.52763,-51.86337,7.78206,JJA,SAt,34592.608425371734,9.609057895936592,residual
225,19950582,1995-07-03 20:00:00,48.10508,-51.74812,7.67494,JJA,SAt,41719.575490089745,11.588770969469374,residual
226,19950582,1995-07-03 21:00:00,48.82058,-51.64594,7.5406,JJA,SAt,50604.67073596371,14.05685298221214,residual
227,19950582,1995-07-03 22:00:00,49.75806,-51.6089,7.04398,JJA,SAt,64841.79599882326,18.011609999673126,intensification
228,19950582,1995-07-03 23:00:00,50.3879,-51.45393,6.92978,JJA,SAt,46851.630817948986,13.014341893874718,intensification
229,19950582,1995-07-04 00:00:00,51.1572,-51.30061,6.84014,JJA,SAt,56050.00459800428,15.569445721667854,intensification
230,19950582,1995-07-04 01:00:00,51.97554,-51.14315,6.78626,JJA,SAt,59619.48340274221,16.560967611872837,intensification
231,19950582,1995-07-04 02:00:00,52.82768,-51.00686,6.79061,JJA,SAt,61432.23802166452,17.064510561573478,intensification
232,19950582,1995-07-04 03:00:00,53.59344,-50.87802,6.75015,JJA,SAt,55531.80252331632,15.4255007009212,intensification
233,19950582,1995-07-04 04:00:00,54.32063,-50.70188,6.68428,JJA,SAt,54740.36478616073,15.205656885044647,mature
234,19950582,1995-07-04 05:00:00,55.0468,-50.54422,6.62589,JJA,SAt,54143.612990506146,15.039892497362818,mature
235,19950582,1995-07-04 06:00:00,55.81441,-50.36094,6.54039,JJA,SAt,58041.80410868841,16.12272336352456,mature
236,19950582,1995-07-04 07:00:00,56.63429,-50.16336,6.4587,JJA,SAt,62283.68384038921,17.301023288997,decay
237,19950582,1995-07-04 08:00:00,57.43215,-50.0449,6.31911,JJA,SAt,58407.652288037534,16.224347857788203,decay
238,19950582,1995-07-04 09:00:00,58.32538,-49.87784,6.20281,JJA,SAt,66539.84637197081,18.48329065888078,decay
239,19950583,1995-07-02 01:00:00,-100.09973,-38.83031,4.31299,JJA,SAt,,,intensification
240,19950583,1995-07-02 02:00:00,-99.28122,-38.76331,4.3182,JJA,SAt,71323.9781491253,19.812216152534806,intensification
241,19950583,1995-07-02 03:00:00,-98.48953,-38.67415,4.35839,JJA,SAt,69396.47793056906,19.27679942515807,intensification
242,19950583,1995-07-02 04:00:00,-97.87299,-38.68619,4.42612,JJA,SAt,53534.82992761692,14.8707860910047,intensification
243,19950583,1995-07-02 05:00:00,-97.39017,-38.66823,4.49172,JJA,SAt,41959.98256665888,11.6555507129608,intensification
244,19950583,1995-07-02 06:00:00,-97.15332,-38.64544,4.55919,JJA,SAt,20721.780148415848,5.756050041226625,intensification
245,19950583,1995-07-02 07:00:00,-96.7963,-38.64585,4.6052,JJA,SAt,31005.751784701584,8.612708829083774,intensification
246,19950583,1995-07-02 08:00:00,-96.57748,-38.65541,4.74264,JJA,SAt,19032.01269564311,5.286670193234197,intensification
247,19950583,1995-07-02 09:00:00,-96.314,-38.69037,4.80633,JJA,SAt,23201.4385210753,6.444844033632028,intensification
248,19950583,1995-07-02 10:00:00,-95.88748,-38.64614,5.04197,JJA,SAt,37354.98170523239,10.376383807008997,intensification
249,19950583,1995-07-02 11:00:00,-95.63101,-38.69346,5.17627,JJA,SAt,22879.128242341558,6.355313400650433,intensification
250,19950583,1995-07-02 12:00:00,-95.42026,-38.76061,5.30173,JJA,SAt,19747.97928592973,5.485549801647148,intensification
251,19950583,1995-07-02 13:00:00,-95.14972,-38.83031,5.43426,JJA,SAt,24693.845550762275,6.85940154187841,intensification
252,19950583,1995-07-02 14:00:00,-94.83716,-38.91538,5.52418,JJA,SAt,28664.07804847674,7.96224390235465,incipient
253,19950583,1995-07-02 15:00:00,-94.50171,-38.97032,5.62221,JJA,SAt,29647.461094106817,8.235405859474115,incipient
254,19950583,1995-07-02 16:00:00,-94.33331,-38.9554,5.69302,JJA,SAt,14654.102025564916,4.0705838959902545,intensification
255,19950583,1995-07-02 17:00:00,-94.1214,-38.88325,5.72117,JJA,SAt,20011.586856194208,5.558774126720613,intensification
256,19950583,1995-07-02 18:00:00,-93.9657,-38.83424,5.7377,JJA,SAt,14541.40803627717,4.0392800100769914,intensification
257,19950583,1995-07-02 19:00:00,-93.81915,-38.78021,5.7384,JJA,SAt,14048.021895253067,3.902228304236963,intensification
258,19950583,1995-07-02 20:00:00,-93.47855,-38.74932,5.72289,JJA,SAt,29729.56056672894,8.258211268535817,intensification
259,19950583,1995-07-02 21:00:00,-93.13825,-38.70626,5.67704,JJA,SAt,29905.53196972936,8.30709221381371,intensification
260,19950583,1995-07-02 22:00:00,-94.42127,-38.08521,5.68409,JJA,SAt,131417.18324365406,36.504773123237236,intensification
261,19950583,1995-07-02 23:00:00,-94.69601,-37.83833,5.60947,JJA,SAt,36520.3950126224,10.144554170172889,intensification
262,19950583,1995-07-03 00:00:00,-95.25461,-37.48917,5.47158,JJA,SAt,62649.873143404555,17.4027425398346,intensification
263,19950583,1995-07-03 01:00:00,-96.15561,-36.97955,5.41397,JJA,SAt,97844.44590536416,27.179012751490045,intensification
264,19950583,1995-07-03 02:00:00,-96.59168,-36.59326,5.38562,JJA,SAt,57905.305956919976,16.084807210255548,intensification
265,19950583,1995-07-03 03:00:00,-96.76764,-36.26671,5.36973,JJA,SAt,39576.40295481749,10.99344526522708,intensification
266,19950583,1995-07-03 04:00:00,-96.72308,-36.01713,5.34317,JJA,SAt,28039.04316254844,7.7886231007079,intensification
267,19950583,1995-07-03 05:00:00,-96.6037,-35.73669,5.34307,JJA,SAt,32986.43449511301,9.162898470864725,intensification
268,19950583,1995-07-03 06:00:00,-96.46884,-35.51785,5.33798,JJA,SAt,27215.97729550466,7.559993693195739,intensification
269,19950583,1995-07-03 07:00:00,-96.22638,-35.29287,5.34525,JJA,SAt,33297.423802880774,9.249284389689103,intensification
270,19950583,1995-07-03 08:00:00,-95.98508,-35.09495,5.35837,JJA,SAt,31066.409067972294,8.629558074436748,intensification
271,19950583,1995-07-03 09:00:00,-95.71243,-34.93634,5.33707,JJA,SAt,30455.987939069,8.459996649741388,intensification
272,19950583,1995-07-03 10:00:00,-95.27609,-34.86759,5.55349,JJA,SAt,40519.52542305594,11.25542372862665,intensification
273,19950583,1995-07-03 11:00:00,-95.02573,-34.69609,5.51796,JJA,SAt,29773.53062505161,8.270425173625448,intensification
274,19950583,1995-07-03 12:00:00,-94.71066,-34.5215,5.49759,JJA,SAt,34761.11429138679,9.655865080940774,intensification
275,19950583,1995-07-03 13:00:00,-94.37634,-34.3653,5.44041,JJA,SAt,35235.61434268347,9.787670650745408,intensification
276,19950583,1995-07-03 14:00:00,-94.0235,-34.22934,5.43017,JJA,SAt,35764.60829989199,9.934613416636664,intensification
277,19950583,1995-07-03 15:00:00,-93.6676,-34.06506,5.431,JJA,SAt,37501.4048559898,10.417056904441612,intensification
278,19950583,1995-07-03 16:00:00,-93.3129,-33.89709,5.45833,JJA,SAt,37662.69203072187,10.461858897422742,intensification
279,19950583,1995-07-03 17:00:00,-92.88693,-33.75343,5.44904,JJA,SAt,42467.468770098916,11.796519102805254,residual
280,19950583,1995-07-03 18:00:00,-92.40561,-33.57744,5.4695,JJA,SAt,48653.40955315833,13.514835986988425,residual
281,19950583,1995-07-03 19:00:00,-91.85852,-33.47086,5.46484,JJA,SAt,52080.46223506778,14.466795065296607,residual
282,19950583,1995-07-03 20:00:00,-91.31808,-33.34431,5.43611,JJA,SAt,52101.36736101153,14.472602044725425,residual
283,19950583,1995-07-03 21:00:00,-90.80362,-33.24367,5.40111,JJA,SAt,49108.001131546494,13.641111425429582,residual
284,19950583,1995-07-03 22:00:00,-90.04266,-33.2738,5.43079,JJA,SAt,70834.40552430619,19.676223756751718,intensification
285,19950583,1995-07-03 23:00:00,-89.51114,-33.1865,5.41786,JJA,SAt,50381.7152706127,13.994920908503529,intensification
286,19950583,1995-07-04 00:00:00,-88.99768,-33.12032,5.34627,JJA,SAt,48362.90611566282,13.434140587684118,intensification
287,19950583,1995-07-04 01:00:00,-88.49228,-33.00207,5.26784,JJA,SAt,48899.80097809105,13.583278049469737,intensification
288,19950583,1995-07-04 02:00:00,-87.91821,-32.95717,5.17518,JJA,SAt,53780.03840879544,14.938899557998733,intensification
289,19950583,1995-07-04 03:00:00,-87.45209,-32.78125,5.10874,JJA,SAt,47725.789143718954,13.257163651033043,intensification
290,19950583,1995-07-04 04:00:00,-86.88721,-32.74674,4.95789,JJA,SAt,52958.08465169826,14.710579069916182,mature
291,19950583,1995-07-04 05:00:00,-86.36264,-32.64207,4.95917,JJA,SAt,50448.91952073603,14.01358875576001,mature
292,19950583,1995-07-04 06:00:00,-85.80789,-32.59283,4.927,JJA,SAt,52244.58327418646,14.512384242829572,mature
293,19950583,1995-07-04 07:00:00,-85.27014,-32.56249,4.85271,JJA,SAt,50499.890267551906,14.027747296542197,decay
294,19950583,1995-07-04 08:00:00,-84.65289,-32.55069,4.81597,JJA,SAt,57864.656660493754,16.073515739026043,decay
295,19950583,1995-07-04 09:00:00,-84.11014,-32.5088,4.71623,JJA,SAt,51095.486901094,14.193190805859444,decay
296,19950583,1995-07-04 10:00:00,-82.68072,-32.86092,4.78084,JJA,SAt,139386.89122192594,38.718580894979425,decay
297,19950583,1995-07-04 11:00:00,-82.04004,-32.8131,4.7355,JJA,SAt,60093.03641789311,16.69251011608142,decay
298,19950583,1995-07-04 12:00:00,-81.06244,-32.98098,4.7218,JJA,SAt,93162.3561565147,25.878432265698528,decay
299,19950583,1995-07-04 13:00:00,-80.42633,-32.9758,4.59968,JJA,SAt,59338.33297842918,16.482870271785885,decay
300,19950583,1995-07-04 14:00:00,-79.84338,-32.92822,4.49232,JJA,SAt,54649.787164300404,15.18049643452789,decay
301,19950583,1995-07-04 15:00:00,-79.35123,-32.90099,4.34239,JJA,SAt,46039.96245415899,12.788878459488608,decay
302,19950583,1995-07-04 16:00:00,-79.07889,-32.72037,4.16355,JJA,SAt,32421.555997141702,9.005987776983806,decay
303,19950583,1995-07-04 17:00:00,-78.77344,-32.57632,4.07688,JJA,SAt,32778.23148262507,9.105064300729188,decay
304,19950583,1995-07-04 18:00:00,-78.37259,-32.44776,3.96928,JJA,SAt,40213.66676667442,11.170462990742895,decay
305,19950583,1995-07-04 19:00:00,-77.70493,-32.73218,3.81889,JJA,SAt,70091.50793195516,19.46986331443199,decay
306,19950583,1995-07-04 20:00:00,-77.50317,-32.70726,3.60557,JJA,SAt,19077.199704237344,5.299222140065929,decay
307,19950583,1995-07-04 21:00:00,-77.68814,-32.08025,3.37877,JJA,SAt,71850.87884678622,19.958577457440615,decay
308,19950583,1995-07-04 22:00:00,-76.65884,-32.56766,3.09222,JJA,SAt,110866.63780555321,30.796288279320336,decay
309,19950583,1995-07-04 23:00:00,-76.3786,-32.40983,2.81169,JJA,SAt,31604.932230347655,8.779147841763237,decay
310,19950583,1995-07-05 00:00:00,-75.91824,-32.36451,2.61043,JJA,SAt,43519.806541331745,12.08883515036993,decay
311,19950583,1995-07-05 01:00:00,-75.80539,-32.03305,2.44953,JJA,SAt,38355.82716621239,10.654396435058997,decay
312,19950583,1995-07-05 02:00:00,-76.26877,-31.27183,2.2746,JJA,SAt,95332.66374794688,26.481295485540798,decay
313,19950583,1995-07-05 03:00:00,-76.55908,-30.64739,2.12985,JJA,SAt,74749.22718735953,20.76367421871098,decay
314,19950583,1995-07-05 04:00:00,-76.43988,-30.34169,2.06179,JJA,SAt,35859.71367518621,9.961031576440615,residual
315,19950583,1995-07-05 05:00:00,-76.47876,-29.8481,1.93753,JJA,SAt,55012.09124172122,15.281136456033671,residual
316,19950583,1995-07-05 06:00:00,-76.3765,-29.48578,1.84935,JJA,SAt,41482.02994105473,11.522786094737425,residual
317,19950583,1995-07-05 07:00:00,-76.30557,-29.2493,1.79307,JJA,SAt,27178.922589029033,7.549700719174731,residual
318,19950583,1995-07-05 08:00:00,-76.17291,-29.00958,1.69921,JJA,SAt,29606.75364464596,8.224098234623877,residual
319,19950583,1995-07-05 09:00:00,-75.99994,-28.756,1.62865,JJA,SAt,32843.25498392921,9.123126384424781,residual
320,19950583,1995-07-05 10:00:00,-75.65994,-28.40012,1.59815,JJA,SAt,51654.623462514995,14.348506517365276,residual
321,19950583,1995-07-05 11:00:00,-75.41196,-28.36682,1.48037,JJA,SAt,24540.30448990899,6.816751247196942,residual
322,19950583,1995-07-05 12:00:00,-75.17499,-28.32655,1.38585,JJA,SAt,23618.6549340037,6.560737481667695,residual
323,19950583,1995-07-05 13:00:00,-75.4404,-27.89944,1.27407,JJA,SAt,54158.26532540755,15.043962590390986,residual
324,19950583,1995-07-05 14:00:00,-75.34689,-27.43691,1.24834,JJA,SAt,52248.98743470638,14.513607620751772,residual
325,19950583,1995-07-05 15:00:00,-75.13553,-26.99577,1.23586,JJA,SAt,53319.5147162744,14.810976310076223,residual
326,19950583,1995-07-05 16:00:00,-74.98578,-26.24384,1.21823,JJA,SAt,84925.76224803271,23.59048951334242,residual
327,19950583,1995-07-05 17:00:00,-74.35941,-26.01342,1.38439,JJA,SAt,67577.02600728767,18.771396113135463,residual
328,19950583,1995-07-05 18:00:00,-73.79865,-26.16547,1.60719,JJA,SAt,58496.97059276315,16.249158497989765,residual
329,19950583,1995-07-05 19:00:00,-73.64175,-26.1734,1.72307,JJA,SAt,15682.940477481165,4.356372354855879,residual
330,19950583,1995-07-05 20:00:00,-73.5108,-26.10077,1.7522,JJA,SAt,15365.585336020857,4.268218148894682,residual
331,19950583,1995-07-05 21:00:00,-73.50711,-26.11616,1.65803,JJA,SAt,1750.506107719218,0.4862516965886717,residual
332,19950583,1995-07-05 22:00:00,-73.41891,-26.63533,1.63392,JJA,SAt,58393.97064490504,16.220547401362513,intensification
333,19950583,1995-07-05 23:00:00,-73.32864,-27.04063,1.56034,JJA,SAt,45948.71173081275,12.763531036336875,intensification
334,19950583,1995-07-06 00:00:00,-73.13016,-27.29032,1.59014,JJA,SAt,34005.99749088667,9.446110414135186,intensification
335,19950583,1995-07-06 01:00:00,-72.93109,-27.5536,1.64322,JJA,SAt,35257.7762354645,9.793826732073473,intensification
336,19950583,1995-07-06 02:00:00,-72.71487,-27.66643,1.76012,JJA,SAt,24724.38408227923,6.8678844672997865,intensification
337,19950583,1995-07-06 03:00:00,-72.48721,-27.82385,1.93644,JJA,SAt,28431.45758876192,7.897627107989423,intensification
338,19950583,1995-07-06 04:00:00,-72.30301,-27.90628,2.03901,JJA,SAt,20294.933100808565,5.637481416891268,mature
339,19950583,1995-07-06 05:00:00,-72.11102,-28.15143,2.12483,JJA,SAt,33138.95026849762,9.20526396347156,mature
340,19950583,1995-07-06 06:00:00,-72.00915,-28.43761,2.18166,JJA,SAt,33348.30171345789,9.263417142627192,mature
341,19950583,1995-07-06 07:00:00,-71.95783,-28.55385,2.22524,JJA,SAt,13864.1995117145,3.8511665310318053,mature
342,19950583,1995-07-06 08:00:00,-71.93518,-28.54535,2.23577,JJA,SAt,2405.7605952644117,0.6682668320178922,mature
343,19950583,1995-07-06 09:00:00,-71.88211,-28.48867,2.24905,JJA,SAt,8161.371136328197,2.267047537868944,mature
344,19950583,1995-07-06 10:00:00,-71.8205,-28.1604,2.25297,JJA,SAt,36996.8070831022,10.276890856417277,mature
345,19950583,1995-07-06 11:00:00,-71.78271,-28.098,2.32516,JJA,SAt,7866.150616051059,2.1850418377919607,mature
346,19950583,1995-07-06 12:00:00,-71.68027,-28.16812,2.42166,JJA,SAt,12715.98575499767,3.5322182652771303,mature
347,19950583,1995-07-06 13:00:00,-71.54233,-28.22765,2.46685,JJA,SAt,15051.615965518897,4.18100443486636,mature
348,19950583,1995-07-06 14:00:00,-71.31821,-28.0592,2.59991,JJA,SAt,28874.320242680515,8.020644511855698,mature
349,19950583,1995-07-06 15:00:00,-71.17215,-27.83164,2.70404,JJA,SAt,29088.065955933842,8.080018321092734,mature
350,19950583,1995-07-06 16:00:00,-71.03717,-27.59447,2.78183,JJA,SAt,29530.386312717117,8.202885086865866,decay
351,19950583,1995-07-06 17:00:00,-70.91458,-27.50702,2.85157,JJA,SAt,15511.886904003624,4.30885747333434,decay
352,19950583,1995-07-06 18:00:00,-70.80536,-27.54538,2.90507,JJA,SAt,11583.84989535955,3.2177360820443193,decay
353,19950583,1995-07-06 19:00:00,-70.74426,-27.55373,2.89116,JJA,SAt,6094.790659973946,1.6929974055483183,decay
354,19950583,1995-07-06 20:00:00,-70.72409,-27.42642,2.81442,JJA,SAt,14295.373233852402,3.9709370094034453,decay
355,19950583,1995-07-06 21:00:00,-70.72662,-27.41777,2.68686,JJA,SAt,993.7243731415479,0.27603454809487443,decay
356,19950583,1995-07-06 22:00:00,-70.89587,-27.26193,2.73098,JJA,SAt,24078.172148685728,6.688381152412703,incipient
357,19950583,1995-07-06 23:00:00,-70.88599,-27.51927,2.62233,JJA,SAt,28631.563722688657,7.953212145191293,incipient
358,19950583,1995-07-07 00:00:00,-70.84949,-27.79124,2.50129,JJA,SAt,30454.649255241042,8.459624793122511,incipient
359,19950583,1995-07-07 01:00:00,-70.83072,-27.91388,2.40376,JJA,SAt,13761.253783832199,3.822570495508944,intensification
360,19950583,1995-07-07 02:00:00,-70.82074,-28.02121,2.27135,JJA,SAt,11974.747061972552,3.326318628325709,intensification
361,19950583,1995-07-07 03:00:00,-70.71024,-28.1662,2.17356,JJA,SAt,19427.211274482233,5.396447576245065,intensification
362,19950583,1995-07-07 04:00:00,-70.50403,-28.32593,2.19028,JJA,SAt,26897.313934137994,7.4714760928161095,intensification
363,19950583,1995-07-07 05:00:00,-70.31525,-28.43267,2.2411,JJA,SAt,21953.67226936206,6.098242297045017,intensification
364,19950583,1995-07-07 06:00:00,-70.20468,-28.49068,2.20659,JJA,SAt,12587.253681385395,3.4964593559403876,intensification
365,19950583,1995-07-07 07:00:00,-70.13437,-28.45783,2.16211,JJA,SAt,7782.81637201676,2.1618934366713223,intensification
366,19950583,1995-07-07 08:00:00,-70.12317,-28.35342,2.11124,JJA,SAt,11661.4440706672,3.239290019629778,intensification
367,19950583,1995-07-07 09:00:00,-70.09049,-28.24716,2.04051,JJA,SAt,12241.12214212184,3.4003117061449553,intensification
368,19950583,1995-07-07 10:00:00,-70.10361,-28.04962,2.05583,JJA,SAt,22003.109553249884,6.111974875902746,intensification
369,19950583,1995-07-07 11:00:00,-70.00293,-28.33365,1.98991,JJA,SAt,33088.187577248835,9.191163215902455,intensification
370,19950583,1995-07-07 12:00:00,-69.89069,-28.51962,1.95163,JJA,SAt,23411.22161446498,6.503117115129161,mature
371,19950583,1995-07-07 13:00:00,-69.73846,-28.52526,1.97602,JJA,SAt,14885.988210503463,4.1349967251398505,mature
372,19950583,1995-07-07 14:00:00,-69.55869,-28.23015,2.08794,JJA,SAt,37230.7343432015,10.341870650889305,mature
373,19950583,1995-07-07 15:00:00,-69.46661,-27.64308,2.3095,JJA,SAt,65903.03194844094,18.306397763455816,decay
374,19950583,1995-07-07 16:00:00,-69.38843,-27.25181,2.54823,JJA,SAt,44185.98071388331,12.273883531634254,decay
375,19950583,1995-07-07 17:00:00,-69.32413,-26.9265,2.63923,JJA,SAt,36728.6822562248,10.202411737840222,decay
376,19950583,1995-07-07 18:00:00,-69.38119,-26.71109,2.67439,JJA,SAt,24612.71571299717,6.836865475832547,decay
377,19950583,1995-07-07 19:00:00,-69.44577,-26.55479,2.66867,JJA,SAt,18527.313570498725,5.146475991805201,decay
378,19950583,1995-07-07 20:00:00,-69.4942,-26.56899,2.66195,JJA,SAt,5068.978121059768,1.4080494780721577,decay
379,19950583,1995-07-07 21:00:00,-69.57407,-26.5628,2.64116,JJA,SAt,7973.249107838089,2.2147914188439137,decay
380,19950583,1995-07-07 22:00:00,-69.69727,-26.7768,2.61571,JJA,SAt,26760.0011798426,7.433333661067389,decay
381,19950583,1995-07-07 23:00:00,-69.71793,-26.90913,2.49098,JJA,SAt,14856.526593635976,4.1268129426766595,decay
382,19950583,1995-07-08 00:00:00,-69.64542,-26.97802,2.43423,JJA,SAt,10504.29673479981,2.917860204111058,decay
383,19950583,1995-07-08 01:00:00,-69.53577,-27.03695,2.41209,JJA,SAt,12686.253034944719,3.523959176373533,decay
384,19950583,1995-07-08 02:00:00,-69.50687,-27.18173,2.34139,JJA,SAt,16350.98036877055,4.541938991325153,decay
385,19950583,1995-07-08 03:00:00,-69.5451,-27.36704,2.27325,JJA,SAt,20949.1102205421,5.819197283483917,decay
386,19950583,1995-07-08 04:00:00,-69.58252,-27.55001,2.24652,JJA,SAt,20677.668163866558,5.743796712185155,decay
387,19950583,1995-07-08 05:00:00,-69.58426,-27.75943,2.27062,JJA,SAt,23287.10504517187,6.468640290325519,decay
388,19950583,1995-07-08 06:00:00,-69.55899,-27.95594,2.32075,JJA,SAt,21991.711834501908,6.108808842917196,decay
389,19950583,1995-07-08 07:00:00,-69.51785,-28.11326,2.39897,JJA,SAt,17953.168505957405,4.9869912516548345,decay
390,19950583,1995-07-08 08:00:00,-69.48431,-28.17748,2.43147,JJA,SAt,7861.760307724699,2.183822307701305,decay
391,19950583,1995-07-08 09:00:00,-69.42575,-28.18308,2.4553,JJA,SAt,5773.4187045584995,1.6037274179329166,decay
392,19950583,1995-07-08 10:00:00,-69.51822,-27.57677,2.24121,JJA,SAt,68028.55173978272,18.896819927717424,decay
393,19950583,1995-07-08 11:00:00,-69.44321,-27.71024,2.1941,JJA,SAt,16578.712349102494,4.605197874750693,decay
394,19950583,1995-07-08 12:00:00,-69.4025,-28.03648,2.22255,JJA,SAt,36496.318842603316,10.137866345167588,decay
395,19950583,1995-07-08 13:00:00,-69.3316,-28.34668,2.32946,JJA,SAt,35185.63508815394,9.773787524487206,mature
396,19950583,1995-07-08 14:00:00,-69.21649,-28.36926,2.44196,JJA,SAt,11540.117328744866,3.205588146873574,decay 2
397,19950583,1995-07-08 15:00:00,-69.01074,-28.39461,2.63229,JJA,SAt,20324.783927279062,5.6457733131330725,decay 2
398,19950583,1995-07-08 16:00:00,-68.82983,-28.04299,2.77197,JJA,SAt,42928.727580729035,11.92464655020251,decay 2
399,19950583,1995-07-08 17:00:00,-68.7027,-27.60513,2.89737,JJA,SAt,50267.33505299372,13.96314862583159,decay 2
400,19950583,1995-07-08 18:00:00,-68.59073,-27.35245,2.9148,JJA,SAt,30190.0567184545,8.386126866237362,decay 2
401,19950583,1995-07-08 19:00:00,-68.48672,-27.30834,2.92684,JJA,SAt,11385.098543634609,3.162527373231836,decay 2
402,19950583,1995-07-08 20:00:00,-68.47101,-27.48825,2.96934,JJA,SAt,20065.13631027809,5.573648975077247,decay 2
403,19950583,1995-07-08 21:00:00,-68.49786,-27.93535,2.98968,JJA,SAt,49785.53335214917,13.829314820041436,decay 2
404,19950583,1995-07-08 22:00:00,-68.68451,-28.20621,2.88159,JJA,SAt,35248.85665504296,9.791349070845266,decay 2
405,19950583,1995-07-08 23:00:00,-68.7095,-28.55133,2.94429,JJA,SAt,38453.44519301435,10.681512553615097,decay 2
406,19950583,1995-07-09 00:00:00,-68.69876,-28.78243,2.99949,JJA,SAt,25718.538933798718,7.144038592721866,decay 2
407,19950583,1995-07-09 01:00:00,-68.64191,-28.9101,3.03771,JJA,SAt,15237.88918664623,4.2327469962906195,decay
408,19950583,1995-07-09 02:00:00,-68.5191,-28.89075,3.02065,JJA,SAt,12147.254238798856,3.374237288555238,decay
409,19950583,1995-07-09 03:00:00,-68.3501,-28.82338,2.87726,JJA,SAt,18083.154990302675,5.02309860841741,decay
410,19950583,1995-07-09 04:00:00,-68.21432,-28.84151,2.75169,JJA,SAt,13379.17096989341,3.716436380525947,decay
411,19950583,1995-07-09 05:00:00,-68.08878,-28.88877,2.66125,JJA,SAt,13306.713702422958,3.696309361784155,decay
412,19950583,1995-07-09 06:00:00,-68.03354,-28.6713,2.43987,JJA,SAt,24773.64285201117,6.8815674588919915,decay
413,19950583,1995-07-09 07:00:00,-67.99976,-28.24333,2.19658,JJA,SAt,47702.601577120055,13.250722660311126,decay
414,19950583,1995-07-09 08:00:00,-67.97949,-28.30192,2.0834,JJA,SAt,6810.6213973439235,1.8918392770399788,incipient
415,19950583,1995-07-09 09:00:00,-67.96747,-27.81355,1.91336,JJA,SAt,54317.15050927503,15.088097363687508,incipient
416,19950583,1995-07-09 10:00:00,-68.3865,-26.83834,1.74543,JJA,SAt,116070.49160785257,32.24180322440349,intensification
417,19950584,1995-07-02 03:00:00,-63.47656,-30.61691,2.05299,JJA,LA-PLATA,,,intensification
418,19950584,1995-07-02 04:00:00,-62.58633,-31.23019,2.25401,JJA,LA-PLATA,108909.65321415088,30.252681448375245,intensification
419,19950584,1995-07-02 05:00:00,-61.96426,-31.6438,2.46984,JJA,LA-PLATA,74821.56503768907,20.78376806602474,intensification
420,19950584,1995-07-02 06:00:00,-61.56583,-31.9252,2.71042,JJA,LA-PLATA,48962.36098776227,13.600655829933965,intensification
421,19950584,1995-07-02 07:00:00,-61.0997,-32.16348,2.90179,JJA,LA-PLATA,51305.18169239603,14.251439358998898,intensification
422,19950584,1995-07-02 08:00:00,-60.48645,-32.41964,3.08202,JJA,LA-PLATA,64297.307082289306,17.860363078413695,intensification
423,19950584,1995-07-02 09:00:00,-60.03558,-32.59896,3.25562,JJA,LA-PLATA,46744.65566088823,12.984626572468953,intensification
424,19950584,1995-07-02 10:00:00,-60.73077,-32.49541,3.23894,JJA,LA-PLATA,66170.72635961228,18.380757322114523,intensification
425,19950584,1995-07-02 11:00:00,-60.21936,-32.8158,3.38814,JJA,LA-PLATA,59677.65457892969,16.577126271924914,intensification
426,19950584,1995-07-02 12:00:00,-59.82199,-32.97236,3.58333,JJA,LA-PLATA,40982.758885982104,11.384099690550585,intensification
427,19950584,1995-07-02 13:00:00,-59.42956,-33.129,3.74451,JJA,LA-PLATA,40510.882299039185,11.253022860844219,intensification
428,19950584,1995-07-02 14:00:00,-59.15991,-33.18557,3.88328,JJA,LA-PLATA,25877.71679392798,7.188254664979994,incipient
429,19950584,1995-07-02 15:00:00,-58.95807,-33.1667,4.05257,JJA,LA-PLATA,18901.952135293388,5.250542259803719,incipient
430,19950584,1995-07-02 16:00:00,-58.68487,-33.18627,4.18124,JJA,LA-PLATA,25519.408150095715,7.088724486137698,intensification
431,19950584,1995-07-02 17:00:00,-58.47501,-33.21357,4.38167,JJA,LA-PLATA,19760.80063298124,5.489111286939234,intensification
432,19950584,1995-07-02 18:00:00,-58.2851,-33.19149,4.57406,JJA,LA-PLATA,17839.247068456843,4.9553464079046785,intensification
433,19950584,1995-07-02 19:00:00,-57.94785,-33.28686,4.62393,JJA,LA-PLATA,33109.29274717275,9.197025763103543,intensification
434,19950584,1995-07-02 20:00:00,-57.60397,-33.37113,4.67424,JJA,LA-PLATA,33294.55863105377,9.248488508626046,intensification
435,19950584,1995-07-02 21:00:00,-57.22104,-33.40405,4.75742,JJA,LA-PLATA,35740.770434580045,9.927991787383347,intensification
436,19950584,1995-07-02 22:00:00,-56.41275,-33.92084,4.59246,JJA,LA-PLATA,94329.90355591242,26.20275098775345,intensification
437,19950584,1995-07-02 23:00:00,-55.8501,-34.0749,4.5888,JJA,LA-PLATA,54624.701755238566,15.173528265344046,intensification
438,19950584,1995-07-03 00:00:00,-55.25131,-34.23043,4.69902,JJA,LA-PLATA,57750.19253256697,16.04172014793527,intensification
439,19950584,1995-07-03 01:00:00,-54.642,-34.37751,4.87133,JJA,LA-PLATA,58307.870772765455,16.196630770212625,intensification
440,19950584,1995-07-03 02:00:00,-54.01627,-34.50288,4.94334,JJA,LA-PLATA,59051.21460576341,16.403115168267615,intensification
441,19950584,1995-07-03 03:00:00,-53.00629,-34.75241,4.87915,JJA,LA-PLATA,96486.42520305752,26.801784778627088,intensification
442,19950584,1995-07-03 04:00:00,-52.24728,-34.89453,4.95812,JJA,LA-PLATA,71062.97972122124,19.739716589228124,intensification
443,19950584,1995-07-03 05:00:00,-51.04346,-35.24428,4.95627,JJA,LA-PLATA,116254.53166952665,32.292925463757406,intensification
444,19950584,1995-07-03 06:00:00,-49.91806,-35.58849,5.21281,JJA,LA-PLATA,108928.3133696884,30.257864824913444,intensification
445,19950584,1995-07-03 07:00:00,-48.7937,-35.96296,5.3732,JJA,LA-PLATA,109645.98655105697,30.457218486404713,intensification
446,19950584,1995-07-03 08:00:00,-47.93463,-36.29393,5.60617,JJA,LA-PLATA,85482.04896217093,23.745013600603034,intensification
447,19950584,1995-07-03 09:00:00,-46.95941,-36.70755,5.96259,JJA,LA-PLATA,98557.6874003628,27.377135388989668,intensification
448,19950584,1995-07-03 10:00:00,-45.88904,-36.94288,6.04716,JJA,LA-PLATA,98799.20371375096,27.44422325381971,intensification
449,19950584,1995-07-03 11:00:00,-45.1138,-37.22452,6.30182,JJA,LA-PLATA,75563.56177796554,20.989878271657094,intensification
450,19950584,1995-07-03 12:00:00,-44.44119,-37.45308,6.62054,JJA,LA-PLATA,64666.749773205294,17.962986048112583,intensification
451,19950584,1995-07-03 13:00:00,-43.53293,-37.82605,6.88283,JJA,LA-PLATA,90087.09650612358,25.024193473923216,intensification
452,19950584,1995-07-03 14:00:00,-42.7244,-38.07145,7.16325,JJA,LA-PLATA,75964.97549916957,21.101382083102656,intensification
453,19950584,1995-07-03 15:00:00,-42.08362,-38.28795,7.40695,JJA,LA-PLATA,60963.49193508284,16.934303315300788,intensification
454,19950584,1995-07-03 16:00:00,-41.21741,-38.62082,7.54533,JJA,LA-PLATA,84018.88560303667,23.338579334176853,intensification
455,19950584,1995-07-03 17:00:00,-40.67627,-38.72493,7.69724,JJA,LA-PLATA,48383.2126389108,13.439781288586333,residual
456,19950584,1995-07-03 18:00:00,-39.80756,-38.98142,7.96463,JJA,LA-PLATA,80449.58799165163,22.347107775458785,residual
457,19950584,1995-07-03 19:00:00,-39.11975,-39.10882,7.97768,JJA,LA-PLATA,61064.79073069465,16.962441869637402,residual
458,19950584,1995-07-03 20:00:00,-38.23691,-39.38977,8.21338,JJA,LA-PLATA,82189.14097187636,22.83031693663232,residual
459,19950584,1995-07-03 21:00:00,-37.30426,-39.63255,8.19554,JJA,LA-PLATA,84440.42984292281,23.455674956367446,residual
460,19950584,1995-07-03 22:00:00,-36.64966,-39.91027,7.793,JJA,LA-PLATA,63902.155771073834,17.750598825298287,intensification
461,19950584,1995-07-03 23:00:00,-35.8013,-40.14929,7.94902,JJA,LA-PLATA,76966.19371352097,21.379498253755827,intensification
462,19950584,1995-07-04 00:00:00,-34.86285,-40.38267,8.09834,JJA,LA-PLATA,83746.87003367077,23.263019453797437,intensification
463,19950584,1995-07-04 01:00:00,-33.86157,-40.6047,8.2345,JJA,LA-PLATA,88195.04075401196,24.49862243166999,intensification
464,19950584,1995-07-04 02:00:00,-33.13086,-40.7659,8.46721,JJA,LA-PLATA,64167.199018327876,17.82422194953552,intensification
465,19950584,1995-07-04 03:00:00,-32.27158,-40.99459,8.72771,JJA,LA-PLATA,76586.11998048834,21.273922216802315,intensification
466,19950584,1995-07-04 04:00:00,-31.43948,-41.18398,8.77812,JJA,LA-PLATA,72845.25472331692,20.234792978699144,mature
467,19950584,1995-07-04 05:00:00,-30.59158,-41.43338,9.10413,JJA,LA-PLATA,76057.1119722502,21.12697554784728,mature
468,19950584,1995-07-04 06:00:00,-29.82767,-41.5984,9.1812,JJA,LA-PLATA,66196.69092824646,18.387969702290683,mature
469,19950584,1995-07-04 07:00:00,-28.81067,-41.90794,9.28176,JJA,LA-PLATA,91114.42308750747,25.309561968752075,decay
470,19950584,1995-07-04 08:00:00,-27.87799,-42.15779,9.42165,JJA,LA-PLATA,81887.58205059888,22.7465505696108,decay
471,19950584,1995-07-04 09:00:00,-26.97571,-42.45049,9.58944,JJA,LA-PLATA,81025.21096851991,22.507003046811086,decay
472,19950584,1995-07-04 10:00:00,-27.19254,-42.10761,9.71758,JJA,LA-PLATA,42093.38538671549,11.692607051865414,decay
473,19950584,1995-07-04 11:00:00,-26.48498,-42.34451,9.65245,JJA,LA-PLATA,63938.58771534836,17.76071880981899,decay
474,19950584,1995-07-04 12:00:00,-25.70666,-42.56696,9.45989,JJA,LA-PLATA,68476.32472457856,19.021201312382935,decay
475,19950584,1995-07-04 13:00:00,-24.88119,-42.85004,9.41528,JJA,LA-PLATA,74430.31262426975,20.67508684007493,decay
476,19950584,1995-07-04 14:00:00,-24.11276,-43.06817,9.41915,JJA,LA-PLATA,67071.46318749856,18.63096199652738,decay
477,19950584,1995-07-04 15:00:00,-23.29163,-43.27053,9.24085,JJA,LA-PLATA,70290.85640849928,19.5252378912498,decay
478,19950584,1995-07-04 16:00:00,-22.55118,-43.44352,9.19284,JJA,LA-PLATA,62878.73301095968,17.466314725266578,decay
479,19950584,1995-07-04 17:00:00,-22.00928,-43.44025,9.32163,JJA,LA-PLATA,43752.08712784916,12.153357535513656,decay
480,19950584,1995-07-04 18:00:00,-21.2684,-43.49563,9.04465,JJA,LA-PLATA,60105.745061589696,16.696040294886025,decay
481,19950584,1995-07-04 19:00:00,-20.51031,-43.60022,9.10312,JJA,LA-PLATA,62194.30092338562,17.27619470094045,decay
482,19950584,1995-07-04 20:00:00,-19.70361,-43.75325,9.19945,JJA,LA-PLATA,67070.223141132,18.63061753920333,decay
483,19950584,1995-07-04 21:00:00,-18.81644,-43.95173,9.13467,JJA,LA-PLATA,74482.7174345248,20.689643731812446,decay
484,19950584,1995-07-04 22:00:00,-17.99356,-44.33254,8.92701,JJA,LA-PLATA,78130.75443697473,21.702987343604093,decay
485,19950584,1995-07-04 23:00:00,-17.06348,-44.65293,8.88879,JJA,LA-PLATA,81924.68628179659,22.756857300499053,decay
486,19950584,1995-07-05 00:00:00,-16.17252,-45.00836,8.85329,JJA,LA-PLATA,80612.41736115901,22.392338155877503,decay
487,19950584,1995-07-05 01:00:00,-15.27493,-45.27264,8.8807,JJA,LA-PLATA,76287.86666290853,21.191074073030148,decay
488,19950584,1995-07-05 02:00:00,-14.33365,-45.57474,8.83168,JJA,LA-PLATA,80775.99322161527,22.43777589489313,decay
489,19950584,1995-07-05 03:00:00,-13.46622,-45.77762,8.85809,JJA,LA-PLATA,71068.65950299797,19.741294306388323,decay
490,19950584,1995-07-05 04:00:00,-12.49676,-46.01276,8.80286,JJA,LA-PLATA,79450.19104046808,22.069497511241135,residual
491,19950584,1995-07-05 05:00:00,-11.55151,-46.09415,8.72146,JJA,LA-PLATA,73501.8321318826,20.41717559218961,residual
492,19950584,1995-07-05 06:00:00,-10.46359,-46.51669,8.7745,JJA,LA-PLATA,95869.77990027741,26.630494416743726,residual
493,19950584,1995-07-05 07:00:00,-9.3833,-46.84631,8.78683,JJA,LA-PLATA,90192.67957331179,25.05352210369772,residual
494,19950584,1995-07-05 08:00:00,-8.138,-47.49373,8.85384,JJA,LA-PLATA,118505.55704668102,32.918210290744724,residual
495,19950584,1995-07-05 09:00:00,-6.56204,-48.52897,8.97198,JJA,LA-PLATA,164293.15484454838,45.63698745681899,residual
496,19950584,1995-07-05 10:00:00,-7.95105,-46.89084,8.37502,JJA,LA-PLATA,209706.07647197685,58.25168790888246,residual
497,19950585,1995-07-02 10:00:00,-147.54474,-52.60376,2.53447,JJA,SAt,,,intensification
498,19950585,1995-07-02 11:00:00,-145.95348,-53.5193,2.4439,JJA,SAt,147203.24609566116,40.8897905821281,intensification
499,19950585,1995-07-02 12:00:00,-144.73392,-54.1809,2.39418,JJA,SAt,108677.27252349172,30.188131256525477,intensification
500,19950585,1995-07-02 13:00:00,-143.97714,-54.62713,2.31756,JJA,SAt,69721.11423405643,19.366976176126784,intensification
501,19950585,1995-07-02 14:00:00,-143.49773,-54.99589,2.23407,JJA,SAt,51235.02044200847,14.23195012278013,incipient
502,19950585,1995-07-02 15:00:00,-142.78693,-55.4419,2.15388,JJA,SAt,67024.35209347,18.617875581519446,incipient
503,19950585,1995-07-02 16:00:00,-141.86369,-56.00117,2.02451,JJA,SAt,84912.9623879891,23.58693399666364,intensification
504,19950585,1995-07-02 17:00:00,-140.84132,-56.64394,1.91728,JJA,SAt,95298.86535671527,26.471907043532017,intensification
505,19950585,1995-07-02 18:00:00,-139.80568,-57.2478,1.87317,JJA,SAt,91942.62591062297,25.53961830850638,intensification
506,19950585,1995-07-02 19:00:00,-138.92883,-57.81013,1.89443,JJA,SAt,81545.456988051,22.651515830014166,intensification
507,19950585,1995-07-02 20:00:00,-138.18143,-58.37822,1.93444,JJA,SAt,76938.13902423921,21.37170528451089,intensification
508,19950585,1995-07-02 21:00:00,-137.27013,-58.90794,1.98035,JJA,SAt,79055.04706932676,21.95973529703521,intensification
509,19950585,1995-07-02 22:00:00,-134.28987,-58.96612,2.16819,JJA,SAt,171098.82162642112,47.52745045178364,intensification
510,19950585,1995-07-02 23:00:00,-132.91559,-59.24759,2.11297,JJA,SAt,84470.3302964194,23.463980637894277,intensification
511,19950585,1995-07-03 00:00:00,-131.48361,-59.47892,2.08132,JJA,SAt,85119.69391405421,23.644359420570613,intensification
512,19950585,1995-07-03 01:00:00,-130.14632,-59.67943,2.08056,JJA,SAt,78524.0006574205,21.81222240483903,intensification
513,19950585,1995-07-03 02:00:00,-128.65494,-59.81306,2.11013,JJA,SAt,84861.37079376566,23.572602998268238,intensification
514,19950585,1995-07-03 03:00:00,-127.28848,-59.9618,2.16745,JJA,SAt,78002.23626393423,21.66728785109284,intensification
515,19950585,1995-07-03 04:00:00,-125.99516,-60.13889,2.22295,JJA,SAt,74446.01804219329,20.679449456164804,intensification
516,19950585,1995-07-03 05:00:00,-124.68294,-60.30756,2.31926,JJA,SAt,74849.74525615275,20.791595904486876,intensification
517,19950585,1995-07-03 06:00:00,-123.0544,-60.39889,2.41134,JJA,SAt,90145.77809035467,25.040493913987408,intensification
518,19950585,1995-07-03 07:00:00,-121.31572,-60.47548,2.4902,JJA,SAt,95762.58502017637,26.6007180611601,intensification
519,19950585,1995-07-03 08:00:00,-119.63782,-60.5677,2.54588,JJA,SAt,92380.65406392449,25.66129279553458,intensification
520,19950585,1995-07-03 09:00:00,-117.84262,-60.5962,2.60569,JJA,SAt,98095.86932123922,27.248852589233117,intensification
521,19950585,1995-07-03 10:00:00,-115.97078,-60.45057,2.75162,JJA,SAt,103687.36318680772,28.80204532966881,intensification
522,19950585,1995-07-03 11:00:00,-114.25461,-60.40985,2.70715,JJA,SAt,94277.37145567458,26.188158737687385,intensification
523,19950585,1995-07-03 12:00:00,-112.50772,-60.32056,2.70457,JJA,SAt,96557.47974354743,26.8215221509854,intensification
524,19950585,1995-07-03 13:00:00,-110.73262,-60.11122,2.73174,JJA,SAt,100768.3242932993,27.99120119258314,intensification
525,19950585,1995-07-03 14:00:00,-109.0542,-59.93159,2.91101,JJA,SAt,95367.89571436052,26.49108214287792,intensification
526,19950585,1995-07-03 15:00:00,-107.65904,-59.83875,3.11574,JJA,SAt,78516.66235270894,21.810183986863596,intensification
527,19950585,1995-07-03 16:00:00,-106.2419,-59.76639,3.3235,JJA,SAt,79665.07407304739,22.129187242513165,intensification
528,19950585,1995-07-03 17:00:00,-104.89793,-59.68794,3.53322,JJA,SAt,75838.88037183185,21.06635565884218,residual
529,19950585,1995-07-03 18:00:00,-103.54865,-59.59007,3.72988,JJA,SAt,76609.3122481843,21.28036451338453,residual
530,19950585,1995-07-03 19:00:00,-102.27515,-59.50779,3.8843,JJA,SAt,72346.41692726641,20.09622692424067,residual
531,19950585,1995-07-03 20:00:00,-100.97171,-59.40033,3.99218,JJA,SAt,74622.35628179315,20.7284323004981,residual
532,19950585,1995-07-03 21:00:00,-99.79883,-59.37581,4.15216,JJA,SAt,66466.86614185727,18.46301837273813,residual
533,19950585,1995-07-03 22:00:00,-98.61981,-59.30356,4.3635,JJA,SAt,67334.77794959111,18.70410498599753,intensification
534,19950585,1995-07-03 23:00:00,-97.41278,-59.1829,4.50936,JJA,SAt,69935.22773073682,19.426452147426893,intensification
535,19950585,1995-07-04 00:00:00,-96.2417,-58.98863,4.64535,JJA,SAt,70300.2770664524,19.52785474068122,intensification
536,19950585,1995-07-04 01:00:00,-95.07651,-58.83009,4.82823,JJA,SAt,69188.2125242875,19.218947923413197,intensification
537,19950585,1995-07-04 02:00:00,-94.01584,-58.66636,5.03656,JJA,SAt,63838.204421855735,17.732834561626593,intensification
538,19950585,1995-07-04 03:00:00,-92.93988,-58.54846,5.27272,JJA,SAt,63684.371888836395,17.690103302454553,intensification
539,19950585,1995-07-04 04:00:00,-91.83569,-58.40208,5.55866,JJA,SAt,66228.23169858479,18.396731027384664,mature
540,19950585,1995-07-04 05:00:00,-90.74173,-58.18082,5.83972,JJA,SAt,68504.79137304287,19.029108714734132,mature
541,19950585,1995-07-04 06:00:00,-89.66864,-57.94384,6.18114,JJA,SAt,68399.66010961891,18.99990558600525,mature
542,19950585,1995-07-04 07:00:00,-88.68152,-57.72238,6.43099,JJA,SAt,63412.25755019613,17.614515986165593,decay
543,19950585,1995-07-04 08:00:00,-87.69833,-57.4721,6.70684,JJA,SAt,64857.57342618625,18.01599261838507,decay
544,19950585,1995-07-04 09:00:00,-86.7258,-57.1902,6.93179,JJA,SAt,66255.47295552507,18.404298043201408,decay
545,19950585,1995-07-04 10:00:00,-85.78271,-56.94153,6.76094,JJA,SAt,63364.16826843066,17.60115785234185,decay
546,19950585,1995-07-04 11:00:00,-84.90414,-56.62117,6.86821,JJA,SAt,64289.96113303866,17.858322536955185,decay
547,19950585,1995-07-04 12:00:00,-84.08685,-56.3314,6.93469,JJA,SAt,59642.445749710576,16.567346041586273,decay
548,19950585,1995-07-04 13:00:00,-83.401,-56.06784,6.98096,JJA,SAt,51562.97250178264,14.323047917161846,decay
549,19950585,1995-07-04 14:00:00,-82.7117,-55.81121,6.99674,JJA,SAt,51546.32857056428,14.318424602934522,decay
550,19950585,1995-07-04 15:00:00,-82.13257,-55.64881,7.04925,JJA,SAt,40508.68618394084,11.252412828872455,decay
551,19950585,1995-07-04 16:00:00,-81.62854,-55.57027,7.04811,JJA,SAt,32838.7315200524,9.121869866681223,decay
552,19950585,1995-07-04 17:00:00,-81.16559,-55.50092,7.00823,JJA,SAt,30134.27590884557,8.370632196901548,decay
553,19950585,1995-07-04 18:00:00,-80.72311,-55.49451,6.92431,JJA,SAt,27878.77626287872,7.744104517466312,decay
554,19950585,1995-07-04 19:00:00,-80.26776,-55.51932,6.80086,JJA,SAt,28805.984401620102,8.001662333783361,decay
555,19950585,1995-07-04 20:00:00,-79.84051,-55.54904,6.7288,JJA,SAt,27087.821620136878,7.524394894482466,decay
556,19950585,1995-07-04 21:00:00,-79.44748,-55.56169,6.6272,JJA,SAt,24758.795218840114,6.877443116344476,decay
557,19950585,1995-07-04 22:00:00,-79.12738,-55.60995,6.24992,JJA,SAt,20819.881129365946,5.783300313712763,decay
558,19950585,1995-07-04 23:00:00,-78.85037,-55.62051,6.13009,JJA,SAt,17435.01625288763,4.8430600702465645,decay
559,19950585,1995-07-05 00:00:00,-78.56439,-55.59373,6.12031,JJA,SAt,18207.58975965327,5.0576638221259085,decay
560,19950585,1995-07-05 01:00:00,-78.29233,-55.5842,6.14724,JJA,SAt,17128.83849864797,4.75801069406888,decay
561,19950585,1995-07-05 02:00:00,-78.03888,-55.58778,6.19731,JJA,SAt,15932.773086510928,4.425770301808591,decay
562,19950585,1995-07-05 03:00:00,-77.79379,-55.64684,6.21869,JJA,SAt,16732.71910323965,4.647977528677681,decay
563,19950585,1995-07-05 04:00:00,-77.64514,-55.74948,6.20869,JJA,SAt,14731.865689696817,4.0921849138046715,residual
564,19950585,1995-07-05 05:00:00,-77.44424,-55.83377,6.2001,JJA,SAt,15670.920826985326,4.353033563051479,residual
565,19950585,1995-07-05 06:00:00,-77.29144,-55.91512,6.16817,JJA,SAt,13140.83269929329,3.6502313053592474,residual
566,19950585,1995-07-05 07:00:00,-77.16773,-55.94446,6.12179,JJA,SAt,8368.338302769003,2.3245384174358343,residual
567,19950585,1995-07-05 08:00:00,-77.07324,-55.98608,6.07164,JJA,SAt,7483.281178522951,2.0786892162563753,residual
568,19950585,1995-07-05 09:00:00,-76.98395,-56.00223,6.05212,JJA,SAt,5836.009595057091,1.6211137764047476,residual
569,19950585,1995-07-05 10:00:00,-78.34894,-56.72541,5.68854,JJA,SAt,116335.04771119701,32.315291030888055,residual
570,19950585,1995-07-05 11:00:00,-77.86417,-56.56891,5.69079,JJA,SAt,34367.43001639379,9.546508337887163,residual
571,19950585,1995-07-05 12:00:00,-77.58594,-56.40286,5.642,JJA,SAt,25153.777497757983,6.987160416043884,residual
572,19950585,1995-07-05 13:00:00,-77.28436,-56.23699,5.58544,JJA,SAt,26191.762524005062,7.275489590001406,residual
573,19950585,1995-07-05 14:00:00,-77.07303,-56.08986,5.57621,JJA,SAt,20949.090401362664,5.819191778156296,residual
574,19950585,1995-07-05 15:00:00,-76.9006,-55.98935,5.60914,JJA,SAt,15479.824702959235,4.299951306377565,residual
575,19950585,1995-07-05 16:00:00,-76.67804,-55.92791,5.6027,JJA,SAt,15446.438249993182,4.290677291664773,residual
576,19950585,1995-07-05 17:00:00,-76.47766,-55.86926,5.63765,JJA,SAt,14092.059129401123,3.9144608692780896,residual
577,19950585,1995-07-05 18:00:00,-76.26672,-55.80028,5.61974,JJA,SAt,15242.64454066432,4.234067927962311,residual
578,19950585,1995-07-05 19:00:00,-76.05765,-55.72205,5.54257,JJA,SAt,15708.51714902001,4.363476985838892,residual
579,19950585,1995-07-05 20:00:00,-75.76819,-55.59762,5.44122,JJA,SAt,22827.50659803645,6.340974055010125,residual
580,19950585,1995-07-05 21:00:00,-75.52151,-55.49693,5.28488,JJA,SAt,19135.101564190827,5.315305990053007,residual
581,19950585,1995-07-05 22:00:00,-75.45496,-55.68902,5.3291,JJA,SAt,21764.91898887561,6.045810830243225,intensification
582,19950585,1995-07-05 23:00:00,-75.1521,-55.54537,5.10642,JJA,SAt,24835.797838016377,6.898832732782327,intensification
583,19950585,1995-07-06 00:00:00,-74.91879,-55.38937,4.92071,JJA,SAt,22741.503889587213,6.317084413774226,intensification
584,19950585,1995-07-06 01:00:00,-74.72681,-55.25271,4.66118,JJA,SAt,19453.612707328753,5.403781307591321,intensification
585,19950586,1995-07-02 14:00:00,16.38853,-42.94883,2.92638,JJA,SAt,,,incipient
586,19950586,1995-07-02 15:00:00,17.23993,-42.70459,2.88701,JJA,SAt,74555.28039972535,20.70980011103482,incipient
587,19950586,1995-07-02 16:00:00,18.12639,-42.41935,2.65021,JJA,SAt,79226.61392991054,22.007392758308484,intensification
588,19950586,1995-07-02 17:00:00,19.11005,-42.0359,2.54381,JJA,SAt,91529.17784137458,25.424771622604048,intensification
589,19950586,1995-07-02 18:00:00,20.10941,-41.65387,2.53808,JJA,SAt,93044.40548762081,25.84566819100578,intensification
590,19950586,1995-07-02 19:00:00,21.1853,-41.36958,2.61936,JJA,SAt,94997.10194403573,26.38808387334326,intensification
591,19950586,1995-07-02 20:00:00,22.29935,-41.07701,2.7243,JJA,SAt,98688.89467543403,27.41358185428723,intensification
592,19950586,1995-07-02 21:00:00,23.22422,-40.83034,2.92306,JJA,SAt,82369.92171340578,22.880533809279385,intensification
593,19950586,1995-07-02 22:00:00,24.81435,-40.73873,2.98429,JJA,SAt,134264.09154784915,37.29558098551365,intensification
594,19950586,1995-07-02 23:00:00,25.88924,-40.49088,3.28281,JJA,SAt,94822.5012605706,26.339583683491835,intensification
595,19950586,1995-07-03 00:00:00,27.03116,-40.30806,3.56505,JJA,SAt,98810.71872329059,27.44742186758072,intensification
596,19950586,1995-07-03 01:00:00,28.10963,-40.17522,3.70624,JJA,SAt,92722.06847557442,25.756130132104005,intensification
597,19950586,1995-07-03 02:00:00,29.19173,-40.03612,3.76816,JJA,SAt,93320.96112380837,25.922489201057882,intensification
598,19950586,1995-07-03 03:00:00,30.25918,-39.91946,3.85919,JJA,SAt,91875.15021713947,25.52087506031652,intensification
599,19950586,1995-07-03 04:00:00,31.43845,-39.88182,3.89548,JJA,SAt,100682.97426840756,27.967492852335432,intensification
600,19950586,1995-07-03 05:00:00,32.71532,-39.89831,3.97435,JJA,SAt,108953.67906638556,30.264910851773767,intensification
601,19950586,1995-07-03 06:00:00,33.93754,-39.82653,4.09832,JJA,SAt,104622.68980642907,29.06185827956363,intensification
602,19950586,1995-07-03 07:00:00,35.06361,-39.81699,4.27887,JJA,SAt,96174.19762222064,26.71505489506129,intensification
603,19950586,1995-07-03 08:00:00,36.161,-39.75159,4.39106,JJA,SAt,94051.69216199245,26.125470044997904,intensification
604,19950586,1995-07-03 09:00:00,37.14924,-39.7043,4.40857,JJA,SAt,84676.09130419002,23.521136473386118,intensification
605,19950586,1995-07-03 10:00:00,38.64101,-39.86634,4.62701,JJA,SAt,128733.71144600403,35.759364290556675,intensification
606,19950586,1995-07-03 11:00:00,39.94492,-39.98595,4.64658,JJA,SAt,111979.17752600134,31.105327090555928,intensification
607,19950586,1995-07-03 12:00:00,41.29967,-40.1252,4.63452,JJA,SAt,116337.9510951793,32.316097526438696,intensification
608,19950586,1995-07-03 13:00:00,42.8395,-40.36517,4.65421,JJA,SAt,133385.42142504462,37.05150595140128,intensification
609,19950586,1995-07-03 14:00:00,44.28514,-40.59679,4.58064,JJA,SAt,124949.9541901488,34.70832060837466,intensification
610,19950586,1995-07-03 15:00:00,45.61005,-40.71645,4.75323,JJA,SAt,112551.81498289408,31.26439305080391,intensification
611,19950586,1995-07-03 16:00:00,46.90534,-40.90839,4.69032,JJA,SAt,111078.0544944166,30.855015137337944,intensification
612,19950586,1995-07-03 17:00:00,48.03839,-40.94585,4.74115,JJA,SAt,95281.03253553763,26.466953482093786,residual
613,19950586,1995-07-03 18:00:00,49.30611,-41.12351,4.67018,JJA,SAt,108149.53817722654,30.041538382562926,residual
614,19950586,1995-07-03 19:00:00,50.69921,-41.40107,4.58157,JJA,SAt,120461.69001261608,33.461580559060025,residual
615,19950586,1995-07-03 20:00:00,52.01613,-41.63835,4.4359,JJA,SAt,112768.64520229008,31.3246236673028,residual
616,19950586,1995-07-03 21:00:00,53.6913,-42.18221,4.51604,JJA,SAt,151234.50121561225,42.009583671003405,residual
617,19950586,1995-07-03 22:00:00,55.72835,-42.99114,4.29109,JJA,SAt,189472.2730652869,52.63118696257969,intensification
618,19950586,1995-07-03 23:00:00,57.91175,-44.15747,4.66633,JJA,SAt,218521.76618014034,60.70049060559454,intensification
619,19950587,1995-07-02 18:00:00,-18.03278,-74.441,1.3847,JJA,SAt,,,intensification
620,19950587,1995-07-02 19:00:00,-18.58945,-74.24806,1.58529,JJA,SAt,27189.522367121077,7.552645101978077,intensification
621,19950587,1995-07-02 20:00:00,-19.12949,-74.01985,1.67404,JJA,SAt,30223.072070895978,8.395297797471105,intensification
622,19950587,1995-07-02 21:00:00,-19.65793,-73.77412,1.76691,JJA,SAt,31815.18402775313,8.837551118820313,intensification
623,19950587,1995-07-02 22:00:00,-20.20193,-73.42493,1.71777,JJA,SAt,42418.15699456268,11.782821387378522,intensification
624,19950587,1995-07-02 23:00:00,-20.89636,-73.17242,1.73552,JJA,SAt,35787.83782412538,9.94106606225705,intensification
625,19950587,1995-07-03 00:00:00,-21.38092,-72.9173,1.77295,JJA,SAt,32428.79868435127,9.007999634542019,intensification
626,19950587,1995-07-03 01:00:00,-21.75177,-72.305,1.68889,JJA,SAt,69190.77229819534,19.21965897172093,intensification
627,19950587,1995-07-03 02:00:00,-21.80814,-71.64281,1.65043,JJA,SAt,73657.80733511542,20.46050203753206,intensification
628,19950587,1995-07-03 03:00:00,-21.70422,-71.19488,1.69436,JJA,SAt,49943.511459137815,13.873197627538282,intensification
629,19950587,1995-07-03 04:00:00,-21.35815,-70.75594,1.74755,JJA,SAt,50393.91445275312,13.9983095702092,intensification
630,19950587,1995-07-03 05:00:00,-21.04678,-70.39314,1.7848,JJA,SAt,41952.633275615895,11.653509243226637,intensification
631,19950587,1995-07-03 06:00:00,-20.96585,-70.19432,1.78913,JJA,SAt,22315.079911362773,6.198633308711881,intensification
632,19950587,1995-07-03 07:00:00,-20.68304,-69.94909,1.79156,JJA,SAt,29299.263473226118,8.138684298118365,intensification
633,19950587,1995-07-03 08:00:00,-20.30499,-69.67909,1.80793,JJA,SAt,33343.16364667154,9.261989901853207,intensification
634,19950587,1995-07-03 09:00:00,-19.56171,-69.29665,1.83986,JJA,SAt,51449.54912054418,14.291541422373383,intensification
635,19950587,1995-07-03 10:00:00,-20.67065,-68.29881,2.18812,JJA,SAt,119577.11888174604,33.215866356040564,intensification
636,19950587,1995-07-03 11:00:00,-20.78204,-68.03814,2.30648,JJA,SAt,29348.91003654241,8.152475010150669,intensification
637,19950587,1995-07-03 12:00:00,-20.6608,-67.77691,2.4441,JJA,SAt,29486.680832050144,8.190744675569485,intensification
638,19950587,1995-07-03 13:00:00,-20.45172,-67.53766,2.53943,JJA,SAt,28032.983157833118,7.786939766064755,intensification
639,19950587,1995-07-03 14:00:00,-20.11789,-67.33897,2.6033,JJA,SAt,26285.980576091617,7.3016612711365605,intensification
640,19950587,1995-07-03 15:00:00,-19.8938,-67.17872,2.65187,JJA,SAt,20255.84315288039,5.62662309802233,intensification
641,19950587,1995-07-03 16:00:00,-19.67529,-67.02432,2.68933,JJA,SAt,19599.387513067166,5.444274309185324,intensification
642,19950587,1995-07-03 17:00:00,-19.64041,-66.82647,2.69642,JJA,SAt,22052.399448581626,6.125666513494896,residual
643,19950587,1995-07-03 18:00:00,-19.7724,-66.55739,2.68312,JJA,SAt,30478.696788881145,8.466304663578097,residual
644,19950587,1995-07-03 19:00:00,-19.99588,-66.2647,2.66736,JJA,SAt,34030.95607173547,9.453043353259853,residual
645,19950587,1995-07-03 20:00:00,-20.26721,-65.95048,2.67055,JJA,SAt,37014.84299383223,10.281900831620064,residual
646,19950587,1995-07-03 21:00:00,-20.5997,-65.60169,2.71258,JJA,SAt,41644.66559635473,11.567962665654091,residual
647,19950588,1995-07-03 03:00:00,-89.83225,-38.68193,5.10764,JJA,SAt,,,intensification
648,19950588,1995-07-03 04:00:00,-88.75613,-38.77615,5.06604,JJA,SAt,93933.31061339343,26.092586281498175,intensification
649,19950588,1995-07-03 05:00:00,-87.80182,-38.87995,5.12195,JJA,SAt,83468.02563993068,23.185562677758522,intensification
650,19950588,1995-07-03 06:00:00,-87.03278,-39.02632,5.19158,JJA,SAt,68462.91935144001,19.017477597622225,intensification
651,19950588,1995-07-03 07:00:00,-86.28284,-39.11021,5.27639,JJA,SAt,65411.69608951681,18.169915580421335,intensification
652,19950588,1995-07-03 08:00:00,-85.63153,-39.25911,5.36689,JJA,SAt,58526.27213663797,16.25729781573277,intensification
653,19950588,1995-07-03 09:00:00,-85.0647,-39.44235,5.47807,JJA,SAt,52826.239475251765,14.673955409792157,intensification
654,19950588,1995-07-03 10:00:00,-84.57416,-39.27168,5.66356,JJA,SAt,46248.15140078896,12.846708722441377,intensification
655,19950588,1995-07-03 11:00:00,-84.01148,-39.43068,5.7521,JJA,SAt,51510.7134371014,14.308531510305945,intensification
656,19950588,1995-07-03 12:00:00,-83.4122,-39.61232,5.80164,JJA,SAt,55228.3668052455,15.341213001457085,intensification
657,19950588,1995-07-03 13:00:00,-82.85193,-39.75922,5.89782,JJA,SAt,50649.07979404329,14.06918883167869,intensification
658,19950588,1995-07-03 14:00:00,-82.31638,-39.87097,6.01232,JJA,SAt,47399.32998544307,13.166480551511965,intensification
659,19950588,1995-07-03 15:00:00,-81.84662,-39.98164,6.10595,JJA,SAt,41905.05484663122,11.640293012953116,intensification
660,19950588,1995-07-03 16:00:00,-81.38275,-40.06539,6.18502,JJA,SAt,40581.91385201703,11.272753847782509,intensification
661,19950588,1995-07-03 17:00:00,-80.95215,-40.18654,6.19639,JJA,SAt,39010.647564745566,10.836290990207102,residual
662,19950588,1995-07-03 18:00:00,-80.53342,-40.29509,6.21486,JJA,SAt,37535.092566248335,10.42641460173565,residual
663,19950588,1995-07-03 19:00:00,-80.10541,-40.41169,6.22658,JJA,SAt,38516.39903952311,10.698999733200864,residual
664,19950588,1995-07-03 20:00:00,-79.72168,-40.52485,6.26274,JJA,SAt,34814.40485333198,9.670668014814439,residual
665,19950588,1995-07-03 21:00:00,-79.35034,-40.64244,6.29199,JJA,SAt,33975.63250926078,9.437675697016884,residual
666,19950588,1995-07-03 22:00:00,-78.84375,-40.74822,6.05481,JJA,SAt,44298.94698511559,12.305263051420997,intensification
667,19950588,1995-07-03 23:00:00,-78.49841,-40.84109,5.98749,JJA,SAt,30850.669523965928,8.569630423323868,intensification
668,19950588,1995-07-04 00:00:00,-78.13501,-40.91517,5.93515,JJA,SAt,31643.770728651212,8.789936313514225,intensification
669,19950588,1995-07-04 01:00:00,-77.8342,-41.02991,5.72322,JJA,SAt,28294.306292418085,7.85952952567169,intensification
670,19950588,1995-07-04 02:00:00,-77.47797,-41.12812,5.48077,JJA,SAt,31793.266234738378,8.831462842982882,intensification
671,19950588,1995-07-04 03:00:00,-77.06552,-41.30193,5.28418,JJA,SAt,39544.225460728296,10.984507072424526,intensification
672,19950588,1995-07-04 04:00:00,-76.69605,-41.46371,5.06886,JJA,SAt,35690.26671084657,9.913962975235158,mature
673,19950588,1995-07-04 05:00:00,-76.30518,-41.60137,4.80697,JJA,SAt,35956.28523420167,9.987857009500464,mature
674,19950588,1995-07-04 06:00:00,-75.82727,-41.9174,4.62125,JJA,SAt,52974.04811098472,14.715013364162422,mature
675,19950588,1995-07-04 07:00:00,-75.36899,-42.13994,4.48919,JJA,SAt,45223.1369492969,12.561982485915806,decay
676,19950588,1995-07-04 08:00:00,-74.93655,-42.33355,4.26073,JJA,SAt,41604.09771145404,11.556693808737233,decay
677,19950588,1995-07-04 09:00:00,-74.54733,-42.4592,3.99904,JJA,SAt,34882.0194045429,9.689449834595251,decay
678,19950588,1995-07-04 10:00:00,-73.82349,-42.5894,3.16799,JJA,SAt,61059.47290552367,16.960964695978795,decay
679,19950589,1995-07-03 10:00:00,-12.58179,-41.60817,1.72592,JJA,SAt,,,intensification
680,19950589,1995-07-03 11:00:00,-11.36841,-41.57723,1.76799,JJA,SAt,100963.54256000335,28.04542848888982,intensification
681,19950589,1995-07-03 12:00:00,-10.18579,-41.54347,1.8084,JJA,SAt,98467.79752529149,27.352165979247637,intensification
682,19950589,1995-07-03 13:00:00,-9.17172,-41.5284,1.84058,JJA,SAt,84421.21597485563,23.45033777079323,intensification
683,19950589,1995-07-03 14:00:00,-8.09146,-41.36577,1.86068,JJA,SAt,91835.1154574609,25.50975429373914,intensification
684,19950589,1995-07-03 15:00:00,-7.04254,-41.35164,1.83654,JJA,SAt,87558.1475405303,24.321707650147307,intensification
685,19950589,1995-07-03 16:00:00,-5.85535,-41.29214,1.87853,JJA,SAt,99360.5818093338,27.600161613703833,intensification
686,19950589,1995-07-03 17:00:00,-4.79095,-41.21257,1.91289,JJA,SAt,89419.80660965912,24.838835169349757,residual
687,19950589,1995-07-03 18:00:00,-3.68512,-41.10786,1.98951,JJA,SAt,93303.96224147186,25.91776728929774,residual
688,19950589,1995-07-03 19:00:00,-2.62512,-41.04543,2.04717,JJA,SAt,89121.88391306948,24.75607886474152,residual
689,19950589,1995-07-03 20:00:00,-1.51871,-41.0133,2.1048,JJA,SAt,92876.65840116118,25.79907177810033,residual
690,19950589,1995-07-03 21:00:00,-0.10419,-40.87611,2.24396,JJA,SAt,119780.03355737744,33.272231543715954,residual
691,19950589,1995-07-03 22:00:00,-0.46402,-41.52243,2.33983,JJA,SAt,77918.2794414576,21.643966511516002,intensification
692,19950589,1995-07-03 23:00:00,0.65129,-41.34965,2.44106,JJA,SAt,94938.42407187013,26.37178446440837,intensification
693,19950589,1995-07-04 00:00:00,2.24207,-40.82521,2.60355,JJA,SAt,145513.7395926405,40.420483220177914,intensification
694,19950589,1995-07-04 01:00:00,3.75927,-40.48101,2.90508,JJA,SAt,133589.0219524517,37.108061653458805,intensification
695,19950589,1995-07-04 02:00:00,5.09225,-40.24123,3.22444,JJA,SAt,116044.17148771367,32.234492079920464,intensification
696,19950589,1995-07-04 03:00:00,6.21732,-40.1526,3.49443,JJA,SAt,96063.14802399241,26.684207784442336,intensification
697,19950589,1995-07-04 04:00:00,7.21748,-40.08299,3.56721,JJA,SAt,85397.8962310366,23.721637841954614,mature
698,19950589,1995-07-04 05:00:00,8.2984,-40.00898,3.60324,JJA,SAt,92377.84847468286,25.660513465189684,mature
699,19950589,1995-07-04 06:00:00,9.46249,-39.91822,3.65032,JJA,SAt,99721.71099438494,27.700475276218036,mature
700,19950589,1995-07-04 07:00:00,10.69941,-39.79003,3.71794,JJA,SAt,106542.96128909012,29.595267024747255,decay
701,19950589,1995-07-04 08:00:00,11.99177,-39.71273,3.71652,JJA,SAt,110816.35984279071,30.782322178552977,decay
702,19950589,1995-07-04 09:00:00,13.47176,-39.58221,3.88545,JJA,SAt,127541.4842825215,35.428190078478195,decay
703,19950589,1995-07-04 10:00:00,13.82442,-40.24003,5.02731,JJA,SAt,79089.12273836759,21.969200760657664,decay
704,19950589,1995-07-04 11:00:00,14.98186,-40.1219,5.10124,JJA,SAt,99202.12966416049,27.556147128933468,decay
705,19950589,1995-07-04 12:00:00,16.41653,-39.97582,5.18709,JJA,SAt,123192.38677632544,34.22010743786818,decay
706,19950589,1995-07-04 13:00:00,17.87802,-39.89042,5.28223,JJA,SAt,124971.99220665795,34.71444227962721,decay
707,19950589,1995-07-04 14:00:00,19.53011,-39.85336,5.68463,JJA,SAt,141047.51815287676,39.179866153576874,decay
708,19950589,1995-07-04 15:00:00,20.83778,-39.85704,5.88098,JJA,SAt,111623.43068748618,31.006508524301715,decay
709,19950589,1995-07-04 16:00:00,21.80848,-39.85562,6.05762,JJA,SAt,82858.04717847341,23.016124216242613,decay
710,19950589,1995-07-04 17:00:00,22.91817,-39.90011,6.34205,JJA,SAt,94821.1917009392,26.339219916927558,decay
711,19950589,1995-07-04 18:00:00,24.00039,-39.90664,6.48439,JJA,SAt,92316.51348267838,25.64347596741066,decay
712,19950589,1995-07-04 19:00:00,25.07005,-39.87218,6.97481,JJA,SAt,91341.29712896598,25.37258253582388,decay
713,19950589,1995-07-04 20:00:00,26.09136,-39.8962,7.03205,JJA,SAt,87183.38574729464,24.21760715202629,decay
714,19950589,1995-07-04 21:00:00,27.13327,-39.8794,7.43763,JJA,SAt,88915.06882131977,24.69863022814438,decay
715,19950589,1995-07-04 22:00:00,29.50095,-40.09401,6.82068,JJA,SAt,203119.52295474338,56.42208970965094,decay
716,19950589,1995-07-04 23:00:00,30.21582,-40.23228,6.9452,JJA,SAt,62662.43489515447,17.406231915320685,decay
717,19950589,1995-07-05 00:00:00,30.7878,-40.30354,7.09449,JJA,SAt,49172.31166839933,13.658975463444257,decay
718,19950589,1995-07-05 01:00:00,31.41563,-40.35708,7.26253,JJA,SAt,53551.04601295858,14.875290559155161,decay
719,19950589,1995-07-05 02:00:00,32.14346,-40.40343,7.34296,JJA,SAt,61865.09508479908,17.184748634666413,decay
720,19950589,1995-07-05 03:00:00,33.08945,-40.55763,7.42115,JJA,SAt,81826.05432532201,22.72945953481167,decay
721,19950589,1995-07-05 04:00:00,33.86163,-40.48631,7.32242,JJA,SAt,65748.86412690821,18.263573368585615,residual
722,19950589,1995-07-05 05:00:00,34.84783,-40.62878,7.11334,JJA,SAt,84807.2679755116,23.55757443764211,residual
723,19950589,1995-07-05 06:00:00,35.83942,-40.77931,7.10277,JJA,SAt,85245.6882257774,23.679357840493722,residual
724,19950589,1995-07-05 07:00:00,36.67803,-40.67181,7.02861,JJA,SAt,71671.89990826357,19.908861085628768,residual
725,19950589,1995-07-05 08:00:00,37.59408,-40.88069,7.02031,JJA,SAt,80555.85070858101,22.37662519682806,residual
726,19950589,1995-07-05 09:00:00,38.53208,-41.3678,7.0678,JJA,SAt,95428.37126554678,26.50788090709633,residual
727,19950589,1995-07-05 10:00:00,39.2886,-41.48534,6.67736,JJA,SAt,64414.17770102757,17.892827139174326,residual
728,19950589,1995-07-05 11:00:00,40.0605,-42.21466,6.71066,JJA,SAt,103267.64172657486,28.685456035159685,residual
729,19950589,1995-07-05 12:00:00,40.7509,-42.86486,6.72143,JJA,SAt,91796.02721246817,25.498896447907825,residual
730,19950589,1995-07-05 13:00:00,41.37711,-43.21417,6.80787,JJA,SAt,64020.84895933581,17.783569155371058,residual
731,19950589,1995-07-05 14:00:00,41.99004,-43.44457,6.77814,JJA,SAt,55805.29280718035,15.501470224216764,residual
732,19950589,1995-07-05 15:00:00,42.58678,-43.75113,6.90961,JJA,SAt,58916.28269719033,16.36563408255287,residual
733,19950589,1995-07-05 16:00:00,43.22884,-44.14917,6.99555,JJA,SAt,67829.36318207454,18.841489772798482,residual
734,19950589,1995-07-05 17:00:00,43.93637,-44.47509,7.04512,JJA,SAt,66950.92359340993,18.597478775947202,residual
735,19950589,1995-07-05 18:00:00,44.6357,-44.93507,7.12306,JJA,SAt,75303.24489521337,20.91756802644816,residual
736,19950589,1995-07-05 19:00:00,45.28652,-45.61299,7.13214,JJA,SAt,90971.03655468106,25.269732376300297,residual
737,19950589,1995-07-05 20:00:00,45.9475,-46.3848,7.17178,JJA,SAt,99859.62535277916,27.73878482021643,residual
738,19950589,1995-07-05 21:00:00,46.67293,-47.18037,7.31342,JJA,SAt,104290.95360863027,28.96970933573063,residual
739,19950589,1995-07-05 22:00:00,47.59465,-47.93915,7.69842,JJA,SAt,109095.66499379413,30.304351387165035,intensification
740,19950589,1995-07-05 23:00:00,48.39252,-48.53062,7.92838,JJA,SAt,88416.17655267443,24.560049042409563,intensification
741,19950589,1995-07-06 00:00:00,49.14661,-48.98005,8.17465,JJA,SAt,74520.65974803331,20.700183263342588,intensification
742,19950589,1995-07-06 01:00:00,49.88527,-49.48525,8.47002,JJA,SAt,77666.92287495671,21.57414524304353,intensification
743,19950589,1995-07-06 02:00:00,50.53212,-49.8973,8.77723,JJA,SAt,65301.10899350697,18.139196942640826,intensification
744,19950589,1995-07-06 03:00:00,51.11483,-50.2595,9.14627,JJA,SAt,57887.96087174178,16.079989131039383,intensification
745,19950589,1995-07-06 04:00:00,51.69588,-50.60411,9.50638,JJA,SAt,56232.93244237486,15.620259011770795,mature
746,19950589,1995-07-06 05:00:00,52.21669,-50.93928,9.87026,JJA,SAt,52252.117024363004,14.514476951211945,mature
747,19950589,1995-07-06 06:00:00,52.72527,-51.18815,10.11809,JJA,SAt,45043.19804669758,12.511999457415994,mature
748,19950589,1995-07-06 07:00:00,53.22891,-51.39217,10.24965,JJA,SAt,41727.93801334334,11.59109389259537,mature
749,19950589,1995-07-06 08:00:00,53.72945,-51.59958,10.42806,JJA,SAt,41624.10754691464,11.562252096365178,mature
750,19950589,1995-07-06 09:00:00,54.21024,-51.77736,10.59244,JJA,SAt,38590.37346868213,10.719548185745037,mature
751,19950589,1995-07-06 10:00:00,55.33049,-52.19314,10.47115,JJA,SAt,89568.56278675016,24.880156329652824,mature
752,19950589,1995-07-06 11:00:00,55.90983,-52.39838,10.70025,JJA,SAt,45530.524653589804,12.6473679593305,mature
753,19950589,1995-07-06 12:00:00,56.53263,-52.61448,10.73251,JJA,SAt,48519.78212587042,13.477717257186228,mature
754,19950589,1995-07-06 13:00:00,57.20513,-52.82578,10.64728,JJA,SAt,51025.16518934147,14.173656997039297,mature
755,19950589,1995-07-06 14:00:00,57.81451,-53.01418,10.55298,JJA,SAt,45912.33788290541,12.753427189695948,mature
756,19950589,1995-07-06 15:00:00,58.36002,-53.1621,10.48733,JJA,SAt,39971.178878213046,11.103105243948068,mature
757,19950589,1995-07-06 16:00:00,58.90958,-53.27652,10.26842,JJA,SAt,38737.69093557817,10.760469704327269,decay
758,19950589,1995-07-06 17:00:00,59.45473,-53.37316,10.02343,JJA,SAt,37766.697083084866,10.490749189745797,decay
759,19950589,1995-07-06 18:00:00,59.95214,-53.49019,9.94435,JJA,SAt,35428.72446959591,9.84131235266553,decay
760,19950589,1995-07-06 19:00:00,60.4902,-53.57315,9.9062,JJA,SAt,36738.32033474635,10.205088981873986,decay
761,19950589,1995-07-06 20:00:00,61.0803,-53.62553,9.80305,JJA,SAt,39371.58821535957,10.936552282044325,decay
762,19950589,1995-07-06 21:00:00,61.73354,-53.72993,9.77533,JJA,SAt,44563.27428542528,12.378687301507021,decay
763,19950589,1995-07-06 22:00:00,62.53547,-54.03364,9.14079,JJA,SAt,62475.3507957432,17.354264109928668,incipient
764,19950589,1995-07-06 23:00:00,63.31226,-54.43794,9.12417,JJA,SAt,67597.34229160003,18.77703952544445,incipient
765,19950589,1995-07-07 00:00:00,64.04809,-54.80361,9.09433,JJA,SAt,62429.320193390035,17.341477831497233,incipient
766,19950589,1995-07-07 01:00:00,64.75403,-55.1341,9.08749,JJA,SAt,58144.09686064464,16.151138016845735,intensification
767,19950589,1995-07-07 02:00:00,65.47808,-55.52713,9.09028,JJA,SAt,63303.31802194454,17.584255006095706,intensification
768,19950589,1995-07-07 03:00:00,66.17574,-55.99259,9.1167,JJA,SAt,67704.81465624242,18.80689296006734,intensification
769,19950589,1995-07-07 04:00:00,66.85847,-56.62126,9.07724,JJA,SAt,81609.75621673586,22.66937672687107,intensification
770,19950589,1995-07-07 05:00:00,67.47672,-57.33357,9.06287,JJA,SAt,87618.12893490576,24.338369148584935,intensification
771,19950589,1995-07-07 06:00:00,68.00342,-58.09198,9.07192,JJA,SAt,89946.444740279,24.985123538966388,intensification
772,19950589,1995-07-07 07:00:00,68.49731,-58.92667,9.23202,JJA,SAt,97144.95720123286,26.984710333675793,intensification
773,19950589,1995-07-07 08:00:00,68.87644,-59.55069,9.51492,JJA,SAt,72660.58754305198,20.183496539736662,intensification
774,19950589,1995-07-07 09:00:00,69.133,-60.09777,9.85725,JJA,SAt,62499.76853115897,17.361046814210823,intensification
775,19950589,1995-07-07 10:00:00,70.11228,-60.903,10.945,JJA,SAt,104362.52454862441,28.98959015239567,intensification
776,19950589,1995-07-07 11:00:00,70.20976,-61.32722,11.23715,JJA,SAt,47460.86556227771,13.183573767299363,intensification
777,19950589,1995-07-07 12:00:00,70.25186,-61.72639,11.49306,JJA,SAt,44441.81342689528,12.344948174137578,mature
778,19950589,1995-07-07 13:00:00,70.22789,-62.06932,11.72463,JJA,SAt,38152.79234008749,10.597997872246525,mature
779,19950589,1995-07-07 14:00:00,70.18722,-62.38627,12.03294,JJA,SAt,35306.2186382461,9.807282955068361,mature
780,19950589,1995-07-07 15:00:00,70.15163,-62.65503,12.30373,JJA,SAt,29940.527506275957,8.316813196187766,decay
781,19950589,1995-07-07 16:00:00,70.01524,-62.91746,12.43634,JJA,SAt,29993.783821858673,8.331606617182965,decay
782,19950589,1995-07-07 17:00:00,69.79149,-63.17246,12.38673,JJA,SAt,30515.21797831525,8.476449438420902,decay
783,19950589,1995-07-07 18:00:00,69.47713,-63.42592,12.31888,JJA,SAt,32264.515768807392,8.962365491335387,decay
784,19950589,1995-07-07 19:00:00,69.14366,-63.67845,12.15469,JJA,SAt,32576.47443243843,9.049020675677342,decay
785,19950589,1995-07-07 20:00:00,68.83922,-63.90947,11.96481,JJA,SAt,29721.390721986496,8.255941867218471,decay
786,19950589,1995-07-07 21:00:00,68.53764,-64.13032,11.74133,JJA,SAt,28615.705500423283,7.9488070834509115,decay
787,19950589,1995-07-07 22:00:00,69.00574,-64.53294,11.84431,JJA,SAt,50125.816319372054,13.923837866492237,decay
788,19950589,1995-07-07 23:00:00,68.64498,-64.72918,11.55804,JJA,SAt,27776.605792857477,7.715723831349299,decay
789,19950589,1995-07-08 00:00:00,68.30556,-64.88553,11.30357,JJA,SAt,23671.5359163302,6.575426643425055,decay
790,19950589,1995-07-08 01:00:00,67.94158,-65.009,11.07866,JJA,SAt,21959.305098096447,6.099806971693457,decay
791,19950589,1995-07-08 02:00:00,67.56753,-65.12715,10.76417,JJA,SAt,21908.931424878312,6.0858142846884205,decay
792,19950589,1995-07-08 03:00:00,67.16724,-65.23415,10.47037,JJA,SAt,22150.229384735107,6.152841495759752,decay
793,19950589,1995-07-08 04:00:00,66.74181,-65.31831,10.16227,JJA,SAt,21886.807588061998,6.079668774461666,decay
794,19950589,1995-07-08 05:00:00,66.26427,-65.3969,9.83672,JJA,SAt,23802.416810963234,6.611782447489787,decay
795,19950589,1995-07-08 06:00:00,65.80013,-65.47191,9.53707,JJA,SAt,23020.194970210585,6.394498602836274,decay
796,19950589,1995-07-08 07:00:00,65.29545,-65.51791,9.17582,JJA,SAt,23831.577993321393,6.619882775922609,decay
797,19950589,1995-07-08 08:00:00,64.86481,-65.572,8.83626,JJA,SAt,20715.70457496494,5.754362381934706,decay
798,19950589,1995-07-08 09:00:00,64.518,-65.65256,8.6297,JJA,SAt,18269.98178114128,5.074994939205911,decay
799,19950589,1995-07-08 10:00:00,64.55535,-66.07045,7.83233,JJA,SAt,46498.33956252894,12.916205434035817,decay
800,19950589,1995-07-08 11:00:00,64.38299,-66.14189,7.61201,JJA,SAt,11107.018543151262,3.0852829286531285,decay
801,19950589,1995-07-08 12:00:00,64.28288,-66.18842,7.37661,JJA,SAt,6855.981887161496,1.9044394131004156,decay
802,19950589,1995-07-08 13:00:00,64.10359,-66.22233,7.08483,JJA,SAt,8883.376984565111,2.467604717934753,mature
803,19950589,1995-07-08 14:00:00,64.03916,-66.27778,6.84179,JJA,SAt,6807.507639109464,1.8909743441970734,decay 2
804,19950589,1995-07-08 15:00:00,64.17814,-66.35708,6.54903,JJA,SAt,10783.514312807749,2.995420642446597,decay 2
805,19950589,1995-07-08 16:00:00,64.52866,-66.45854,6.22049,JJA,SAt,19251.306178381365,5.347585049550379,decay 2
806,19950589,1995-07-08 17:00:00,64.98505,-66.57172,5.92182,JJA,SAt,23819.569867586597,6.616547185440721,decay 2
807,19950589,1995-07-08 18:00:00,65.44714,-66.70787,5.59494,JJA,SAt,25382.51346069113,7.050698183525314,decay 2
808,19950589,1995-07-08 19:00:00,65.98082,-66.86546,5.22155,JJA,SAt,29225.967195090838,8.118324220858566,decay 2
809,19950589,1995-07-08 20:00:00,66.57625,-67.03084,4.80833,JJA,SAt,31784.662244722273,8.829072845756187,decay 2
810,19950589,1995-07-08 21:00:00,67.23777,-67.21291,4.36421,JJA,SAt,35037.87416396089,9.73274282332247,decay 2
811,19950589,1995-07-08 22:00:00,68.16979,-67.3997,3.87465,JJA,SAt,45055.55614648651,12.515432262912919,decay 2
812,19950589,1995-07-08 23:00:00,68.37848,-67.71834,3.3545,JJA,SAt,36521.68997463753,10.144913881843758,decay 2
813,19950589,1995-07-09 00:00:00,68.47267,-68.04684,2.87977,JJA,SAt,36739.80702725723,10.205501952015897,decay 2
814,19950589,1995-07-09 01:00:00,68.51646,-68.36678,2.44565,JJA,SAt,35621.65215820233,9.894903377278425,decay
815,19950589,1995-07-09 02:00:00,68.52843,-68.74033,1.99616,JJA,SAt,41539.77412175382,11.538826144931617,decay
816,19950589,1995-07-09 03:00:00,68.26229,-69.36492,1.55211,JJA,SAt,70252.40202619207,19.514556118386686,decay
817,19950589,1995-07-09 04:00:00,67.24699,-71.04021,1.15639,JJA,SAt,190161.2252783751,52.822562577326416,decay
818,19950590,1995-07-03 22:00:00,-25.3316,-64.23236,3.53035,JJA,SAt,,,intensification
819,19950590,1995-07-03 23:00:00,-25.46463,-63.87497,3.60191,JJA,SAt,40263.5577654341,11.184321601509474,intensification
820,19950590,1995-07-04 00:00:00,-25.57999,-63.54585,3.62997,JJA,SAt,37034.88522273354,10.287468117425982,intensification
821,19950590,1995-07-04 01:00:00,-25.62201,-63.23378,3.63429,JJA,SAt,34763.70258668273,9.656584051856314,intensification
822,19950590,1995-07-04 02:00:00,-25.68842,-62.95571,3.62884,JJA,SAt,31100.054809209592,8.638904113669332,intensification
823,19950590,1995-07-04 03:00:00,-25.76202,-62.68314,3.59276,JJA,SAt,30538.125352237625,8.482812597843784,intensification
824,19950590,1995-07-04 04:00:00,-25.7637,-62.41837,3.62127,JJA,SAt,29441.248246904877,8.178124513029132,mature
825,19950590,1995-07-04 05:00:00,-25.84619,-62.0992,3.65193,JJA,SAt,35746.02866318682,9.929452406440785,mature
826,19950590,1995-07-04 06:00:00,-25.99222,-61.78,3.66817,JJA,SAt,36306.037732444376,10.08501048123455,mature
827,19950590,1995-07-04 07:00:00,-26.10559,-61.45094,3.74052,JJA,SAt,37077.3532347995,10.299264787444304,decay
828,19950590,1995-07-04 08:00:00,-26.1763,-61.17332,3.77903,JJA,SAt,31099.855315523026,8.638848698756396,decay
829,19950590,1995-07-04 09:00:00,-26.10373,-60.93588,3.7657,JJA,SAt,26689.437369187144,7.413732602551985,decay
830,19950590,1995-07-04 10:00:00,-26.08316,-60.55849,3.58563,JJA,SAt,41978.79463901369,11.660776288614915,decay
831,19950590,1995-07-04 11:00:00,-26.13037,-60.28352,3.51497,JJA,SAt,30684.920314031613,8.523588976119893,decay
832,19950590,1995-07-04 12:00:00,-26.03885,-60.05035,3.41962,JJA,SAt,26416.989005474832,7.338052501520787,decay
833,19950590,1995-07-04 13:00:00,-25.96677,-59.84552,3.38333,JJA,SAt,23127.05040239023,6.424180667330619,decay
834,19950590,1995-07-04 14:00:00,-26.065,-59.59315,3.38833,JJA,SAt,28597.66128724283,7.943794802011897,decay
835,19950590,1995-07-04 15:00:00,-26.26623,-59.40193,3.29683,JJA,SAt,24105.86364896624,6.696073235823955,decay
836,19950590,1995-07-04 16:00:00,-26.40784,-59.19251,3.19569,JJA,SAt,24635.30321656813,6.843139782380036,decay
837,19950590,1995-07-04 17:00:00,-26.63098,-58.90754,3.22429,JJA,SAt,34160.09273374678,9.488914648262995,decay
838,19950590,1995-07-04 18:00:00,-26.60324,-58.72584,3.14681,JJA,SAt,20267.17278770913,5.629770218808091,decay
839,19950590,1995-07-04 19:00:00,-26.79977,-58.39629,3.16077,JJA,SAt,38376.131780450225,10.660036605680618,decay
840,19950590,1995-07-04 20:00:00,-26.93729,-58.09425,3.08138,JJA,SAt,34536.078581083966,9.593355161412212,decay
841,19950590,1995-07-04 21:00:00,-27.04373,-57.81541,3.07947,JJA,SAt,31635.187161235306,8.78755198923203,decay
842,19950590,1995-07-04 22:00:00,-28.06155,-57.09898,2.81667,JJA,SAt,100261.15033760508,27.850319538223633,decay
843,19950590,1995-07-04 23:00:00,-27.76184,-56.93293,2.82816,JJA,SAt,25885.972438377426,7.190547899549285,decay
844,19950590,1995-07-05 00:00:00,-27.43259,-56.72411,2.79472,JJA,SAt,30666.21613445854,8.518393370682928,decay
845,19950590,1995-07-05 01:00:00,-27.26328,-56.45964,2.72566,JJA,SAt,31181.16832874741,8.661435646874281,decay
846,19950590,1995-07-05 02:00:00,-27.19214,-56.14144,2.79686,JJA,SAt,35653.44685795409,9.90373523832058,decay
847,19950590,1995-07-05 03:00:00,-26.98428,-55.92649,2.7393,JJA,SAt,27166.65323565676,7.54629256546021,decay
848,19950590,1995-07-05 04:00:00,-26.86465,-55.55853,2.77474,JJA,SAt,41594.882766903596,11.554134101917665,residual
849,19950590,1995-07-05 05:00:00,-26.59549,-55.31115,2.81999,JJA,SAt,32326.175047605757,8.979493068779377,residual
850,19950590,1995-07-05 06:00:00,-26.28232,-55.08262,2.82723,JJA,SAt,32260.977366139294,8.96138260170536,residual
851,19950590,1995-07-05 07:00:00,-25.88474,-54.87249,2.85747,JJA,SAt,34491.21097255374,9.580891936820482,residual
852,19950590,1995-07-05 08:00:00,-25.54791,-54.63134,2.87928,JJA,SAt,34441.87124039657,9.567186455665714,residual
853,19950590,1995-07-05 09:00:00,-25.10239,-54.48532,2.91031,JJA,SAt,32997.73084373913,9.166036345483093,residual
854,19950590,1995-07-05 10:00:00,-25.26291,-54.10058,3.07404,JJA,SAt,44031.248202935756,12.230902278593266,residual
855,19950590,1995-07-05 11:00:00,-24.79184,-53.85474,3.07732,JJA,SAt,41185.0588219886,11.440294117219056,residual
856,19950590,1995-07-05 12:00:00,-24.39005,-53.47413,3.0717,JJA,SAt,49918.77165342928,13.86632545928591,residual
857,19950590,1995-07-05 13:00:00,-23.93228,-53.13957,3.21298,JJA,SAt,48052.22878445016,13.347841329013933,residual
858,19950590,1995-07-05 14:00:00,-23.53397,-52.77977,3.31054,JJA,SAt,48087.52879954789,13.357646888763302,residual
859,19950590,1995-07-05 15:00:00,-23.19232,-52.33086,3.35038,JJA,SAt,55001.34257876218,15.278150716322829,residual
860,19950590,1995-07-05 16:00:00,-22.84225,-51.98548,3.44367,JJA,SAt,45223.63646641993,12.562121240672202,residual
861,19950590,1995-07-05 17:00:00,-22.52472,-51.64719,3.47803,JJA,SAt,43489.928857607934,12.080535793779982,residual
862,19950590,1995-07-05 18:00:00,-22.19083,-51.33099,3.48173,JJA,SAt,42078.874582747165,11.688576272985324,residual
863,19950590,1995-07-05 19:00:00,-21.83344,-50.92817,3.46974,JJA,SAt,51266.36577220574,14.24065715894604,residual
864,19950590,1995-07-05 20:00:00,-21.45059,-50.48047,3.52592,JJA,SAt,56613.917641683845,15.726088233801068,residual
865,19950590,1995-07-05 21:00:00,-20.98843,-50.0358,3.51998,JJA,SAt,59365.3558324527,16.490376620125748,residual
866,19950591,1995-07-04 07:00:00,-3.03308,-61.12059,2.32405,JJA,SAt,,,decay
867,19950591,1995-07-04 08:00:00,-2.51285,-62.13327,2.29796,JJA,SAt,115910.92388130452,32.19747885591792,decay
868,19950591,1995-07-04 09:00:00,-1.9256,-62.48042,2.2941,JJA,SAt,49101.56938244161,13.639324828456003,decay
869,19950591,1995-07-04 10:00:00,1.19698,-62.80734,2.73758,JJA,SAt,163623.38364706695,45.45093990196304,decay
870,19950591,1995-07-04 11:00:00,1.45425,-62.75472,2.7791,JJA,SAt,14333.321581338627,3.9814782170385072,decay
871,19950591,1995-07-04 12:00:00,1.57067,-62.70252,2.77655,JJA,SAt,8299.09554741163,2.305304318725453,decay
872,19950591,1995-07-04 13:00:00,1.82368,-62.67049,2.78313,JJA,SAt,13391.577840680626,3.719882733522396,decay
873,19950591,1995-07-04 14:00:00,2.07292,-62.7344,2.73755,JJA,SAt,14561.862422175001,4.0449617839375005,decay
874,19950591,1995-07-04 15:00:00,2.68558,-62.95906,2.68665,JJA,SAt,39882.7884849796,11.07855235693878,decay
875,19950591,1995-07-04 16:00:00,4.08258,-63.38929,2.61292,JJA,SAt,84866.71762970595,23.574088230473876,decay
876,19950591,1995-07-04 17:00:00,5.53314,-63.7675,2.55617,JJA,SAt,83182.80692023363,23.106335255620454,decay
877,19950591,1995-07-04 18:00:00,5.86062,-63.90187,2.52581,JJA,SAt,21933.449577798176,6.092624882721715,decay
878,19950591,1995-07-04 19:00:00,6.0939,-63.98097,2.44896,JJA,SAt,14394.684163039648,3.9985233786221244,decay
879,19950591,1995-07-04 20:00:00,6.63328,-64.05012,2.3717,JJA,SAt,27379.080325725783,7.605300090479385,decay
880,19950591,1995-07-04 21:00:00,6.92662,-64.01965,2.30462,JJA,SAt,14677.317334181189,4.077032592828108,decay
881,19950591,1995-07-04 22:00:00,9.65358,-64.00794,2.25908,JJA,SAt,132855.51493401336,36.9043097038926,decay
882,19950591,1995-07-04 23:00:00,9.38471,-63.87112,2.1632,JJA,SAt,20098.92170787187,5.5830338077421855,decay
883,19950591,1995-07-05 00:00:00,9.26252,-63.85332,2.06271,JJA,SAt,6304.229048667027,1.751174735740841,decay
884,19950591,1995-07-05 01:00:00,9.30047,-63.99416,1.96506,JJA,SAt,15770.1830939008,4.380606414972444,decay
885,19950591,1995-07-05 02:00:00,9.52786,-64.29346,1.8982,JJA,SAt,35059.87316316081,9.738853656433559,decay
886,19950591,1995-07-05 03:00:00,9.82607,-64.61811,1.90269,JJA,SAt,38828.019914522716,10.785561087367421,decay
887,19950591,1995-07-05 04:00:00,10.15249,-64.83747,1.93827,JJA,SAt,28897.512168968828,8.027086713602452,residual
888,19950591,1995-07-05 05:00:00,10.51196,-65.00203,1.98772,JJA,SAt,24937.901790578624,6.927194941827396,residual
889,19950591,1995-07-05 06:00:00,10.77886,-65.08163,2.00101,JJA,SAt,15335.014262279123,4.259726183966423,residual
890,19950591,1995-07-05 07:00:00,11.07698,-65.15258,1.97374,JJA,SAt,16024.693630801494,4.451303786333749,residual
891,19950591,1995-07-05 08:00:00,11.38042,-65.20776,1.92216,JJA,SAt,15435.257235262816,4.2875714542396715,residual
892,19950591,1995-07-05 09:00:00,11.67932,-65.31444,1.87124,JJA,SAt,18280.25986203935,5.077849961677598,residual
893,19950591,1995-07-05 10:00:00,13.32323,-66.54553,1.92467,JJA,SAt,155864.16609733598,43.29560169370444,residual
894,19950591,1995-07-05 11:00:00,13.62842,-66.795,1.9151,JJA,SAt,30823.805851162324,8.562168291989535,residual
895,19950591,1995-07-05 12:00:00,13.92765,-67.02003,1.90734,JJA,SAt,28220.82653218506,7.839118481162516,residual
896,19950591,1995-07-05 13:00:00,14.24941,-67.20189,1.92446,JJA,SAt,24547.373785246244,6.818714940346179,residual
897,19950591,1995-07-05 14:00:00,14.52012,-67.2537,1.92097,JJA,SAt,12997.834212892509,3.610509503581252,residual
898,19950591,1995-07-05 15:00:00,14.84215,-67.31014,1.89303,JJA,SAt,15186.408367191872,4.218446768664409,residual
899,19950591,1995-07-05 16:00:00,15.137,-67.33581,1.88202,JJA,SAt,12958.401284834723,3.5995559124540897,residual
900,19950591,1995-07-05 17:00:00,15.42947,-67.34399,1.86566,JJA,SAt,12562.202352712711,3.4895006535313087,residual
901,19950591,1995-07-05 18:00:00,15.66985,-67.33935,1.8509,JJA,SAt,10309.886378394875,2.8638573273319095,residual
902,19950591,1995-07-05 19:00:00,15.90532,-67.34786,1.82137,JJA,SAt,10130.119812505634,2.813922170140454,residual
903,19950591,1995-07-05 20:00:00,16.08826,-67.36153,1.78893,JJA,SAt,7978.328193683051,2.2162022760230697,residual
904,19950591,1995-07-05 21:00:00,16.28592,-67.41387,1.7435,JJA,SAt,10260.908119376683,2.850252255382412,residual
905,19950591,1995-07-05 22:00:00,17.60123,-67.63763,1.76623,JJA,SAt,61193.88975023338,16.99830270839816,intensification
906,19950591,1995-07-05 23:00:00,17.78138,-67.73871,1.79176,JJA,SAt,13570.722384873236,3.7696451069092323,intensification
907,19950591,1995-07-06 00:00:00,17.95889,-67.83964,1.7994,JJA,SAt,13476.85338374225,3.743570384372847,intensification
908,19950591,1995-07-06 01:00:00,18.04669,-67.88316,1.78374,JJA,SAt,6078.983265903587,1.6886064627509965,intensification
909,19950591,1995-07-06 02:00:00,17.99175,-67.88984,1.75338,JJA,SAt,2416.689819697274,0.6713027276936872,intensification
910,19950591,1995-07-06 03:00:00,17.83762,-67.89346,1.66961,JJA,SAt,6462.778894111599,1.795216359475444,intensification
911,19950591,1995-07-06 04:00:00,17.52736,-67.87841,1.53584,JJA,SAt,13094.713124233063,3.637420312286962,mature
912,19950591,1995-07-06 05:00:00,17.11534,-67.87635,1.39296,JJA,SAt,17254.80915724596,4.7930025436794335,mature
913,19950591,1995-07-06 06:00:00,16.68982,-67.90114,1.2932,JJA,SAt,18021.95806137276,5.0060994614924335,mature
914,19950591,1995-07-06 07:00:00,16.14971,-67.91721,1.21117,JJA,SAt,22656.708703276276,6.293530195354521,mature
915,19950591,1995-07-06 08:00:00,15.56559,-67.96411,1.1788,JJA,SAt,24944.660466331083,6.929072351758634,mature
916,19950592,1995-07-04 11:00:00,-68.13141,-44.16225,2.74001,JJA,LA-PLATA,,,decay
917,19950592,1995-07-04 12:00:00,-66.2511,-44.42583,2.86957,JJA,LA-PLATA,152492.37648750705,42.358993468751954,decay
918,19950592,1995-07-04 13:00:00,-65.5285,-44.45081,3.01057,JJA,LA-PLATA,57436.973879748606,15.954714966596836,decay
919,19950592,1995-07-04 14:00:00,-65.03949,-44.45781,3.12438,JJA,LA-PLATA,38821.48137162315,10.783744825450876,decay
920,19950592,1995-07-04 15:00:00,-64.44412,-44.69744,3.2098,JJA,LA-PLATA,54163.12393848711,15.045312205135307,decay
921,19950592,1995-07-04 16:00:00,-63.85113,-45.03372,3.31245,JJA,LA-PLATA,59851.98402758679,16.62555111877411,decay
922,19950592,1995-07-04 17:00:00,-63.18924,-45.41536,3.45592,JJA,LA-PLATA,66992.33248317323,18.608981245325896,decay
923,19950592,1995-07-04 18:00:00,-62.65088,-45.67281,3.58899,JJA,LA-PLATA,50766.691641072764,14.10185878918688,decay
924,19950592,1995-07-04 19:00:00,-61.98965,-45.95358,3.6785,JJA,LA-PLATA,60007.92775650848,16.668868821252357,decay
925,19950592,1995-07-04 20:00:00,-61.2522,-46.24585,3.79481,JJA,LA-PLATA,65491.74836024079,18.192152322289108,decay
926,19950592,1995-07-04 21:00:00,-60.64337,-46.46292,3.92273,JJA,LA-PLATA,52591.35877131306,14.608710769809184,decay
927,19950592,1995-07-04 22:00:00,-59.82779,-47.01271,4.34143,JJA,LA-PLATA,87178.5373358814,24.216260371078164,decay
928,19950592,1995-07-04 23:00:00,-59.25626,-47.313,4.44628,JJA,LA-PLATA,54607.57379783559,15.168770499398775,decay
929,19950592,1995-07-05 00:00:00,-58.73264,-47.59974,4.59934,JJA,LA-PLATA,50659.95119991544,14.072208666643178,decay
930,19950592,1995-07-05 01:00:00,-58.26984,-47.85982,4.81779,JJA,LA-PLATA,45105.11802613988,12.529199451705521,decay
931,19950592,1995-07-05 02:00:00,-57.91592,-48.15091,4.99063,JJA,LA-PLATA,41724.70973184881,11.59019714773578,decay
932,19950592,1995-07-05 03:00:00,-57.57407,-48.45919,5.14996,JJA,LA-PLATA,42595.19183723389,11.83199773256497,decay
933,19950592,1995-07-05 04:00:00,-57.32657,-48.78673,5.23626,JJA,LA-PLATA,40711.24059861115,11.308677944058653,residual
934,19950592,1995-07-05 05:00:00,-57.09845,-49.08086,5.28769,JJA,LA-PLATA,36706.15600694261,10.196154446372947,residual
935,19950592,1995-07-05 06:00:00,-56.94488,-49.40342,5.33769,JJA,LA-PLATA,37559.740466341784,10.433261240650495,residual
936,19950592,1995-07-05 07:00:00,-56.88687,-49.72195,5.43551,JJA,LA-PLATA,35665.21823207013,9.907005064463926,residual
937,19950592,1995-07-05 08:00:00,-56.79156,-50.03818,5.5673,JJA,LA-PLATA,35820.24693768321,9.950068593800891,residual
938,19950592,1995-07-05 09:00:00,-56.65979,-50.31745,5.76415,JJA,LA-PLATA,32440.149218197028,9.011152560610286,residual
939,19950592,1995-07-05 10:00:00,-55.80399,-50.33819,6.14594,JJA,LA-PLATA,60793.49043136209,16.887080675378357,residual
940,19950592,1995-07-05 11:00:00,-55.55658,-50.57878,6.40332,JJA,LA-PLATA,31975.664303562324,8.882128973211756,residual
941,19950592,1995-07-05 12:00:00,-55.18506,-50.82682,6.59394,JJA,LA-PLATA,38016.55008406173,10.56015280112826,residual
942,19950592,1995-07-05 13:00:00,-54.77338,-51.05615,6.7932,JJA,LA-PLATA,38500.26758104783,10.694518772513288,residual
943,19950592,1995-07-05 14:00:00,-54.46787,-51.31382,6.99304,JJA,LA-PLATA,35697.638458231166,9.916010682841991,residual
944,19950592,1995-07-05 15:00:00,-54.2258,-51.57753,7.28803,JJA,LA-PLATA,33782.994414572495,9.384165115159027,residual
945,19950592,1995-07-05 16:00:00,-53.9856,-51.8177,7.43872,JJA,LA-PLATA,31420.493898793484,8.72791497188708,residual
946,19950592,1995-07-05 17:00:00,-53.75339,-52.12751,7.57523,JJA,LA-PLATA,37944.30058607216,10.540083496131155,residual
947,19950592,1995-07-05 18:00:00,-53.60431,-52.49035,7.79877,JJA,LA-PLATA,41599.54545198749,11.555429292218747,residual
948,19950592,1995-07-05 19:00:00,-53.43375,-52.8039,8.0626,JJA,LA-PLATA,36714.937954291294,10.198593876192026,residual
949,19950592,1995-07-05 20:00:00,-53.29346,-53.11917,8.13823,JJA,LA-PLATA,36293.90407699183,10.081640021386619,residual
950,19950592,1995-07-05 21:00:00,-53.28326,-53.47041,8.35292,JJA,LA-PLATA,39062.043873913186,10.850567742753663,residual
951,19950592,1995-07-05 22:00:00,-53.18369,-53.7459,8.34794,JJA,LA-PLATA,31329.5158733848,8.702643298162444,intensification
952,19950592,1995-07-05 23:00:00,-53.13046,-54.02846,8.50524,JJA,LA-PLATA,31612.349058893265,8.781208071914795,intensification
953,19950592,1995-07-06 00:00:00,-53.10437,-54.31381,8.68783,JJA,LA-PLATA,31774.928491994306,8.826369025553975,intensification
954,19950592,1995-07-06 01:00:00,-53.0921,-54.61321,8.91713,JJA,LA-PLATA,33301.25101529645,9.250347504249016,intensification
955,19950592,1995-07-06 02:00:00,-53.11615,-54.89646,9.17026,JJA,LA-PLATA,31533.79213566443,8.75938670435123,intensification
956,19950592,1995-07-06 03:00:00,-53.21442,-55.16882,9.14333,JJA,LA-PLATA,30925.79197518267,8.590497770884076,intensification
957,19950592,1995-07-06 04:00:00,-53.30548,-55.47095,9.22406,JJA,LA-PLATA,34085.78921992456,9.468274783312378,mature
958,19950592,1995-07-06 05:00:00,-53.409,-55.77601,9.22257,JJA,LA-PLATA,34538.200685983604,9.593944634995445,mature
959,19950592,1995-07-06 06:00:00,-53.49588,-56.04098,9.1711,JJA,LA-PLATA,29956.816062854698,8.321337795237415,mature
960,19950592,1995-07-06 07:00:00,-53.54596,-56.26886,9.14866,JJA,LA-PLATA,25528.233872564146,7.091176075712263,mature
961,19950592,1995-07-06 08:00:00,-53.57983,-56.46603,9.12516,JJA,LA-PLATA,22023.342523972784,6.1175951455479955,mature
962,19950592,1995-07-06 09:00:00,-53.58609,-56.62828,9.09162,JJA,LA-PLATA,18045.482390564986,5.0126339973791625,mature
963,19950592,1995-07-06 10:00:00,-53.76944,-56.72546,9.05508,JJA,LA-PLATA,15563.137731339446,4.323093814260957,mature
964,19950592,1995-07-06 11:00:00,-53.87253,-56.83519,8.92493,JJA,LA-PLATA,13722.761366503442,3.8118781573620675,mature
965,19950592,1995-07-06 12:00:00,-54.04443,-56.95134,8.78488,JJA,LA-PLATA,16607.377091492017,4.613160303192227,mature
966,19950592,1995-07-06 13:00:00,-54.19653,-57.04509,8.7189,JJA,LA-PLATA,13911.435809437085,3.864287724843635,mature
967,19950592,1995-07-06 14:00:00,-54.28793,-57.10611,8.70434,JJA,LA-PLATA,8749.45171409097,2.4304032539141582,mature
968,19950592,1995-07-06 15:00:00,-54.3024,-57.15356,8.69572,JJA,LA-PLATA,5347.984709707698,1.4855513082521383,mature
969,19950592,1995-07-06 16:00:00,-54.24487,-57.19196,8.69674,JJA,LA-PLATA,5500.749350475209,1.527985930687558,decay
970,19950592,1995-07-06 17:00:00,-54.14749,-57.22006,8.67893,JJA,LA-PLATA,6645.1774863314085,1.8458826350920579,decay
971,19950592,1995-07-06 18:00:00,-54.00024,-57.2422,8.61989,JJA,LA-PLATA,9197.756394654887,2.5549323318485797,decay
972,19950592,1995-07-06 19:00:00,-53.85825,-57.26375,8.47931,JJA,LA-PLATA,8870.328700233644,2.4639801945093454,decay
973,19950592,1995-07-06 20:00:00,-53.69128,-57.29115,8.32466,JJA,LA-PLATA,10488.63872410822,2.9135107566967275,decay
974,19950592,1995-07-06 21:00:00,-53.551,-57.33582,8.21658,JJA,LA-PLATA,9779.19305100966,2.7164425141693505,decay
975,19950592,1995-07-06 22:00:00,-54.38397,-57.26023,8.00029,JJA,LA-PLATA,50741.57193899306,14.094881094164739,incipient
976,19950592,1995-07-06 23:00:00,-54.29361,-57.22654,7.96859,JJA,LA-PLATA,6602.1862118896115,1.8339406144137809,incipient
977,19950592,1995-07-07 00:00:00,-54.16272,-57.17811,8.03118,JJA,LA-PLATA,9547.398979519134,2.6520552720886483,incipient
978,19950592,1995-07-07 01:00:00,-53.99737,-57.09241,8.08544,JJA,LA-PLATA,13797.005569263181,3.8325015470175505,intensification
979,19950592,1995-07-07 02:00:00,-53.77942,-57.00395,8.08238,JJA,LA-PLATA,16447.597567617846,4.568777102116068,intensification
980,19950592,1995-07-07 03:00:00,-53.5712,-56.91695,8.00977,JJA,LA-PLATA,15903.988920803144,4.417774700223095,intensification
981,19950592,1995-07-07 04:00:00,-53.27301,-56.86462,7.83176,JJA,LA-PLATA,19023.467768175957,5.284296602271099,intensification
982,19950592,1995-07-07 05:00:00,-52.95868,-56.83519,7.63727,JJA,LA-PLATA,19391.032290052466,5.386397858347907,intensification
983,19950592,1995-07-07 06:00:00,-52.73312,-56.79893,7.52626,JJA,LA-PLATA,14307.141270174714,3.974205908381865,intensification
984,19950592,1995-07-07 07:00:00,-52.4812,-56.75013,7.39373,JJA,LA-PLATA,16279.847779224212,4.522179938673392,intensification
985,19950592,1995-07-07 08:00:00,-52.14786,-56.67784,7.32116,JJA,LA-PLATA,21872.945784570824,6.075818273491896,intensification
986,19950592,1995-07-07 09:00:00,-51.70947,-56.64384,7.25181,JJA,LA-PLATA,27056.343609084604,7.5156510025235015,intensification
987,19950592,1995-07-07 10:00:00,-52.09869,-56.31599,7.01769,JJA,LA-PLATA,43591.18817187306,12.10866338107585,intensification
988,19950592,1995-07-07 11:00:00,-51.76941,-56.20955,6.93098,JJA,LA-PLATA,23528.57077948915,6.5357141054136525,intensification
989,19950592,1995-07-07 12:00:00,-51.44257,-56.06743,6.99584,JJA,LA-PLATA,25686.393028694096,7.135109174637249,mature
990,19950592,1995-07-07 13:00:00,-51.12894,-56.02072,6.95923,JJA,LA-PLATA,20159.657047820143,5.5999047355055955,mature
991,19950592,1995-07-07 14:00:00,-50.77155,-56.02674,6.92516,JJA,LA-PLATA,22218.746124529578,6.1718739234804385,mature
992,19950592,1995-07-07 15:00:00,-50.4404,-56.04201,6.82488,JJA,LA-PLATA,20642.354640163874,5.73398740004552,decay
993,19950592,1995-07-07 16:00:00,-50.1174,-56.08012,6.69452,JJA,LA-PLATA,20495.093058242594,5.693081405067387,decay
994,19950592,1995-07-07 17:00:00,-49.78809,-56.1225,6.55658,JJA,LA-PLATA,20959.239358076928,5.822010932799147,decay
995,19950592,1995-07-07 18:00:00,-49.4083,-56.16483,6.45303,JJA,LA-PLATA,23993.470968216763,6.664853046726878,decay
996,19950592,1995-07-07 19:00:00,-48.97305,-56.17073,6.38323,JJA,LA-PLATA,26953.958558024096,7.487210710562249,decay
997,19950592,1995-07-07 20:00:00,-48.5455,-56.202,6.29839,JJA,LA-PLATA,26683.971250618113,7.412214236282809,decay
998,19950592,1995-07-07 21:00:00,-48.11444,-56.24253,6.27529,JJA,LA-PLATA,27027.091643990974,7.507525456664159,decay
999,19950592,1995-07-07 22:00:00,-48.21246,-56.61973,6.07521,JJA,LA-PLATA,42373.541138070876,11.770428093908576,decay
1000,19950592,1995-07-07 23:00:00,-47.78299,-56.62952,5.95788,JJA,LA-PLATA,26293.545928317966,7.303762757866101,decay
1001,19950592,1995-07-08 00:00:00,-47.33856,-56.58835,5.79621,JJA,LA-PLATA,27579.996304648652,7.661110084624625,decay
1002,19950592,1995-07-08 01:00:00,-46.85904,-56.49591,5.5766,JJA,LA-PLATA,31141.896382660885,8.650526772961356,decay
1003,19950592,1995-07-08 02:00:00,-46.44488,-56.45936,5.27519,JJA,LA-PLATA,25755.734503670006,7.154370695463891,decay
1004,19950592,1995-07-08 03:00:00,-45.97607,-56.38245,5.01927,JJA,LA-PLATA,30073.628885150418,8.353785801430671,decay
1005,19950592,1995-07-08 04:00:00,-45.56134,-56.42546,4.78989,JJA,LA-PLATA,25961.776609913868,7.211604613864964,decay
1006,19950592,1995-07-08 05:00:00,-45.10318,-56.52258,4.62481,JJA,LA-PLATA,30138.906233182723,8.371918398106311,decay
1007,19950592,1995-07-08 06:00:00,-44.56726,-56.59631,4.5494,JJA,LA-PLATA,33847.08432910095,9.401967869194708,decay
1008,19950592,1995-07-08 07:00:00,-44.01749,-56.6614,4.53817,JJA,LA-PLATA,34396.128185776295,9.554480051604527,decay
1009,19950592,1995-07-08 08:00:00,-43.51044,-56.70825,4.52437,JJA,LA-PLATA,31402.24453228635,8.722845703412874,decay
1010,19950592,1995-07-08 09:00:00,-43.00684,-56.73333,4.51459,JJA,LA-PLATA,30853.33265054213,8.570370180706147,decay
1011,19950592,1995-07-08 10:00:00,-41.30145,-55.94743,4.19236,JJA,LA-PLATA,136681.17083605382,37.966991898903835,decay
1012,19950592,1995-07-08 11:00:00,-40.43091,-55.77238,4.07504,JJA,LA-PLATA,57707.1166623122,16.029754628420054,decay
1013,19950592,1995-07-08 12:00:00,-39.44534,-55.57584,3.86376,JJA,LA-PLATA,65547.79572419825,18.207721034499514,decay
1014,19950593,1995-07-05 04:00:00,-57.76807,-37.94035,1.851,JJA,LA-PLATA,,,residual
1015,19950593,1995-07-05 05:00:00,-57.20459,-38.08296,2.17605,JJA,LA-PLATA,51850.206757771455,14.402835210492071,residual
1016,19950593,1995-07-05 06:00:00,-56.7655,-37.97599,2.40826,JJA,LA-PLATA,40256.1985064325,11.182277362897915,residual
1017,19950593,1995-07-05 07:00:00,-56.24615,-37.95296,2.56305,JJA,LA-PLATA,45600.90144609122,12.666917068358673,residual
1018,19950593,1995-07-05 08:00:00,-55.55817,-37.95468,2.6983,JJA,LA-PLATA,60320.924964303216,16.755812490084228,residual
1019,19950593,1995-07-05 09:00:00,-54.67737,-37.94639,2.77707,JJA,LA-PLATA,77235.51110045098,21.45430863901416,residual
1020,19950593,1995-07-05 10:00:00,-53.48349,-37.54383,2.88592,JJA,LA-PLATA,114118.02581617965,31.699451615605458,residual
1021,19950593,1995-07-05 11:00:00,-52.15979,-37.54452,3.03634,JJA,LA-PLATA,116702.77403406675,32.417437231685206,residual
1022,19950593,1995-07-05 12:00:00,-51.25812,-37.53403,3.24043,JJA,LA-PLATA,79509.00907324158,22.08583585367822,residual
1023,19950593,1995-07-05 13:00:00,-50.61865,-37.57961,3.43163,JJA,LA-PLATA,56596.44302826227,15.721234174517297,residual
1024,19950593,1995-07-05 14:00:00,-50.15283,-37.70771,3.61511,JJA,LA-PLATA,43417.057286568,12.060293690713333,residual
1025,19950593,1995-07-05 15:00:00,-49.66086,-37.95649,3.74823,JJA,LA-PLATA,51303.261747739576,14.250906041038771,residual
1026,19950593,1995-07-05 16:00:00,-49.13452,-38.19585,3.81512,JJA,LA-PLATA,53206.78803559583,14.779663343221065,residual
1027,19950593,1995-07-05 17:00:00,-48.60754,-38.43318,3.95011,JJA,LA-PLATA,53012.07346676062,14.725575962989062,residual
1028,19950593,1995-07-05 18:00:00,-48.0459,-38.75663,4.03689,JJA,LA-PLATA,60630.1308903722,16.84170302510339,residual
1029,19950593,1995-07-05 19:00:00,-47.34815,-39.21787,4.15921,JJA,LA-PLATA,79165.98906874053,21.990552519094592,residual
1030,19950593,1995-07-05 20:00:00,-46.43768,-39.91706,4.12824,JJA,LA-PLATA,110158.88519513796,30.599690331982767,residual
1031,19950593,1995-07-05 21:00:00,-45.39441,-40.57677,4.20417,JJA,LA-PLATA,114981.94155708018,31.93942821030005,residual
1032,19950593,1995-07-05 22:00:00,-43.64883,-42.00605,4.23899,JJA,LA-PLATA,215692.34726133774,59.91454090592715,intensification
1033,19950593,1995-07-05 23:00:00,-42.43594,-43.12313,4.43217,JJA,LA-PLATA,159042.83731214333,44.178565920039816,intensification
1034,19950593,1995-07-06 00:00:00,-41.56457,-43.65021,4.66779,JJA,LA-PLATA,91613.5961619456,25.448221156096,intensification
1035,19950593,1995-07-06 01:00:00,-40.77151,-44.00562,4.86467,JJA,LA-PLATA,74893.37261511078,20.80371461530855,intensification
1036,19950593,1995-07-06 02:00:00,-39.97388,-44.18466,5.05097,JJA,LA-PLATA,66735.99332584385,18.537775923845516,intensification
1037,19950593,1995-07-06 03:00:00,-39.22577,-44.39466,5.25201,JJA,LA-PLATA,63960.76092407989,17.766878034466636,intensification
1038,19950593,1995-07-06 04:00:00,-38.47269,-44.60902,5.40199,JJA,LA-PLATA,64305.21172589232,17.862558812747867,mature
1039,19950593,1995-07-06 05:00:00,-37.67929,-44.79432,5.42609,JJA,LA-PLATA,66004.5461293987,18.334596147055194,mature
1040,19950593,1995-07-06 06:00:00,-36.95096,-45.06451,5.45744,JJA,LA-PLATA,64730.88654465812,17.98080181796059,mature
1041,19950593,1995-07-06 07:00:00,-36.0719,-45.06799,5.45054,JJA,LA-PLATA,69038.45227096896,19.177347853046935,mature
1042,19950593,1995-07-06 08:00:00,-35.21149,-45.21932,5.4548,JJA,LA-PLATA,69547.4348818193,19.31873191161647,mature
1043,19950593,1995-07-06 09:00:00,-34.38776,-45.36613,5.47674,JJA,LA-PLATA,66470.90129863791,18.464139249621642,mature
1044,19950594,1995-07-05 10:00:00,-2.82407,-50.77923,8.43651,JJA,SAt,,,residual
1045,19950594,1995-07-05 11:00:00,-2.79788,-50.64275,8.66198,JJA,SAt,15287.536938815261,4.246538038559795,residual
1046,19950594,1995-07-05 12:00:00,-2.69638,-50.42486,8.79684,JJA,SAt,25268.040456205188,7.018900126723663,residual
1047,19950594,1995-07-05 13:00:00,-2.11795,-50.50538,8.97983,JJA,SAt,41909.2934936346,11.6414704148985,residual
1048,19950594,1995-07-05 14:00:00,-1.36478,-50.72568,9.15424,JJA,SAt,58514.30545025086,16.253973736180793,residual
1049,19950594,1995-07-05 15:00:00,-0.70877,-50.86423,9.36031,JJA,SAt,48613.91830572433,13.503866196034535,residual
1050,19950594,1995-07-05 16:00:00,0.02928,-51.06256,9.56253,JJA,SAt,56195.286555282866,15.609801820911906,residual
1051,19950594,1995-07-05 17:00:00,0.85368,-51.25133,9.71252,JJA,SAt,61205.35943262154,17.00148873128376,residual
1052,19950594,1995-07-05 18:00:00,1.61951,-51.40382,9.88811,JJA,SAt,55847.46771434117,15.51318547620588,residual
1053,19950594,1995-07-05 19:00:00,2.47473,-51.57106,10.07612,JJA,SAt,62066.07907037103,17.240577519547507,residual
1054,19950594,1995-07-05 20:00:00,3.2256,-51.70216,10.15514,JJA,SAt,53830.845850804064,14.953012736334463,residual
1055,19950594,1995-07-05 21:00:00,3.94495,-51.84476,10.16356,JJA,SAt,51972.126509170834,14.43670180810301,residual
1056,19950594,1995-07-05 22:00:00,5.42683,-51.96283,10.13363,JJA,SAt,102507.5677815277,28.474324383757693,intensification
1057,19950594,1995-07-05 23:00:00,6.09515,-52.12957,10.16672,JJA,SAt,49322.17740875658,13.700604835765716,intensification
1058,19950594,1995-07-06 00:00:00,6.79361,-52.35772,10.206,JJA,SAt,53898.27029179301,14.97174174772028,intensification
1059,19950594,1995-07-06 01:00:00,7.45722,-52.56336,10.19695,JJA,SAt,50441.23056032648,14.011452933424023,intensification
1060,19950594,1995-07-06 02:00:00,8.17704,-52.80166,10.17457,JJA,SAt,55286.302643072515,15.357306289742365,intensification
1061,19950594,1995-07-06 03:00:00,9.06112,-53.12223,10.17832,JJA,SAt,69114.34250597988,19.1984284738833,intensification
1062,19950594,1995-07-06 04:00:00,9.81418,-53.3663,10.17231,JJA,SAt,56985.49825088924,15.829305069691456,mature
1063,19950594,1995-07-06 05:00:00,10.44379,-53.57635,10.29126,JJA,SAt,47770.40311025465,13.269556419515181,mature
1064,19950594,1995-07-06 06:00:00,11.09081,-53.77347,10.29884,JJA,SAt,47923.9556968788,13.312209915799667,mature
1065,19950594,1995-07-06 07:00:00,11.58297,-53.87915,10.23226,JJA,SAt,34372.09913939777,9.54780531649938,mature
1066,19950594,1995-07-06 08:00:00,12.11766,-54.00841,10.15262,JJA,SAt,37830.52488733968,10.508479135372133,mature
1067,19950594,1995-07-06 09:00:00,12.62713,-54.13552,10.06527,JJA,SAt,36120.78692945732,10.033551924849254,mature
1068,19950594,1995-07-06 10:00:00,14.16528,-54.32309,9.53409,JJA,SAt,102127.24849803222,28.368680138342285,mature
1069,19950594,1995-07-06 11:00:00,14.54622,-54.39772,9.51742,JJA,SAt,26039.416806410674,7.2331713351140765,mature
1070,19950594,1995-07-06 12:00:00,14.94994,-54.49991,9.45525,JJA,SAt,28467.46802734446,7.907630007595683,mature
1071,19950594,1995-07-06 13:00:00,15.34077,-54.62835,9.47989,JJA,SAt,28962.86148440936,8.045239301224823,mature
1072,19950594,1995-07-06 14:00:00,15.7818,-54.79055,9.51609,JJA,SAt,33585.31256364798,9.329253489902218,mature
1073,19950594,1995-07-06 15:00:00,16.27069,-54.97351,9.52684,JJA,SAt,37307.4609843048,10.363183606751335,mature
1074,19950594,1995-07-06 16:00:00,16.72054,-55.10156,9.46429,JJA,SAt,32005.62376059292,8.890451044609144,decay
1075,19950594,1995-07-06 17:00:00,17.26058,-55.27715,9.44256,JJA,SAt,39450.5825355542,10.958495148765055,decay
1076,19950594,1995-07-06 18:00:00,17.83396,-55.44168,9.41273,JJA,SAt,40596.981872925,11.276939409145832,decay
1077,19950594,1995-07-06 19:00:00,18.38186,-55.58889,9.37389,JJA,SAt,38180.95222073453,10.605820061315146,decay
1078,19950594,1995-07-06 20:00:00,18.96972,-55.7701,9.38914,JJA,SAt,42003.73268674353,11.667703524095426,decay
1079,19950594,1995-07-06 21:00:00,19.44625,-55.89635,9.3889,JJA,SAt,32903.14206137014,9.139761683713928,decay
1080,19950594,1995-07-06 22:00:00,20.38577,-56.46938,9.22105,JJA,SAt,86256.83303015094,23.96023139726415,incipient
1081,19950594,1995-07-06 23:00:00,20.5721,-56.43351,9.16337,JJA,SAt,12125.008806301259,3.3680580017503496,incipient
1082,19950594,1995-07-07 00:00:00,20.74485,-56.38419,9.13488,JJA,SAt,11959.162461463286,3.3219895726286905,incipient
1083,19950594,1995-07-07 01:00:00,21.00199,-56.35487,9.06549,JJA,SAt,16167.739559953588,4.491038766653775,intensification
1084,19950594,1995-07-07 02:00:00,21.45485,-56.43921,9.0652,JJA,SAt,29404.216274629085,8.167837854063634,intensification
1085,19950594,1995-07-07 03:00:00,21.92359,-56.55576,9.12078,JJA,SAt,31553.897149013497,8.764971430281527,intensification
1086,19950594,1995-07-07 04:00:00,22.3271,-56.66485,9.18066,JJA,SAt,27511.00761288497,7.6419465591347135,intensification
1087,19950594,1995-07-07 05:00:00,22.66515,-56.75641,9.18406,JJA,SAt,23006.893272297693,6.39080368674936,intensification
1088,19950594,1995-07-07 06:00:00,22.8798,-56.81414,9.03044,JJA,SAt,14565.253070974033,4.04590363082612,intensification
1089,19950594,1995-07-07 07:00:00,23.17429,-56.90475,8.97782,JJA,SAt,20542.474611549398,5.70624294765261,intensification
1090,19950594,1995-07-07 08:00:00,23.40658,-56.98852,8.89959,JJA,SAt,16888.90012869526,4.691361146859794,intensification
1091,19950594,1995-07-07 09:00:00,23.50175,-57.07433,8.70809,JJA,SAt,11144.779417396989,3.0957720603880525,intensification
1092,19950594,1995-07-07 10:00:00,24.81094,-57.22046,7.98247,JJA,SAt,80624.72730534498,22.39575758481805,intensification
1093,19950594,1995-07-07 11:00:00,24.62761,-57.31998,7.88477,JJA,SAt,15618.639018304568,4.338510838417935,intensification
1094,19950594,1995-07-07 12:00:00,24.3767,-57.3695,7.77224,JJA,SAt,16029.758247363645,4.452710624267679,mature
1095,19950594,1995-07-07 13:00:00,24.16977,-57.41863,7.59632,JJA,SAt,13549.0676887929,3.7636299135535833,mature
1096,19950594,1995-07-07 14:00:00,23.92558,-57.45194,7.42261,JJA,SAt,15077.037670637168,4.188066019621435,mature
1097,19950594,1995-07-07 15:00:00,23.79488,-57.50048,7.23826,JJA,SAt,9496.682555231244,2.6379673764531235,decay
1098,19950594,1995-07-07 16:00:00,23.47649,-57.54968,7.06691,JJA,SAt,19780.723997266687,5.494645554796302,decay
1099,19950594,1995-07-07 17:00:00,23.03992,-57.60514,6.90421,JJA,SAt,26748.120382880377,7.4300334396889935,decay
1100,19950594,1995-07-07 18:00:00,22.60477,-57.6497,6.73629,JJA,SAt,26376.762682862463,7.326878523017351,decay
1101,19950594,1995-07-07 19:00:00,22.21646,-57.65217,6.58972,JJA,SAt,23105.199164885275,6.418110879134798,decay
1102,19950594,1995-07-07 20:00:00,22.02701,-57.65146,6.5022,JJA,SAt,11271.861381425282,3.1310726059514673,decay
1103,19950594,1995-07-07 21:00:00,21.8682,-57.66775,6.40481,JJA,SAt,9618.684551246928,2.6718568197908135,decay
1104,19950594,1995-07-07 22:00:00,22.83539,-57.68805,6.47781,JJA,SAt,57546.72754475942,15.985202095766507,decay
1105,19950594,1995-07-07 23:00:00,22.7781,-57.72255,6.3799,JJA,SAt,5128.413276333909,1.4245592434260859,decay
1106,19950594,1995-07-08 00:00:00,22.64787,-57.7428,6.23227,JJA,SAt,8052.177983005359,2.2367161063903778,decay
1107,19950594,1995-07-08 01:00:00,22.44195,-57.73109,6.11325,JJA,SAt,12291.895072004574,3.4144152977790485,decay
1108,19950594,1995-07-08 02:00:00,22.16029,-57.70963,5.99468,JJA,SAt,16895.431963576273,4.693175545437853,decay
1109,19950594,1995-07-08 03:00:00,21.93426,-57.70635,5.8833,JJA,SAt,13432.088159268716,3.7311355997968656,decay
1110,19950594,1995-07-08 04:00:00,21.71901,-57.69112,5.74365,JJA,SAt,12901.655832077782,3.5837932866882727,decay
1111,19950594,1995-07-08 05:00:00,21.56221,-57.63732,5.58202,JJA,SAt,11079.670844884646,3.0776863458012906,decay
1112,19950594,1995-07-08 06:00:00,21.46284,-57.556,5.40237,JJA,SAt,10808.539824760124,3.002372173544479,decay
1113,19950594,1995-07-08 07:00:00,21.38811,-57.44634,5.22095,JJA,SAt,12985.292729284445,3.607025758134568,decay
1114,19950594,1995-07-08 08:00:00,21.41564,-57.29533,5.05207,JJA,SAt,16872.500407534328,4.686805668759535,decay
1115,19950594,1995-07-08 09:00:00,21.65196,-57.08494,4.93716,JJA,SAt,27386.688161154376,7.607413378098438,decay
1116,19950595,1995-07-05 16:00:00,-61.44367,-28.83166,4.17577,JJA,LA-PLATA,,,residual
1117,19950595,1995-07-05 17:00:00,-60.18524,-30.14199,4.09781,JJA,LA-PLATA,189906.25128565158,52.75173646823655,residual
1118,19950595,1995-07-05 18:00:00,-59.18143,-30.92428,3.98944,JJA,LA-PLATA,129651.36270107326,36.01426741696479,residual
1119,19950595,1995-07-05 19:00:00,-59.0383,-30.51611,3.75128,JJA,LA-PLATA,47403.89490966211,13.167748586017252,residual
1120,19950595,1995-07-05 20:00:00,-58.80841,-30.1706,3.71874,JJA,LA-PLATA,44302.379676899734,12.306216576916594,residual
1121,19950595,1995-07-05 21:00:00,-58.82144,-29.47026,3.8071,JJA,LA-PLATA,77884.50927388621,21.634585909412838,residual
1122,19950595,1995-07-05 22:00:00,-59.08188,-28.31272,4.05356,JJA,LA-PLATA,131186.2000489692,36.44061112471367,intensification
1123,19950595,1995-07-05 23:00:00,-59.90668,-26.51409,4.47984,JJA,LA-PLATA,215932.6594183675,59.98129428287986,intensification
1124,19950595,1995-07-06 00:00:00,-60.17096,-25.69349,4.78105,JJA,LA-PLATA,94985.91701732251,26.384976949256252,intensification
1125,19950595,1995-07-06 01:00:00,-59.84708,-25.711,5.02799,JJA,LA-PLATA,32509.002654489832,9.030278515136064,intensification
1126,19950595,1995-07-06 02:00:00,-59.46091,-25.81721,5.1829,JJA,LA-PLATA,40434.70820539565,11.23186339038768,intensification
1127,19950595,1995-07-06 03:00:00,-59.44046,-25.44016,5.35154,JJA,LA-PLATA,41976.20479600796,11.660056887779989,intensification
1128,19950595,1995-07-06 04:00:00,-59.31754,-25.29149,5.59131,JJA,LA-PLATA,20635.353647072046,5.732042679742235,mature
1129,19950595,1995-07-06 05:00:00,-59.02893,-25.43261,5.71492,JJA,LA-PLATA,32972.3029615297,9.158973044869361,mature
1130,19950595,1995-07-06 06:00:00,-58.92224,-25.28604,5.68644,JJA,LA-PLATA,19507.532002050637,5.41875888945851,mature
1131,19950595,1995-07-06 07:00:00,-58.90152,-25.01878,5.72694,JJA,LA-PLATA,29791.084445354903,8.275301234820807,mature
1132,19950595,1995-07-06 08:00:00,-58.88434,-24.74542,5.72152,JJA,LA-PLATA,30445.650425263615,8.457125118128783,mature
1133,19950595,1995-07-06 09:00:00,-58.82898,-24.55622,5.66104,JJA,LA-PLATA,21769.322526770502,6.047034035214028,mature
1134,19950595,1995-07-06 10:00:00,-58.7919,-24.28124,5.4617,JJA,LA-PLATA,30806.044882481277,8.557234689578133,mature
1135,19950595,1995-07-06 11:00:00,-58.73706,-24.04782,5.4764,JJA,LA-PLATA,26544.74914611211,7.373541429475586,mature
1136,19950595,1995-07-06 12:00:00,-58.61896,-23.96823,5.4221,JJA,LA-PLATA,14907.318981225908,4.140921939229419,mature
1137,19950595,1995-07-06 13:00:00,-58.64825,-23.72855,5.38959,JJA,LA-PLATA,26817.19309242305,7.449220303450847,mature
1138,19950595,1995-07-06 14:00:00,-58.63907,-23.60056,5.2545,JJA,LA-PLATA,14262.535099218127,3.9618153053383685,mature
1139,19950595,1995-07-06 15:00:00,-58.54095,-23.55755,5.07788,JJA,LA-PLATA,11084.359702343632,3.0789888062065645,mature
1140,19950595,1995-07-06 16:00:00,-58.31656,-23.84427,4.72593,JJA,LA-PLATA,39222.66982757714,10.895186063215872,decay
1141,19950595,1995-07-06 17:00:00,-58.42105,-23.72207,4.35852,JJA,LA-PLATA,17253.289661872495,4.792580461631249,decay
1142,19950595,1995-07-06 18:00:00,-58.3714,-23.64059,4.08269,JJA,LA-PLATA,10375.420910411607,2.882061364003224,decay
1143,19950595,1995-07-06 19:00:00,-58.27487,-23.52258,3.97637,JJA,LA-PLATA,16400.088820834866,4.555580228009685,decay
1144,19950595,1995-07-06 20:00:00,-58.18378,-23.54505,3.84235,JJA,LA-PLATA,9616.551561776636,2.671264322715732,decay
1145,19950595,1995-07-06 21:00:00,-57.96521,-23.53955,3.83515,JJA,LA-PLATA,22289.373740073184,6.191492705575884,decay
1146,19950595,1995-07-06 22:00:00,-57.85645,-23.49391,3.96354,JJA,LA-PLATA,12195.236948665288,3.387565819073691,incipient
1147,19950595,1995-07-06 23:00:00,-57.75885,-23.44876,4.00242,JJA,LA-PLATA,11149.025790781068,3.0969516085502966,incipient
1148,19950595,1995-07-07 00:00:00,-57.63812,-23.46229,4.07507,JJA,LA-PLATA,12406.85435088798,3.4463484308022165,incipient
1149,19950595,1995-07-07 01:00:00,-57.41006,-23.53721,4.19888,JJA,LA-PLATA,24703.00018799204,6.861944496664455,intensification
1150,19950595,1995-07-07 02:00:00,-57.2092,-23.63183,4.22574,JJA,LA-PLATA,23014.759052310314,6.392988625641753,intensification
1151,19950595,1995-07-07 03:00:00,-57.022,-23.68209,4.22429,JJA,LA-PLATA,19868.638962063902,5.519066378351084,intensification
1152,19950595,1995-07-07 04:00:00,-56.89566,-23.69978,4.14409,JJA,LA-PLATA,13013.991306475456,3.614997585132071,intensification
1153,19950595,1995-07-07 05:00:00,-56.75119,-23.73991,4.08359,JJA,LA-PLATA,15369.323771197967,4.269256603110547,intensification
1154,19950595,1995-07-07 06:00:00,-56.47687,-23.86344,4.06782,JJA,LA-PLATA,31105.784677682615,8.640495743800727,intensification
1155,19950595,1995-07-07 07:00:00,-56.06516,-24.07222,4.10343,JJA,LA-PLATA,47842.64906177986,13.289624739383296,intensification
1156,19950595,1995-07-07 08:00:00,-55.84686,-24.1783,4.15418,JJA,LA-PLATA,25098.20654636736,6.9717240406576,intensification
1157,19950595,1995-07-07 09:00:00,-55.62897,-24.26604,4.26338,JJA,LA-PLATA,24153.371341450253,6.709269817069514,intensification
1158,19950595,1995-07-07 10:00:00,-56.29166,-23.93943,4.70387,JJA,LA-PLATA,76441.40472501716,21.233723534726987,intensification
1159,19950595,1995-07-07 11:00:00,-56.22858,-24.01195,4.68157,JJA,LA-PLATA,10300.537387870407,2.8612603855195573,intensification
1160,19950595,1995-07-07 12:00:00,-56.18802,-24.05992,4.66916,JJA,LA-PLATA,6739.292028568654,1.8720255634912928,mature
1161,19950595,1995-07-07 13:00:00,-56.06467,-24.11322,4.61353,JJA,LA-PLATA,13853.442457051755,3.848178460292154,mature
1162,19950595,1995-07-07 14:00:00,-55.79275,-24.21652,4.61479,JJA,LA-PLATA,29882.4212244864,8.300672562357333,mature
1163,19950595,1995-07-07 15:00:00,-55.78937,-24.21327,4.50382,JJA,LA-PLATA,498.08643265906386,0.1383573424052955,decay
1164,19950595,1995-07-07 16:00:00,-56.05331,-24.15104,4.28833,JJA,LA-PLATA,27653.149675301345,7.681430465361485,decay
1165,19950595,1995-07-07 17:00:00,-56.12543,-24.11861,4.13183,JJA,LA-PLATA,8158.574772060321,2.2662707700167557,decay
1166,19950595,1995-07-07 18:00:00,-55.89658,-24.2205,3.92778,JJA,LA-PLATA,25833.225278388876,7.175895910663577,decay
1167,19950595,1995-07-07 19:00:00,-55.61145,-24.35192,3.83824,JJA,LA-PLATA,32383.82157187086,8.99550599218635,decay
1168,19950595,1995-07-07 20:00:00,-55.25873,-24.4255,3.78519,JJA,LA-PLATA,36645.87762362993,10.179410451008314,decay
1169,19950595,1995-07-07 21:00:00,-54.6709,-24.53568,3.87863,JJA,LA-PLATA,60736.14504262388,16.871151400728856,decay
1170,19950595,1995-07-07 22:00:00,-54.00165,-24.68553,3.77539,JJA,LA-PLATA,69678.69888106987,19.35519413363052,decay
1171,19950595,1995-07-07 23:00:00,-53.78415,-24.65851,3.91059,JJA,LA-PLATA,22181.558363425218,6.161543989840339,decay
1172,19950595,1995-07-08 00:00:00,-53.21527,-24.69764,3.91708,JJA,LA-PLATA,57643.70800873907,16.012141113538632,decay
1173,19950595,1995-07-08 01:00:00,-52.97324,-24.64747,3.97273,JJA,LA-PLATA,25083.861892879024,6.967739414688618,decay
1174,19950595,1995-07-08 02:00:00,-52.41449,-24.6181,4.16476,JJA,LA-PLATA,56570.56648010973,15.714046244474925,decay
1175,19950595,1995-07-08 03:00:00,-52.25116,-24.55108,4.02176,JJA,LA-PLATA,18118.65708317496,5.032960300881933,decay
1176,19950595,1995-07-08 04:00:00,-51.8855,-24.56128,3.87678,JJA,LA-PLATA,36999.48244319067,10.277634011997408,decay
1177,19950595,1995-07-08 05:00:00,-51.91663,-24.45479,3.75269,JJA,LA-PLATA,12252.891691746605,3.403581025485168,decay
1178,19950595,1995-07-08 06:00:00,-51.9144,-24.29666,3.80468,JJA,LA-PLATA,17584.729145692603,4.884646984914612,decay
1179,19950595,1995-07-08 07:00:00,-51.92462,-24.21662,3.66244,JJA,LA-PLATA,8960.158571114509,2.488932936420697,decay
1180,19950595,1995-07-08 08:00:00,-51.63046,-24.1751,3.64816,JJA,LA-PLATA,30190.726528775773,8.386312924659936,decay
1181,19950595,1995-07-08 09:00:00,-51.53125,-24.05763,3.50085,JJA,LA-PLATA,16492.381200876243,4.5812170002434005,decay
1182,19950595,1995-07-08 10:00:00,-50.19434,-24.24303,3.36139,JJA,LA-PLATA,137203.5953023368,38.112109806204664,decay
1183,19950595,1995-07-08 11:00:00,-51.84619,-23.92444,3.09368,JJA,LA-PLATA,171388.3318909187,47.607869969699635,decay
1184,19950595,1995-07-08 12:00:00,-51.85275,-23.77959,3.04889,JJA,LA-PLATA,16120.418521675238,4.477894033798677,decay
1185,19950595,1995-07-08 13:00:00,-52.13757,-23.59954,2.92245,JJA,LA-PLATA,35241.10507702865,9.789195854730181,mature
1186,19950595,1995-07-08 14:00:00,-52.06061,-23.51256,2.806,JJA,LA-PLATA,12453.046332816251,3.4591795368934033,decay 2
1187,19950595,1995-07-08 15:00:00,-52.59024,-23.42733,2.55675,JJA,LA-PLATA,54845.03193917988,15.234731094216633,decay 2
1188,19950595,1995-07-08 16:00:00,-53.21014,-23.29892,2.25429,JJA,LA-PLATA,64869.16830475391,18.0192134179872,decay 2
1189,19950595,1995-07-08 17:00:00,-53.35214,-23.25617,2.06414,JJA,LA-PLATA,15263.531626948472,4.239869896374575,decay 2
1190,19950595,1995-07-08 18:00:00,-53.14682,-23.158,2.06266,JJA,LA-PLATA,23652.84628342739,6.57023507872983,decay 2
1191,19950595,1995-07-08 19:00:00,-53.01782,-23.07587,2.02825,JJA,LA-PLATA,16044.976078052518,4.456937799459032,decay 2
1192,19950595,1995-07-08 20:00:00,-53.18475,-23.0419,1.99652,JJA,LA-PLATA,17491.48263833612,4.85874517731559,decay 2
1193,19950595,1995-07-08 21:00:00,-53.16025,-22.96261,1.9503,JJA,LA-PLATA,9166.34453616237,2.5462068156006588,decay 2
1194,19950595,1995-07-08 22:00:00,-53.25394,-22.8496,1.86412,JJA,LA-PLATA,15811.3337503732,4.392037152881445,decay 2
1195,19950595,1995-07-08 23:00:00,-53.15073,-22.86568,1.85151,JJA,LA-PLATA,10725.321949611329,2.979256097114258,decay 2
1196,19950595,1995-07-09 00:00:00,-53.20953,-22.95222,1.8816,JJA,LA-PLATA,11352.090503903102,3.1533584733064175,decay 2
1197,19950595,1995-07-09 01:00:00,-53.30002,-23.03168,1.87158,JJA,LA-PLATA,12800.974603581575,3.5558262787726598,decay
1198,19950595,1995-07-09 02:00:00,-53.35147,-23.09926,1.80897,JJA,LA-PLATA,9174.66919862769,2.548519221841025,decay
1199,19950595,1995-07-09 03:00:00,-53.50662,-23.16457,1.75343,JJA,LA-PLATA,17448.04262873406,4.846678507981683,decay
1200,19950595,1995-07-09 04:00:00,-53.60486,-23.23274,1.69944,JJA,LA-PLATA,12580.608392689905,3.494613442413862,decay
1201,19950595,1995-07-09 05:00:00,-53.6886,-23.33769,1.65189,JJA,LA-PLATA,14468.642580709664,4.019067383530462,decay
1202,19950595,1995-07-09 06:00:00,-53.76169,-23.41835,1.60862,JJA,LA-PLATA,11665.990116360179,3.24055281010005,decay
1203,19950595,1995-07-09 07:00:00,-53.80905,-23.50884,1.61531,JJA,LA-PLATA,11161.581019895562,3.100439172193212,decay
1204,19950595,1995-07-09 08:00:00,-53.79828,-23.55327,1.56747,JJA,LA-PLATA,5060.938692691166,1.4058163035253237,incipient
1205,19950595,1995-07-09 09:00:00,-53.86179,-23.59443,1.50842,JJA,LA-PLATA,7927.3014591276315,2.202028183091009,incipient
1206,19950595,1995-07-09 10:00:00,-53.74597,-23.63313,1.46217,JJA,LA-PLATA,12560.400262664934,3.4890000729624817,intensification
1207,19950595,1995-07-09 11:00:00,-53.57037,-23.6873,1.49112,JJA,LA-PLATA,18871.63392605271,5.242120535014641,intensification
1208,19950595,1995-07-09 12:00:00,-53.3295,-23.74349,1.47664,JJA,LA-PLATA,25305.27834894314,7.029243985817539,intensification
1209,19950595,1995-07-09 13:00:00,-53.28348,-23.78725,1.39293,JJA,LA-PLATA,6753.51998151144,1.8759777726420668,intensification
1210,19950595,1995-07-09 14:00:00,-52.93973,-23.76141,1.30033,JJA,LA-PLATA,35097.49457221917,9.749304047838658,intensification
1211,19950595,1995-07-09 15:00:00,-52.54221,-23.88551,1.15681,JJA,LA-PLATA,42725.728870269435,11.868258019519288,intensification
1212,19950595,1995-07-09 16:00:00,-51.49451,-24.06673,1.28277,JJA,LA-PLATA,108337.1607874179,30.09365577428275,intensification
1213,19950595,1995-07-09 17:00:00,-50.64392,-23.89845,1.30507,JJA,LA-PLATA,88418.60513450924,24.560723648474788,intensification
1214,19950595,1995-07-09 18:00:00,-49.88757,-23.89254,1.33874,JJA,LA-PLATA,76896.34861000953,21.360096836113758,intensification
1215,19950595,1995-07-09 19:00:00,-49.8309,-23.90868,1.31202,JJA,LA-PLATA,6034.144695360261,1.676151304266739,intensification
1216,19950595,1995-07-09 20:00:00,-49.63931,-23.8252,1.43332,JJA,LA-PLATA,21580.521064884175,5.9945891846900485,intensification
1217,19950595,1995-07-09 21:00:00,-49.22095,-23.66207,1.4974,JJA,LA-PLATA,46284.49534768641,12.856804263246225,intensification
1218,19950595,1995-07-09 22:00:00,-49.53339,-23.82571,1.60385,JJA,LA-PLATA,36638.75764541173,10.177432679281036,intensification
1219,19950595,1995-07-09 23:00:00,-49.83209,-23.89111,1.63803,JJA,LA-PLATA,31234.129736422936,8.67614714900637,intensification
1220,19950595,1995-07-10 00:00:00,-50.12473,-24.00173,1.81212,JJA,LA-PLATA,32182.637464901298,8.939621518028138,intensification
1221,19950595,1995-07-10 01:00:00,-50.08197,-24.05319,1.95564,JJA,LA-PLATA,7183.420848368234,1.9953946801022873,intensification
1222,19950595,1995-07-10 02:00:00,-49.93875,-24.09051,2.01155,JJA,LA-PLATA,15120.986042134833,4.200273900593009,mature
1223,19950595,1995-07-10 03:00:00,-49.80768,-24.12561,2.08339,JJA,LA-PLATA,13863.835183360103,3.85106532871114,mature
1224,19950595,1995-07-10 04:00:00,-49.69904,-24.14627,2.077,JJA,LA-PLATA,11260.972757551555,3.1280479882087655,mature
1225,19950595,1995-07-10 05:00:00,-49.34149,-24.07578,2.21043,JJA,LA-PLATA,37125.97924094843,10.312772011374564,mature
1226,19950595,1995-07-10 06:00:00,-49.1586,-23.99494,2.2727,JJA,LA-PLATA,20634.078654336947,5.731688515093596,mature
1227,19950595,1995-07-10 07:00:00,-48.52994,-23.93525,2.36808,JJA,LA-PLATA,64221.540155981085,17.839316709994748,mature
1228,19950595,1995-07-10 08:00:00,-47.8949,-23.80412,2.29409,JJA,LA-PLATA,66199.32787644518,18.38870218790144,decay
1229,19950595,1995-07-10 09:00:00,-47.08963,-23.74295,2.34421,JJA,LA-PLATA,82225.75326769942,22.840487018805394,decay
1230,19950595,1995-07-10 10:00:00,-47.03622,-23.53573,1.75644,JJA,LA-PLATA,23675.44064211468,6.576511289476301,incipient
1231,19950595,1995-07-10 11:00:00,-46.0737,-23.59556,2.03443,JJA,LA-PLATA,98326.81067378937,27.313002964941493,incipient
1232,19950595,1995-07-10 12:00:00,-46.23682,-23.42162,2.02023,JJA,LA-PLATA,25509.421066529034,7.085950296258065,incipient
1233,19950595,1995-07-10 13:00:00,-44.92062,-23.46494,1.96499,JJA,LA-PLATA,134359.90826900958,37.32219674139155,incipient
1234,19950595,1995-07-10 14:00:00,-43.41104,-23.40272,2.18575,JJA,LA-PLATA,154167.5557305368,42.82432103626022,intensification
1235,19950595,1995-07-10 15:00:00,-42.75464,-23.24025,2.42258,JJA,LA-PLATA,69417.1003226055,19.282527867390417,intensification
1236,19950595,1995-07-10 16:00:00,-42.14719,-23.26916,2.29747,JJA,LA-PLATA,62141.137924098046,17.261427201138346,intensification
1237,19950595,1995-07-10 17:00:00,-41.65814,-23.22609,2.23676,JJA,LA-PLATA,50193.68863067124,13.942691286297567,intensification
1238,19950595,1995-07-10 18:00:00,-41.66052,-23.07162,2.38475,JJA,LA-PLATA,17178.02817298666,4.771674492496294,intensification
1239,19950595,1995-07-10 19:00:00,-41.1825,-23.05834,2.27385,JJA,LA-PLATA,48926.71219238649,13.590753386774026,intensification
1240,19950595,1995-07-10 20:00:00,-40.74249,-22.97798,2.14265,JJA,LA-PLATA,45909.404991061965,12.752612497517212,intensification
1241,19950595,1995-07-10 21:00:00,-40.06897,-23.07802,2.27174,JJA,LA-PLATA,69816.07026547211,19.39335285152003,intensification
1242,19950595,1995-07-10 22:00:00,-38.34699,-23.35609,2.60767,JJA,LA-PLATA,178664.21560008227,49.62894877780063,intensification
1243,19950595,1995-07-10 23:00:00,-37.53699,-23.42979,2.54506,JJA,LA-PLATA,83069.85180367266,23.074958834353517,intensification
1244,19950595,1995-07-11 00:00:00,-37.32556,-23.32659,2.93161,JJA,LA-PLATA,24441.29478012069,6.789248550033525,intensification
1245,19950595,1995-07-11 01:00:00,-36.94656,-23.4118,3.18755,JJA,LA-PLATA,39829.25385262068,11.063681625727966,mature
1246,19950595,1995-07-11 02:00:00,-36.38818,-23.53377,2.91422,JJA,LA-PLATA,58543.773403696905,16.262159278804695,mature
1247,19950595,1995-07-11 03:00:00,-35.87549,-23.61737,2.60619,JJA,LA-PLATA,53070.73623762093,14.741871177116924,mature
1248,19950595,1995-07-11 04:00:00,-35.66519,-23.50649,2.50601,JJA,LA-PLATA,24727.711296372905,6.868808693436918,mature
1249,19950595,1995-07-11 05:00:00,-35.41235,-23.45469,2.59205,JJA,LA-PLATA,26421.998098339405,7.33944391620539,decay
1250,19950595,1995-07-11 06:00:00,-35.30957,-23.35786,2.38433,JJA,LA-PLATA,15030.988829690883,4.175274674914134,decay
1251,19950595,1995-07-11 07:00:00,-34.98196,-23.34316,2.31236,JJA,LA-PLATA,33484.93207093653,9.30137001970459,decay
1252,19950595,1995-07-11 08:00:00,-34.7211,-23.28968,2.15092,JJA,LA-PLATA,27293.20191212535,7.581444975590375,decay
1253,19950595,1995-07-11 09:00:00,-34.43558,-23.29172,2.07045,JJA,LA-PLATA,29162.137233293455,8.10059367591485,decay
1254,19950595,1995-07-11 10:00:00,-34.19836,-23.03514,2.3424,JJA,LA-PLATA,37444.7549953971,10.40132083205475,decay
1255,19950595,1995-07-11 11:00:00,-33.90817,-23.02033,2.33982,JJA,LA-PLATA,29742.0901880745,8.261691718909583,decay
1256,19950595,1995-07-11 12:00:00,-33.79987,-22.91942,2.18725,JJA,LA-PLATA,15774.616115115294,4.3818378097542485,decay
1257,19950595,1995-07-11 13:00:00,-33.67429,-22.84821,2.02728,JJA,LA-PLATA,15106.369121699465,4.196213644916518,decay
1258,19950595,1995-07-11 14:00:00,-33.43271,-22.90146,1.87139,JJA,LA-PLATA,25448.362739168067,7.068989649768907,decay
1259,19950595,1995-07-11 15:00:00,-33.41721,-22.79931,1.706,JJA,LA-PLATA,11469.083433135987,3.185856509204441,decay
1260,19950595,1995-07-11 16:00:00,-33.49026,-22.64235,1.54047,JJA,LA-PLATA,18993.42788082758,5.275952189118772,decay
1261,19950595,1995-07-11 17:00:00,-33.59515,-22.53912,1.39805,JJA,LA-PLATA,15739.03807985571,4.371955022182142,decay
1262,19950595,1995-07-11 18:00:00,-33.96207,-22.21983,1.2732,JJA,LA-PLATA,51805.402595538,14.390389609871667,decay
1263,19950595,1995-07-11 19:00:00,-34.27478,-21.97675,1.15412,JJA,LA-PLATA,42054.08345062583,11.681689847396065,decay
1264,19950595,1995-07-11 20:00:00,-34.38394,-21.91733,1.11021,JJA,LA-PLATA,13054.00151296019,3.626111531377831,decay
1265,19950596,1995-07-06 06:00:00,-60.59274,-44.88843,1.56005,JJA,LA-PLATA,,,mature
1266,19950596,1995-07-06 07:00:00,-60.55856,-44.38177,1.7611,JJA,LA-PLATA,56402.97781208094,15.66749383668915,mature
1267,19950596,1995-07-06 08:00:00,-60.23825,-44.02715,1.96517,JJA,LA-PLATA,46976.23887851884,13.04895524403301,mature
1268,19950596,1995-07-06 09:00:00,-59.74588,-43.74973,2.21951,JJA,LA-PLATA,50084.30533661189,13.912307037947748,mature
1269,19950596,1995-07-06 10:00:00,-59.11023,-43.45778,2.5796,JJA,LA-PLATA,60608.968404285515,16.835824556745976,mature
1270,19950596,1995-07-06 11:00:00,-58.71472,-43.29814,2.85851,JJA,LA-PLATA,36563.53461264245,10.15653739240068,mature
1271,19950596,1995-07-06 12:00:00,-58.20956,-43.26014,3.03935,JJA,LA-PLATA,41111.62422811493,11.419895618920814,mature
1272,19950596,1995-07-06 13:00:00,-57.75952,-43.2516,3.17433,JJA,LA-PLATA,36458.12348680685,10.127256524113013,mature
1273,19950596,1995-07-06 14:00:00,-57.34872,-43.20173,3.2011,JJA,LA-PLATA,33742.69908034611,9.372971966762808,mature
1274,19950596,1995-07-06 15:00:00,-56.94107,-43.20871,3.13646,JJA,LA-PLATA,33049.437589455454,9.180399330404294,mature
1275,19950596,1995-07-06 16:00:00,-56.36093,-43.25705,2.95907,JJA,LA-PLATA,47305.75365352502,13.140487125979172,decay
1276,19950596,1995-07-06 17:00:00,-55.67953,-43.38979,2.78436,JJA,LA-PLATA,57062.67070338305,15.850741862050848,decay
1277,19950596,1995-07-06 18:00:00,-54.75412,-43.47743,2.68707,JJA,LA-PLATA,75356.17554268539,20.932270984079274,decay
1278,19950596,1995-07-06 19:00:00,-53.39404,-43.54086,2.68829,JJA,LA-PLATA,109910.0987371871,30.530582982551973,decay
1279,19950596,1995-07-06 20:00:00,-52.00461,-43.78805,2.70657,JJA,LA-PLATA,115091.72843623365,31.96992456562046,decay
1280,19950596,1995-07-06 21:00:00,-50.87012,-43.98216,2.76489,JJA,LA-PLATA,93446.07241621641,25.957242337837894,decay
1281,19950596,1995-07-06 22:00:00,-49.82553,-43.94825,3.13364,JJA,LA-PLATA,83687.08213862799,23.24641170517444,incipient
1282,19950596,1995-07-06 23:00:00,-48.78275,-44.14645,3.12637,JJA,LA-PLATA,86206.33269843164,23.94620352734212,incipient
1283,19950596,1995-07-07 00:00:00,-47.80975,-44.27631,3.17698,JJA,LA-PLATA,78881.98231825489,21.911661755070803,incipient
1284,19950596,1995-07-07 01:00:00,-46.67654,-44.33297,3.1829,JJA,LA-PLATA,90394.53508827553,25.109593080076536,intensification
1285,19950596,1995-07-07 02:00:00,-45.72891,-44.40444,3.24851,JJA,LA-PLATA,75743.1555558854,21.03976543219039,intensification
1286,19950596,1995-07-07 03:00:00,-44.89816,-44.53779,3.21342,JJA,LA-PLATA,67566.14316061242,18.768373100170116,intensification
1287,19950596,1995-07-07 04:00:00,-44.03388,-44.72151,3.26755,JJA,LA-PLATA,71378.79101609469,19.827441948915194,intensification
1288,19950596,1995-07-07 05:00:00,-43.18286,-44.94574,3.28313,JJA,LA-PLATA,71588.7780839323,19.885771689981194,intensification
1289,19950596,1995-07-07 06:00:00,-42.44815,-45.17577,3.28174,JJA,LA-PLATA,63120.96478533376,17.533601329259376,intensification
1290,19950596,1995-07-07 07:00:00,-41.61404,-45.38701,3.22255,JJA,LA-PLATA,69358.51438617882,19.266253996160785,intensification
1291,19950596,1995-07-07 08:00:00,-40.7124,-45.65418,3.15114,JJA,LA-PLATA,76269.11317773747,21.185864771593742,intensification
1292,19950596,1995-07-07 09:00:00,-39.73651,-45.94676,3.04398,JJA,LA-PLATA,82349.71577807816,22.874921049466156,intensification
1293,19950596,1995-07-07 10:00:00,-38.9288,-46.26242,3.35812,JJA,LA-PLATA,71481.97865610392,19.85610518225109,intensification
1294,19950596,1995-07-07 11:00:00,-37.96759,-46.49718,3.28176,JJA,LA-PLATA,78218.85650135335,21.72746013926482,intensification
1295,19950596,1995-07-07 12:00:00,-36.98798,-46.81474,3.32226,JJA,LA-PLATA,82683.95275445454,22.967764654015152,mature
1296,19950596,1995-07-07 13:00:00,-35.99832,-47.23341,3.33002,JJA,LA-PLATA,88287.19721563552,24.524221448787642,mature
1297,19950596,1995-07-07 14:00:00,-34.89584,-47.7355,3.43537,JJA,LA-PLATA,99900.05296549201,27.75001471263667,mature
1298,19950596,1995-07-07 15:00:00,-33.92722,-48.20056,3.4699,JJA,LA-PLATA,88737.70899514771,24.649363609763252,decay
1299,19950596,1995-07-07 16:00:00,-32.82306,-48.66027,3.58822,JJA,LA-PLATA,96174.10200839849,26.715028335666247,decay
1300,19950596,1995-07-07 17:00:00,-31.58664,-49.18563,3.5713,JJA,LA-PLATA,107577.42059811689,29.882616832810246,decay
1301,19950596,1995-07-07 18:00:00,-30.00925,-49.72736,3.69075,JJA,LA-PLATA,128944.20951595268,35.81783597665352,decay
1302,19950596,1995-07-07 19:00:00,-28.30191,-50.24387,3.89348,JJA,LA-PLATA,134900.30662607803,37.472307396132784,decay
1303,19950596,1995-07-07 20:00:00,-26.83093,-50.53852,4.09739,JJA,LA-PLATA,109303.75313407177,30.36215364835327,decay
1304,19950596,1995-07-07 21:00:00,-25.72092,-50.69974,4.32058,JJA,LA-PLATA,80336.2884085334,22.315635669037054,decay
1305,19950596,1995-07-07 22:00:00,-25.1134,-50.96135,3.97106,JJA,LA-PLATA,51640.2862736806,14.344523964911277,decay
1306,19950596,1995-07-07 23:00:00,-24.1644,-51.07092,3.99454,JJA,LA-PLATA,67493.65321514408,18.74823700420669,decay
1307,19950596,1995-07-08 00:00:00,-23.11298,-51.14733,4.12162,JJA,LA-PLATA,73891.83594822978,20.525509985619383,decay
1308,19950596,1995-07-08 01:00:00,-22.50305,-51.29259,4.31014,JJA,LA-PLATA,45445.688799935735,12.623802444426593,decay
1309,19950596,1995-07-08 02:00:00,-22.30633,-51.51739,4.48509,JJA,LA-PLATA,28478.575657326284,7.910715460368412,decay
1310,19950596,1995-07-08 03:00:00,-21.91333,-51.67133,4.70944,JJA,LA-PLATA,32093.25778570384,8.914793829362178,decay
1311,19950596,1995-07-08 04:00:00,-22.13648,-51.96927,4.84633,JJA,LA-PLATA,36507.60559524259,10.141001554234052,decay
1312,19950596,1995-07-08 05:00:00,-22.47177,-52.29271,4.91538,JJA,LA-PLATA,42629.18279391893,11.84143966497748,decay
1313,19950596,1995-07-08 06:00:00,-22.14316,-52.47528,4.91634,JJA,LA-PLATA,30158.449050905627,8.377346958584896,decay
1314,19950596,1995-07-08 07:00:00,-22.30069,-52.76795,4.87876,JJA,LA-PLATA,34236.75070086823,9.510208528018953,decay
1315,19950596,1995-07-08 08:00:00,-23.31467,-53.20169,4.76128,JJA,LA-PLATA,83266.74997419915,23.129652770610875,decay
1316,19950596,1995-07-08 09:00:00,-24.41199,-53.49593,4.69864,JJA,LA-PLATA,79846.6818884736,22.179633857909334,decay
1317,19950597,1995-07-06 10:00:00,-7.57944,-44.97879,8.48211,JJA,SAt,,,mature
1318,19950597,1995-07-06 11:00:00,-6.70581,-44.56783,7.61661,JJA,SAt,82727.36902711134,22.97982472975315,mature
1319,19950597,1995-07-06 12:00:00,-5.82629,-44.14898,7.17079,JJA,SAt,84014.04405431007,23.337234459530574,mature
1320,19950597,1995-07-06 13:00:00,-5.02048,-43.73991,6.91149,JJA,SAt,78937.14582928098,21.92698495257805,mature
1321,19950597,1995-07-06 14:00:00,-4.32059,-43.45815,6.87344,JJA,SAt,64481.73796980782,17.911593880502174,mature
1322,19950597,1995-07-06 15:00:00,-3.4195,-43.20625,7.02812,JJA,SAt,78078.4497239587,21.688458256655196,mature
1323,19950597,1995-07-06 16:00:00,-2.58697,-43.01459,7.19711,JJA,SAt,70862.2479144221,19.68395775400614,decay
1324,19950597,1995-07-06 17:00:00,-1.75934,-42.77217,7.15728,JJA,SAt,72610.49180008139,20.169581055578163,decay
1325,19950597,1995-07-06 18:00:00,-0.98791,-42.52192,7.34893,JJA,SAt,68957.51297303355,19.15486471473154,decay
1326,19950597,1995-07-06 19:00:00,-0.18445,-42.26392,7.21778,JJA,SAt,71948.16523705896,19.9856014547386,decay
1327,19950597,1995-07-06 20:00:00,0.48799,-41.98429,7.0834,JJA,SAt,63579.482751759155,17.66096743104421,decay
1328,19950597,1995-07-06 21:00:00,1.28924,-41.63942,7.01677,JJA,SAt,76682.65292575228,21.30073692382008,decay
1329,19950597,1995-07-06 22:00:00,2.33527,-41.01656,5.33861,JJA,SAt,111469.89127425436,30.963858687292877,incipient
1330,19950597,1995-07-06 23:00:00,3.20257,-40.72625,5.70061,JJA,SAt,79750.44325440907,22.152900904002518,incipient
1331,19950597,1995-07-07 00:00:00,4.26306,-40.50893,5.78786,JJA,SAt,92714.48968064252,25.75402491128959,incipient
1332,19950597,1995-07-07 01:00:00,5.39117,-40.35007,5.83005,JJA,SAt,97105.15646163748,26.973654572677077,intensification
1333,19950597,1995-07-07 02:00:00,6.58422,-40.23975,5.75046,JJA,SAt,101924.26572778246,28.312296035495127,intensification
1334,19950597,1995-07-07 03:00:00,7.94081,-40.11023,5.65319,JJA,SAt,116153.29173618631,32.26480326005175,intensification
1335,19950597,1995-07-07 04:00:00,9.30814,-39.99442,5.62887,JJA,SAt,117089.46698895405,32.52485194137613,intensification
1336,19950597,1995-07-07 05:00:00,10.53996,-39.99084,5.76238,JJA,SAt,104938.13525772978,29.14948201603605,intensification
1337,19950597,1995-07-07 06:00:00,11.58277,-39.93394,5.87698,JJA,SAt,89100.26096976807,24.750072491602243,intensification
1338,19950597,1995-07-07 07:00:00,12.62058,-39.90754,6.04595,JJA,SAt,88551.74481832427,24.597706893978962,intensification
1339,19950597,1995-07-07 08:00:00,13.54691,-39.98942,6.14457,JJA,SAt,79487.41981036721,22.079838836213113,intensification
1340,19950597,1995-07-07 09:00:00,14.43837,-40.00418,6.28872,JJA,SAt,75955.87325081989,21.098853680783304,intensification
1341,19950597,1995-07-07 10:00:00,15.77336,-39.99468,5.85227,JJA,SAt,113719.74255868353,31.58881737741209,intensification
1342,19950597,1995-07-07 11:00:00,16.77329,-40.11041,6.08271,JJA,SAt,86075.72724819239,23.909924235608997,intensification
1343,19950597,1995-07-07 12:00:00,17.82596,-40.39786,6.32681,JJA,SAt,94877.47067010772,26.354852963918812,mature
1344,19950597,1995-07-07 13:00:00,19.0166,-40.7523,6.51056,JJA,SAt,108006.21597915309,30.001726660875857,mature
1345,19950597,1995-07-07 14:00:00,20.10959,-41.17386,6.85558,JJA,SAt,103052.09259471066,28.625581276308516,mature
1346,19950597,1995-07-07 15:00:00,21.1162,-41.4446,7.09942,JJA,SAt,89303.71552210598,24.80658764502944,decay
1347,19950597,1995-07-07 16:00:00,22.08292,-41.77293,7.17596,JJA,SAt,88275.81520469858,24.52105977908294,decay
1348,19950597,1995-07-07 17:00:00,22.98635,-42.06342,7.46729,JJA,SAt,81429.89941608178,22.61941650446716,decay
1349,19950597,1995-07-07 18:00:00,23.96777,-42.4296,7.61226,JJA,SAt,90464.24518995317,25.128956997209215,decay
1350,19950597,1995-07-07 19:00:00,25.01369,-42.75775,7.64804,JJA,SAt,93067.92331532079,25.852200920922442,decay
1351,19950597,1995-07-07 20:00:00,26.0271,-43.14533,7.64736,JJA,SAt,93058.41797867723,25.849560549632564,decay
1352,19950597,1995-07-07 21:00:00,26.96101,-43.55582,7.73024,JJA,SAt,88235.83955899383,24.509955433053843,decay
1353,19950597,1995-07-07 22:00:00,28.41272,-44.23777,8.89119,JJA,SAt,138850.47431628808,38.56957619896891,decay
1354,19950597,1995-07-07 23:00:00,29.25116,-44.84473,8.84916,JJA,SAt,94712.06650515752,26.308907362543756,decay
1355,19950597,1995-07-08 00:00:00,30.08767,-45.5222,8.77555,JJA,SAt,99864.08105215413,27.740022514487258,decay
1356,19950597,1995-07-08 01:00:00,30.85042,-46.13916,8.66496,JJA,SAt,90546.27599816432,25.151743332823422,decay
1357,19950597,1995-07-08 02:00:00,31.59636,-46.78256,8.71587,JJA,SAt,91557.64930794519,25.43268036331811,decay
1358,19950597,1995-07-08 03:00:00,32.37567,-47.45966,8.93904,JJA,SAt,95630.78753642284,26.564107649006345,decay
1359,19950597,1995-07-08 04:00:00,33.09641,-48.04432,9.11071,JJA,SAt,84437.7844243635,23.454940117878753,decay
1360,19950597,1995-07-08 05:00:00,33.76772,-48.58668,9.32925,JJA,SAt,78110.47529009906,21.697354247249738,decay
1361,19950597,1995-07-08 06:00:00,34.43533,-49.12537,9.40934,JJA,SAt,77288.56259300481,21.46904516472356,decay
1362,19950597,1995-07-08 07:00:00,35.06645,-49.76363,9.38961,JJA,SAt,84372.70437479716,23.436862326332545,decay
1363,19950597,1995-07-08 08:00:00,35.57426,-50.50406,9.45805,JJA,SAt,89936.23383376704,24.9822871760464,decay
1364,19950597,1995-07-08 09:00:00,36.05241,-51.22206,9.43698,JJA,SAt,86603.65437215728,24.05657065893258,decay
1365,19950597,1995-07-08 10:00:00,35.95208,-52.10633,9.4763,JJA,SAt,98569.64456027276,27.38045682229799,decay
1366,19950597,1995-07-08 11:00:00,36.44722,-52.71415,9.59751,JJA,SAt,75470.75457861659,20.964098494060163,decay
1367,19950597,1995-07-08 12:00:00,36.87407,-53.28223,9.86417,JJA,SAt,69326.06388560012,19.257239968222255,decay
1368,19950597,1995-07-08 13:00:00,37.33484,-53.81662,9.97491,JJA,SAt,66764.4497937503,18.545680498263973,mature
1369,19950597,1995-07-08 14:00:00,37.80405,-54.21276,10.22901,JJA,SAt,53666.305216695226,14.907307004637563,decay 2
1370,19950597,1995-07-08 15:00:00,38.32578,-54.61494,10.10314,JJA,SAt,56032.154179924015,15.564487272201115,decay 2
1371,19950597,1995-07-08 16:00:00,38.79221,-54.93846,10.34802,JJA,SAt,46785.98326384771,12.996106462179918,decay 2
1372,19950597,1995-07-08 17:00:00,39.25538,-55.35104,10.26718,JJA,SAt,54506.923659532295,15.140812127647859,decay 2
1373,19950597,1995-07-08 18:00:00,39.60443,-55.73558,10.36289,JJA,SAt,48068.02915468535,13.35223032074593,decay 2
1374,19950597,1995-07-08 19:00:00,39.98219,-56.10818,10.32041,JJA,SAt,47649.73283015929,13.236036897266471,decay 2
1375,19950597,1995-07-08 20:00:00,40.33362,-56.43879,10.29313,JJA,SAt,42687.26248618852,11.857572912830145,decay 2
1376,19950597,1995-07-08 21:00:00,40.76014,-56.73009,10.25259,JJA,SAt,41609.376266543426,11.55816007403984,decay 2
1377,19950597,1995-07-08 22:00:00,41.79372,-57.22384,10.64956,JJA,SAt,83288.56822757196,23.135713396547768,decay 2
1378,19950597,1995-07-08 23:00:00,42.22461,-57.50579,10.30739,JJA,SAt,40626.90197682604,11.285250549118345,decay 2
1379,19950597,1995-07-09 00:00:00,42.62054,-57.81667,10.43337,JJA,SAt,41827.88829745612,11.618857860404479,decay 2
1380,19950597,1995-07-09 01:00:00,42.96302,-58.11005,10.28365,JJA,SAt,38370.52282727413,10.658478563131702,decay
1381,19950597,1995-07-09 02:00:00,43.39483,-58.42741,10.15601,JJA,SAt,43393.506296770924,12.053751749103034,decay
1382,19950597,1995-07-09 03:00:00,43.86273,-58.79898,9.9945,JJA,SAt,49409.443481308546,13.724845411474597,decay
1383,19950597,1995-07-09 04:00:00,44.19503,-59.09774,9.85943,JJA,SAt,38299.58423582157,10.638773398839325,decay
1384,19950597,1995-07-09 05:00:00,44.44325,-59.34924,9.64755,JJA,SAt,31329.399504291923,8.702610973414423,decay
1385,19950597,1995-07-09 06:00:00,44.69105,-59.60025,9.54376,JJA,SAt,31223.260268501035,8.673127852361398,decay
1386,19950597,1995-07-09 07:00:00,44.71125,-59.67756,9.44669,JJA,SAt,8671.135686138803,2.408648801705223,decay
1387,19950597,1995-07-09 08:00:00,44.89229,-59.85454,9.45297,JJA,SAt,22136.45065246719,6.149014070129775,incipient
1388,19950597,1995-07-09 09:00:00,44.98228,-59.96045,9.49299,JJA,SAt,12800.870375561826,3.5557973265449516,incipient
1389,19950597,1995-07-09 10:00:00,45.52687,-60.22532,9.47123,JJA,SAt,42178.415100201884,11.716226416722746,intensification
1390,19950597,1995-07-09 11:00:00,45.60833,-60.39756,9.46652,JJA,SAt,19670.658364995557,5.464071768054321,intensification
1391,19950597,1995-07-09 12:00:00,45.59146,-60.4699,9.34043,JJA,SAt,8096.931884295658,2.249147745637683,intensification
1392,19950597,1995-07-09 13:00:00,45.59035,-60.59771,9.15402,JJA,SAt,14211.973340070395,3.9477703722417763,intensification
1393,19950597,1995-07-09 14:00:00,45.61387,-60.71527,9.00932,JJA,SAt,13134.769899980362,3.648547194438989,intensification
1394,19950597,1995-07-09 15:00:00,45.66529,-60.83739,8.86999,JJA,SAt,13863.09603418037,3.850860009494547,intensification
1395,19950597,1995-07-09 16:00:00,45.74735,-60.93456,8.7298,JJA,SAt,11681.364303438711,3.2448234176218644,intensification
1396,19950597,1995-07-09 17:00:00,45.86618,-61.0069,8.5958,JJA,SAt,10286.652981506022,2.857403605973895,intensification
1397,19950597,1995-07-09 18:00:00,45.99157,-61.0134,8.45432,JJA,SAt,6795.962041071092,1.8877672336308589,intensification
1398,19950597,1995-07-09 19:00:00,46.11003,-61.01342,8.2946,JJA,SAt,6383.29750282482,1.7731381952291168,intensification
1399,19950597,1995-07-09 20:00:00,46.26942,-60.96691,8.14787,JJA,SAt,10031.0743824209,2.7864095506724724,intensification
1400,19950597,1995-07-09 21:00:00,46.41156,-60.92763,8.01241,JJA,SAt,8831.015124851943,2.4530597569033175,intensification
1401,19950597,1995-07-09 22:00:00,45.27242,-61.70376,7.55794,JJA,SAt,105563.62133620617,29.323228148946157,intensification
1402,19950597,1995-07-09 23:00:00,44.8085,-61.84243,7.40105,JJA,SAt,28862.146656561967,8.017262960156103,intensification
1403,19950597,1995-07-10 00:00:00,44.31742,-61.98328,7.20641,JJA,SAt,30103.895844096263,8.36219329002674,intensification
1404,19950597,1995-07-10 01:00:00,43.88636,-62.11248,6.99273,JJA,SAt,26667.681638314145,7.407689343976151,intensification
1405,19950597,1995-07-10 02:00:00,43.51975,-62.22693,6.78717,JJA,SAt,22894.33981980391,6.359538838834419,mature
1406,19950597,1995-07-10 03:00:00,43.19445,-62.33779,6.61651,JJA,SAt,20856.72304314152,5.793534178650422,mature
1407,19950597,1995-07-10 04:00:00,42.84989,-62.4601,6.50981,JJA,SAt,22362.141276134742,6.211705910037428,mature
1408,19950597,1995-07-10 05:00:00,42.5438,-62.53435,6.45243,JJA,SAt,17753.907397575356,4.931640943770932,mature
1409,19950597,1995-07-10 06:00:00,42.24178,-62.56772,6.39187,JJA,SAt,15918.905193947969,4.421918109429991,mature
1410,19950597,1995-07-10 07:00:00,41.93738,-62.56679,6.30245,JJA,SAt,15594.242716428924,4.3317340878969235,mature
1411,19950597,1995-07-10 08:00:00,41.82017,-62.50604,6.20366,JJA,SAt,9042.117213432888,2.51169922595358,decay
1412,19950597,1995-07-10 09:00:00,41.70851,-62.46354,6.07136,JJA,SAt,7432.020726216485,2.0644502017268014,decay
1413,19950597,1995-07-10 10:00:00,42.04548,-62.3759,6.03356,JJA,SAt,19897.722332257355,5.5271450922937095,incipient
1414,19950597,1995-07-10 11:00:00,42.09174,-62.35952,5.89656,JJA,SAt,3001.502962501484,0.8337508229170789,incipient
1415,19950597,1995-07-10 12:00:00,42.1085,-62.3846,5.67661,JJA,SAt,2919.610397017479,0.8110028880604109,incipient
1416,19950597,1995-07-10 13:00:00,42.0789,-62.48384,5.41897,JJA,SAt,11139.621670495802,3.0943393529155006,incipient
1417,19950597,1995-07-10 14:00:00,42.30997,-62.513,5.18579,JJA,SAt,12299.79824785494,3.41661062440415,intensification
1418,19950597,1995-07-10 15:00:00,42.73924,-62.52156,5.01044,JJA,SAt,22048.258208853502,6.124516169125973,intensification
1419,19950597,1995-07-10 16:00:00,43.29892,-62.49549,4.88299,JJA,SAt,28873.88858083988,8.020524605788856,intensification
1420,19950597,1995-07-10 17:00:00,43.8331,-62.51828,4.81103,JJA,SAt,27537.469948540303,7.649297207927862,intensification
1421,19950597,1995-07-10 18:00:00,44.52767,-62.52527,4.77307,JJA,SAt,35644.389339237285,9.901219260899246,intensification
1422,19950598,1995-07-06 13:00:00,-107.45409,-56.01336,4.67847,JJA,SAt,,,mature
1423,19950598,1995-07-06 14:00:00,-107.16702,-55.9897,4.65027,JJA,SAt,18041.996286093825,5.011665635026063,mature
1424,19950598,1995-07-06 15:00:00,-106.83151,-55.80786,4.72819,JJA,SAt,29091.771424157516,8.081047617821532,mature
1425,19950598,1995-07-06 16:00:00,-106.54275,-55.78474,4.89064,JJA,SAt,18231.628837716125,5.064341343810034,decay
1426,19950598,1995-07-06 17:00:00,-105.91338,-55.62555,4.9166,JJA,SAt,43222.59212263483,12.006275589620786,decay
1427,19950598,1995-07-06 18:00:00,-105.54202,-55.56956,5.13714,JJA,SAt,24147.224112829357,6.707562253563711,decay
1428,19950598,1995-07-06 19:00:00,-104.95776,-55.51241,5.29295,JJA,SAt,37304.44883289796,10.36234689802721,decay
1429,19950598,1995-07-06 20:00:00,-104.32434,-55.37429,5.35615,JJA,SAt,42801.35059317566,11.889264053659906,decay
1430,19950598,1995-07-06 21:00:00,-103.78049,-55.26315,5.49225,JJA,SAt,36561.843308046766,10.156067585568547,decay
1431,19950598,1995-07-06 22:00:00,-102.48004,-55.3708,5.73135,JJA,SAt,83149.50575571565,23.097084932143236,incipient
1432,19950598,1995-07-06 23:00:00,-101.91797,-55.26711,5.80337,JJA,SAt,37384.872135570644,10.384686704325178,incipient
1433,19950598,1995-07-07 00:00:00,-101.32956,-55.06622,5.73925,JJA,SAt,43538.92996627736,12.094147212854823,incipient
1434,19950598,1995-07-07 01:00:00,-100.63962,-54.92122,5.76971,JJA,SAt,46870.677403750975,13.019632612153048,intensification
1435,19950598,1995-07-07 02:00:00,-99.97867,-54.79191,5.93396,JJA,SAt,44681.754325569396,12.411598423769277,intensification
1436,19950598,1995-07-07 03:00:00,-99.16669,-54.67641,5.93564,JJA,SAt,53688.17366769372,14.913381574359367,intensification
1437,19950598,1995-07-07 04:00:00,-98.15301,-54.50281,5.74941,JJA,SAt,68103.30910682344,18.91758586300651,intensification
1438,19950598,1995-07-07 05:00:00,-97.12747,-54.40469,5.75294,JJA,SAt,67186.5386587067,18.662927405196307,intensification
1439,19950598,1995-07-07 06:00:00,-95.98337,-54.40162,5.96074,JJA,SAt,74050.96912742475,20.569713646506873,intensification
1440,19950598,1995-07-07 07:00:00,-94.64774,-54.36179,5.92049,JJA,SAt,86604.84575763135,24.05690159934204,intensification
1441,19950598,1995-07-07 08:00:00,-92.99747,-54.29551,5.96426,JJA,SAt,107257.42560308092,29.793729334189145,intensification
1442,19950598,1995-07-07 09:00:00,-92.09616,-54.25076,6.13483,JJA,SAt,58732.14186648258,16.314483851800716,intensification
1443,19950598,1995-07-07 10:00:00,-90.43106,-54.19529,6.39118,JJA,SAt,108418.16087271193,30.116155797975537,intensification
1444,19950598,1995-07-07 11:00:00,-89.64322,-54.15436,6.4791,JJA,SAt,51477.12215780623,14.29920059939062,intensification
1445,19950598,1995-07-07 12:00:00,-88.58591,-54.13576,6.47984,JJA,SAt,68893.92354441878,19.13720098456077,mature
1446,19950598,1995-07-07 13:00:00,-87.89044,-54.06492,6.68568,JJA,SAt,46024.3572692941,12.784543685915029,mature
1447,19950598,1995-07-07 14:00:00,-86.91223,-53.97256,6.81112,JJA,SAt,64725.28522365361,17.979245895459336,mature
1448,19950598,1995-07-07 15:00:00,-86.41019,-53.83382,7.04901,JJA,SAt,36327.36743897321,10.09093539971478,decay
1449,19950598,1995-07-07 16:00:00,-85.54144,-53.73846,7.12219,JJA,SAt,58048.07983729325,16.124466621470347,decay
1450,19950598,1995-07-07 17:00:00,-84.88727,-53.64149,7.2466,JJA,SAt,44402.498230749254,12.334027286319238,decay
1451,19950598,1995-07-07 18:00:00,-84.19833,-53.54108,7.27259,JJA,SAt,46819.8026941146,13.005500748365167,decay
1452,19950598,1995-07-07 19:00:00,-83.58081,-53.40109,7.35598,JJA,SAt,43735.20035825329,12.14866676618147,decay
1453,19950598,1995-07-07 20:00:00,-82.89694,-53.32992,7.43448,JJA,SAt,46060.20795909579,12.79450221085994,decay
1454,19950598,1995-07-07 21:00:00,-82.19711,-53.19109,7.49128,JJA,SAt,49041.54221164227,13.622650614345075,decay
1455,19950598,1995-07-07 22:00:00,-81.73053,-52.88926,7.41563,JJA,SAt,45819.792038064305,12.727720010573417,decay
1456,19950598,1995-07-07 23:00:00,-81.04987,-52.70624,7.39874,JJA,SAt,50082.94858017332,13.911930161159255,decay
1457,19950598,1995-07-08 00:00:00,-80.29486,-52.57553,7.34581,JJA,SAt,52976.14817240197,14.715596714556103,decay
1458,19950598,1995-07-08 01:00:00,-79.48395,-52.46041,7.30131,JJA,SAt,56342.16641490524,15.650601781918121,decay
1459,19950598,1995-07-08 02:00:00,-78.48642,-52.48451,7.16171,JJA,SAt,67618.95340217542,18.783042611715395,decay
1460,19950598,1995-07-08 03:00:00,-77.4881,-52.52913,7.10648,JJA,SAt,67748.44648743814,18.81901291317726,decay
1461,19950598,1995-07-08 04:00:00,-76.38,-52.64731,7.00306,JJA,SAt,76001.97357103473,21.111659325287427,decay
1462,19950598,1995-07-08 05:00:00,-75.26492,-52.81361,6.9825,JJA,SAt,77327.55963206242,21.479877675572894,decay
1463,19950598,1995-07-08 06:00:00,-74.07126,-53.18169,6.81023,JJA,SAt,89755.90549620723,24.932195971168674,decay
1464,19950598,1995-07-08 07:00:00,-72.80225,-53.4696,6.69297,JJA,SAt,90152.9196048721,25.04247766802003,decay
1465,19950598,1995-07-08 08:00:00,-71.47797,-53.64983,6.67659,JJA,SAt,89731.36223612024,24.92537839892229,decay
1466,19950598,1995-07-08 09:00:00,-70.20715,-53.77874,6.57881,JJA,SAt,84846.71108389566,23.568530856637683,decay
1467,19950598,1995-07-08 10:00:00,-68.82849,-53.91241,6.51198,JJA,SAt,91653.22363628355,25.459228787856542,decay
1468,19950598,1995-07-08 11:00:00,-67.53381,-53.80386,6.74903,JJA,SAt,85759.28732743338,23.822024257620384,decay
1469,19950598,1995-07-08 12:00:00,-66.30298,-53.59633,6.97821,JJA,SAt,84244.911823429,23.401364395396946,decay
1470,19950598,1995-07-08 13:00:00,-65.25324,-53.40418,7.25966,JJA,SAt,72643.20069590074,20.178666859972427,mature
1471,19950598,1995-07-08 14:00:00,-64.43985,-53.31467,7.44845,JJA,SAt,54886.603028344296,15.246278618984526,decay 2
1472,19950598,1995-07-08 15:00:00,-63.77734,-53.29187,7.71202,JJA,SAt,44095.17429510254,12.248659526417372,decay 2
1473,19950598,1995-07-08 16:00:00,-62.99826,-53.23994,7.82161,JJA,SAt,52134.012410705094,14.481670114084748,decay 2
1474,19950598,1995-07-08 17:00:00,-62.21274,-53.19992,7.86558,JJA,SAt,52486.67709730845,14.579632527030125,decay 2
1475,19950598,1995-07-08 18:00:00,-61.51959,-53.22094,7.81127,JJA,SAt,46217.38941751913,12.838163727088647,decay 2
1476,19950598,1995-07-08 19:00:00,-60.68961,-53.19016,7.8031,JJA,SAt,55382.090988145006,15.383914163373612,decay 2
1477,19950598,1995-07-08 20:00:00,-60.13617,-53.24808,7.8218,JJA,SAt,37405.86506302448,10.390518073062356,decay 2
1478,19950598,1995-07-08 21:00:00,-59.6572,-53.29861,7.85109,JJA,SAt,32340.5994988006,8.983499860777943,decay 2
1479,19950598,1995-07-08 22:00:00,-59.09549,-53.30122,7.83392,JJA,SAt,37328.40880015385,10.36900244448718,decay 2
1480,19950598,1995-07-08 23:00:00,-58.61319,-53.36147,7.72674,JJA,SAt,32719.88883056346,9.08885800848985,decay 2
1481,19950598,1995-07-09 00:00:00,-58.03394,-53.41492,7.53249,JJA,SAt,38870.301995264184,10.797306109795606,decay 2
1482,19950598,1995-07-09 01:00:00,-57.52786,-53.45631,7.26278,JJA,SAt,33838.00985109104,9.399447180858623,decay
1483,19950598,1995-07-09 02:00:00,-57.19806,-53.48002,6.96902,JJA,SAt,21988.40723393451,6.107890898315142,decay
1484,19950598,1995-07-09 03:00:00,-56.74069,-53.53127,6.778,JJA,SAt,30779.152688644906,8.549764635734697,decay
1485,19950598,1995-07-09 04:00:00,-56.20032,-53.56038,6.54213,JJA,SAt,35848.51553510496,9.9579209819736,decay
1486,19950598,1995-07-09 05:00:00,-55.73352,-53.56848,6.29356,JJA,SAt,30840.950719148612,8.566930755319058,decay
1487,19950598,1995-07-09 06:00:00,-55.52466,-53.59045,6.11148,JJA,SAt,14003.11843478983,3.889755120774953,decay
1488,19950598,1995-07-09 07:00:00,-55.51749,-53.58488,5.93652,JJA,SAt,779.4681025684905,0.21651891738013626,decay
1489,19950598,1995-07-09 08:00:00,-55.2359,-53.57349,5.77506,JJA,SAt,18633.025482695215,5.175840411859782,incipient
1490,19950598,1995-07-09 09:00:00,-54.98981,-53.58407,5.60613,JJA,SAt,16288.999993004993,4.524722220279164,incipient
1491,19950598,1995-07-09 10:00:00,-54.54126,-53.51693,5.30034,JJA,SAt,30558.289407094067,8.488413724192796,intensification
1492,19950598,1995-07-09 11:00:00,-54.52023,-53.36478,5.13215,JJA,SAt,16975.573626949146,4.715437118596985,intensification
1493,19950598,1995-07-09 12:00:00,-53.97739,-53.26714,4.93374,JJA,SAt,37658.74454396127,10.460762373322575,intensification
1494,19950598,1995-07-09 13:00:00,-53.4729,-53.16254,4.87079,JJA,SAt,35548.197470329906,9.874499297313863,intensification
1495,19950598,1995-07-09 14:00:00,-53.10928,-53.00921,4.82959,JJA,SAt,29671.972088410464,8.242214469002906,intensification
1496,19950598,1995-07-09 15:00:00,-52.84509,-52.83405,4.83403,JJA,SAt,26325.68347575284,7.3126898543757894,intensification
1497,19950598,1995-07-09 16:00:00,-52.53973,-52.71915,4.80798,JJA,SAt,24189.277888758224,6.7192438579883955,intensification
1498,19950598,1995-07-09 17:00:00,-52.14947,-52.64366,4.77239,JJA,SAt,27614.726837694616,7.670757454915171,intensification
1499,19950598,1995-07-09 18:00:00,-51.78635,-52.59326,4.71585,JJA,SAt,25146.193960348344,6.98505387787454,intensification
1500,19950598,1995-07-09 19:00:00,-51.31357,-52.54579,4.57439,JJA,SAt,32385.442088907206,8.995956135807557,intensification
1501,19950598,1995-07-09 20:00:00,-50.77792,-52.50643,4.36801,JJA,SAt,36500.55100742167,10.13904194650602,intensification
1502,19950598,1995-07-09 21:00:00,-50.17081,-52.44134,4.24067,JJA,SAt,41752.427341261755,11.59789648368382,intensification
1503,19950598,1995-07-09 22:00:00,-47.35467,-53.05246,3.97956,JJA,SAt,201351.4236785044,55.93095102180678,intensification
1504,19950598,1995-07-09 23:00:00,-46.48965,-53.03356,4.00883,JJA,SAt,57866.30487784366,16.073973577178794,intensification
1505,19950598,1995-07-10 00:00:00,-45.9566,-52.99863,3.98717,JJA,SAt,35868.63267852969,9.963509077369359,intensification
1506,19950598,1995-07-10 01:00:00,-45.43939,-53.03053,3.92291,JJA,SAt,34780.69314427922,9.661303651188671,intensification
1507,19950598,1995-07-10 02:00:00,-44.93131,-53.08351,3.88864,JJA,SAt,34462.398863975046,9.572888573326402,mature
1508,19950598,1995-07-10 03:00:00,-44.15888,-53.41137,3.8387,JJA,SAt,63010.18226211195,17.502828406142207,mature
1509,19950598,1995-07-10 04:00:00,-43.20828,-53.88105,3.7869,JJA,SAt,81567.5048048966,22.657640223582387,mature
1510,19950599,1995-07-06 16:00:00,-28.54211,-46.35273,5.47405,JJA,SAt,,,decay
1511,19950599,1995-07-06 17:00:00,-27.60492,-46.20737,5.27204,JJA,SAt,73814.61155402097,20.504058765005826,decay
1512,19950599,1995-07-06 18:00:00,-26.73596,-46.17914,5.0576,JJA,SAt,66959.1893351883,18.599774815330086,decay
1513,19950599,1995-07-06 19:00:00,-25.70218,-45.94992,4.97931,JJA,SAt,83731.50694940129,23.258751930389245,decay
1514,19950599,1995-07-06 20:00:00,-24.81546,-45.84164,4.90085,JJA,SAt,69669.33447276318,19.35259290910088,decay
1515,19950599,1995-07-06 21:00:00,-23.88071,-45.75508,4.80784,JJA,SAt,73101.1792174957,20.305883115971024,decay
1516,19950599,1995-07-06 22:00:00,-22.60788,-45.66589,5.34307,JJA,SAt,99325.16195795803,27.59032276609945,incipient
1517,19950599,1995-07-06 23:00:00,-21.69894,-45.59914,5.17883,JJA,SAt,71062.03219313227,19.739453386981186,incipient
1518,19950599,1995-07-07 00:00:00,-20.57044,-45.46804,5.23363,JJA,SAt,89099.98397779895,24.749995549388597,incipient
1519,19950599,1995-07-07 01:00:00,-19.59164,-45.34063,5.15626,JJA,SAt,77716.58996751481,21.587941657643004,intensification
1520,19950599,1995-07-07 02:00:00,-18.57544,-45.16297,5.22033,JJA,SAt,81964.25199941597,22.767847777615547,intensification
1521,19950599,1995-07-07 03:00:00,-17.86566,-45.04475,5.17889,JJA,SAt,57236.270397190194,15.898963999219498,intensification
1522,19950599,1995-07-07 04:00:00,-17.2027,-44.92653,5.0609,JJA,SAt,53770.90811303531,14.93636336473203,intensification
1523,19950599,1995-07-07 05:00:00,-16.09009,-44.68108,4.99277,JJA,SAt,91924.21363955543,25.534503788765395,intensification
1524,19950599,1995-07-07 06:00:00,-14.70599,-44.36955,4.86163,JJA,SAt,115061.686833165,31.961579675879168,intensification
1525,19950599,1995-07-07 07:00:00,-12.94556,-43.98358,4.88984,JJA,SAt,146801.89470670713,40.778304085196424,intensification
1526,19950599,1995-07-07 08:00:00,-11.66083,-43.69972,4.97328,JJA,SAt,107760.48271994902,29.93346742220806,intensification
1527,19950599,1995-07-07 09:00:00,-10.51877,-43.49752,5.18753,JJA,SAt,94673.37300068514,26.298159166856983,intensification
1528,19950599,1995-07-07 10:00:00,-10.56396,-43.45322,6.15299,JJA,SAt,6128.728685582699,1.702424634884083,intensification
1529,19950599,1995-07-07 11:00:00,-9.9422,-43.4021,6.14923,JJA,SAt,50530.618476941,14.03628291026139,intensification
1530,19950599,1995-07-07 12:00:00,-9.31119,-43.37886,6.02866,JJA,SAt,51053.594254488795,14.18155395958022,mature
1531,19950599,1995-07-07 13:00:00,-8.64038,-43.31628,5.92608,JJA,SAt,54687.01220206256,15.190836722795154,mature
1532,19950599,1995-07-07 14:00:00,-7.95264,-43.24928,5.88209,JJA,SAt,56167.06681953762,15.601963005427116,mature
1533,19950599,1995-07-07 15:00:00,-7.25165,-43.13204,5.8408,JJA,SAt,58305.25800404254,16.195905001122927,decay
1534,19950599,1995-07-07 16:00:00,-6.53732,-43.01272,5.85386,JJA,SAt,59520.33735587801,16.533427043299447,decay
1535,19950599,1995-07-07 17:00:00,-6.07394,-42.93389,5.96036,JJA,SAt,38705.34759708574,10.751485443634929,decay
1536,19950599,1995-07-07 18:00:00,-5.33606,-42.78238,5.93659,JJA,SAt,62459.662751176606,17.34990631977128,decay
1537,19950599,1995-07-07 19:00:00,-4.86206,-42.7029,5.90433,JJA,SAt,39704.18059704045,11.02893905473346,decay
1538,19950599,1995-07-07 20:00:00,-4.71088,-42.67189,5.81581,JJA,SAt,12828.854312584597,3.5635706423846103,decay
1539,19950599,1995-07-07 21:00:00,-4.42413,-42.59019,5.75674,JJA,SAt,25156.505835860895,6.987918287739137,decay
1540,19950600,1995-07-06 22:00:00,7.90448,-67.94369,1.20027,JJA,SAt,,,incipient
1541,19950600,1995-07-06 23:00:00,6.83541,-67.96611,1.20244,JJA,SAt,44687.2579845053,12.413127217918138,incipient
1542,19950600,1995-07-07 00:00:00,5.60725,-68.01852,1.23806,JJA,SAt,51505.15037119155,14.306986214219876,incipient
1543,19950600,1995-07-07 01:00:00,4.24275,-68.04652,1.27565,JJA,SAt,56841.75763423221,15.78937712062006,intensification
1544,19950600,1995-07-07 02:00:00,2.74386,-68.10456,1.35302,JJA,SAt,62563.76697465009,17.378824159625026,intensification
1545,19950600,1995-07-07 03:00:00,1.72965,-68.09885,1.43701,JJA,SAt,42064.96417765889,11.684712271571914,intensification
1546,19950600,1995-07-07 04:00:00,1.11153,-68.06688,1.51202,JJA,SAt,25900.24014237979,7.194511150661053,intensification
1547,19950600,1995-07-07 05:00:00,0.86303,-67.95439,1.55991,JJA,SAt,16232.834440737492,4.5091206779826365,intensification
1548,19950600,1995-07-07 06:00:00,0.795,-67.81919,1.56803,JJA,SAt,15300.887358987575,4.25024648860766,intensification
1549,19950600,1995-07-07 07:00:00,0.81053,-67.70591,1.55374,JJA,SAt,12613.120830690177,3.503644675191716,intensification
1550,19950600,1995-07-07 08:00:00,0.79401,-67.64075,1.51927,JJA,SAt,7278.9989442702445,2.021944151186179,intensification
1551,19950600,1995-07-07 09:00:00,0.57664,-67.64182,1.48982,JJA,SAt,9195.312666272897,2.554253518409138,intensification
1552,19950600,1995-07-07 10:00:00,-0.72485,-67.42357,1.68163,JJA,SAt,60394.161345643195,16.776155929345332,intensification
1553,19950600,1995-07-07 11:00:00,-0.88455,-67.37077,1.68153,JJA,SAt,9002.85059931363,2.500791833142675,intensification
1554,19950600,1995-07-07 12:00:00,-0.99222,-67.27421,1.70943,JJA,SAt,11687.143551873862,3.246428764409406,mature
1555,19950600,1995-07-07 13:00:00,-0.94797,-67.15088,1.7097,JJA,SAt,13845.471188899804,3.8459642191388346,mature
1556,19950600,1995-07-07 14:00:00,-0.8706,-67.00643,1.70197,JJA,SAt,16407.887068836917,4.557746408010255,mature
1557,19950600,1995-07-07 15:00:00,-0.73132,-66.80047,1.65481,JJA,SAt,23693.860542591086,6.581627928497524,decay
1558,19950600,1995-07-07 16:00:00,-0.67856,-66.55702,1.60901,JJA,SAt,27169.889262045646,7.547191461679346,decay
1559,19950600,1995-07-07 17:00:00,-0.75772,-66.33758,1.55366,JJA,SAt,24652.845213584806,6.848012559329113,decay
1560,19950600,1995-07-07 18:00:00,-0.83701,-66.06833,1.50831,JJA,SAt,30149.88759048276,8.3749687751341,decay
1561,19950600,1995-07-07 19:00:00,-0.83743,-65.77361,1.47794,JJA,SAt,32771.42061432506,9.103172392868073,decay
1562,19950600,1995-07-07 20:00:00,-0.74795,-65.44266,1.43013,JJA,SAt,37028.69220804011,10.285747835566697,decay
1563,19950600,1995-07-07 21:00:00,-0.51331,-65.02955,1.35915,JJA,SAt,47217.91127959345,13.116086466553735,decay
1564,19950600,1995-07-07 22:00:00,0.74598,-63.20711,1.36338,JJA,SAt,211653.49898368135,58.79263860657815,decay
1565,19950600,1995-07-07 23:00:00,1.13863,-62.83703,1.21504,JJA,SAt,45669.39140611464,12.685942057254067,decay
1566,19950601,1995-07-07 22:00:00,-98.9722,-67.83083,5.05482,JJA,SAt,,,decay
1567,19950601,1995-07-07 23:00:00,-97.12567,-67.03826,5.05249,JJA,SAt,118205.94921289266,32.834985892470186,decay
1568,19950601,1995-07-08 00:00:00,-96.46698,-66.60787,5.14023,JJA,SAt,55867.731843287474,15.518814400913188,decay
1569,19950601,1995-07-08 01:00:00,-95.88831,-66.1808,5.23633,JJA,SAt,54027.483923422566,15.007634423172934,decay
1570,19950601,1995-07-08 02:00:00,-95.18149,-65.7619,5.28213,JJA,SAt,56513.62496328734,15.698229156468704,decay
1571,19950601,1995-07-08 03:00:00,-94.5665,-65.37872,5.30488,JJA,SAt,51139.36373522976,14.2053788153416,decay
1572,19950601,1995-07-08 04:00:00,-94.02112,-65.05398,5.29392,JJA,SAt,44160.061033209924,12.26668362033609,decay
1573,19950601,1995-07-08 05:00:00,-93.41217,-64.67349,5.27216,JJA,SAt,51158.95043386976,14.210819564963822,decay
1574,19950601,1995-07-08 06:00:00,-92.56253,-64.28737,5.2551,JJA,SAt,59160.14759844176,16.433374332900488,decay
1575,19950601,1995-07-08 07:00:00,-91.75558,-63.95309,5.26546,JJA,SAt,53995.051468968544,14.998625408046818,decay
1576,19950601,1995-07-08 08:00:00,-90.97922,-63.69139,5.33647,JJA,SAt,47928.42836496469,13.313452323601302,decay
1577,19950601,1995-07-08 09:00:00,-90.3136,-63.46787,5.35215,JJA,SAt,41258.56279400904,11.460711887224734,decay
1578,19950601,1995-07-08 10:00:00,-88.76782,-62.8839,5.4476,JJA,SAt,101151.06243363563,28.097517342676564,decay
1579,19950601,1995-07-08 11:00:00,-88.10465,-62.66795,5.52246,JJA,SAt,41407.673892835715,11.50213163689881,decay
1580,19950601,1995-07-08 12:00:00,-87.67154,-62.46354,5.61007,JJA,SAt,31764.016743649063,8.823337984346962,decay
1581,19950601,1995-07-08 13:00:00,-87.35721,-62.23713,5.68531,JJA,SAt,29948.23482225883,8.318954117294119,mature
1582,19950601,1995-07-08 14:00:00,-87.02316,-62.04928,5.8224,JJA,SAt,27157.83239994312,7.543842333317533,decay 2
1583,19950601,1995-07-08 15:00:00,-86.73074,-61.88748,5.86095,JJA,SAt,23605.01330725964,6.5569481409054555,decay 2
1584,19950601,1995-07-08 16:00:00,-86.41977,-61.66843,5.85765,JJA,SAt,29336.879514954275,8.14913319859841,decay 2
1585,19950601,1995-07-08 17:00:00,-86.19928,-61.40761,5.89866,JJA,SAt,31267.116809579118,8.685310224883088,decay 2
1586,19950601,1995-07-08 18:00:00,-85.92352,-61.09392,5.92609,JJA,SAt,37870.49706891209,10.519582519142247,decay 2
1587,19950601,1995-07-08 19:00:00,-85.5979,-60.78439,5.89318,JJA,SAt,38651.22851242001,10.736452364561115,decay 2
1588,19950601,1995-07-08 20:00:00,-85.27768,-60.4886,5.85861,JJA,SAt,37237.27544909655,10.343687624749043,decay 2
1589,19950601,1995-07-08 21:00:00,-84.81406,-60.32206,5.83376,JJA,SAt,31482.038089145793,8.745010580318276,decay 2
1590,19950601,1995-07-08 22:00:00,-84.45499,-59.90202,6.29749,JJA,SAt,50767.19867562373,14.101999632117703,decay 2
1591,19950601,1995-07-08 23:00:00,-84.06503,-59.70829,6.19624,JJA,SAt,30653.718060853636,8.514921683570455,decay 2
1592,19950601,1995-07-09 00:00:00,-83.78265,-59.39189,6.21545,JJA,SAt,38613.32016057137,10.72592226682538,decay 2
1593,19950601,1995-07-09 01:00:00,-83.46124,-59.05654,6.21012,JJA,SAt,41531.862961884675,11.536628600523521,decay
1594,19950601,1995-07-09 02:00:00,-83.08609,-58.74283,6.29237,JJA,SAt,41001.20164030679,11.389222677862998,decay
1595,19950601,1995-07-09 03:00:00,-82.62726,-58.54137,6.34111,JJA,SAt,34737.57643048817,9.649326786246712,decay
1596,19950601,1995-07-09 04:00:00,-82.12927,-58.39059,6.36694,JJA,SAt,33463.760520929485,9.295489033591524,decay
1597,19950601,1995-07-09 05:00:00,-81.634,-58.30891,6.40602,JJA,SAt,30291.446418645235,8.4142906718459,decay
1598,19950601,1995-07-09 06:00:00,-81.14682,-58.22999,6.47334,JJA,SAt,29811.235233976484,8.280898676104579,decay
1599,19950601,1995-07-09 07:00:00,-80.703,-58.12029,6.61066,JJA,SAt,28740.678772256826,7.983521881182452,decay
1600,19950601,1995-07-09 08:00:00,-80.28873,-57.9715,6.76301,JJA,SAt,29463.09622591763,8.184193396088231,incipient
1601,19950601,1995-07-09 09:00:00,-79.95987,-57.87146,6.87023,JJA,SAt,22380.602637256427,6.216834065904563,incipient
1602,19950601,1995-07-09 10:00:00,-79.87277,-58.12526,6.90126,JJA,SAt,28684.23217590775,7.967842271085486,intensification
1603,19950601,1995-07-09 11:00:00,-79.61038,-58.06046,6.99999,JJA,SAt,17021.36410506024,4.728156695850066,intensification
1604,19950601,1995-07-09 12:00:00,-79.33551,-57.95045,7.1228,JJA,SAt,20294.905215087234,5.637473670857565,intensification
1605,19950601,1995-07-09 13:00:00,-79.08444,-57.83844,7.14973,JJA,SAt,19372.245401666394,5.381179278240665,intensification
1606,19950601,1995-07-09 14:00:00,-78.86826,-57.72117,7.1581,JJA,SAt,18283.884744066196,5.078856873351721,intensification
1607,19950601,1995-07-09 15:00:00,-78.61844,-57.57906,7.17817,JJA,SAt,21694.25719210816,6.026182553363379,intensification
1608,19950601,1995-07-09 16:00:00,-78.36172,-57.44566,7.21033,JJA,SAt,21333.465443435558,5.925962623176544,intensification
1609,19950601,1995-07-09 17:00:00,-78.09869,-57.32957,7.25849,JJA,SAt,20374.181197475642,5.659494777076567,intensification
1610,19950601,1995-07-09 18:00:00,-77.86011,-57.24945,7.27158,JJA,SAt,16878.7476117684,4.688541003268999,intensification
1611,19950601,1995-07-09 19:00:00,-77.60556,-57.17114,7.31159,JJA,SAt,17629.23033198416,4.897008425551156,intensification
1612,19950601,1995-07-09 20:00:00,-77.39468,-57.07108,7.27136,JJA,SAt,16906.588284145397,4.696274523373721,intensification
1613,19950601,1995-07-09 21:00:00,-77.16394,-56.96153,7.18825,JJA,SAt,18533.34218237581,5.148150606215503,intensification
1614,19950601,1995-07-09 22:00:00,-77.13043,-57.03756,7.11706,JJA,SAt,8694.333796076753,2.4150927211324316,intensification
1615,19950601,1995-07-09 23:00:00,-76.97931,-56.92919,6.96046,JJA,SAt,15134.114635434837,4.2039207320652325,intensification
1616,19950601,1995-07-10 00:00:00,-76.78894,-56.77713,6.84898,JJA,SAt,20490.475978854036,5.69179888301501,intensification
1617,19950601,1995-07-10 01:00:00,-76.63351,-56.59776,6.68903,JJA,SAt,22088.505843401785,6.135696067611607,intensification
1618,19950601,1995-07-10 02:00:00,-76.40338,-56.44281,6.60388,JJA,SAt,22273.887261639324,6.187190906010923,mature
1619,19950601,1995-07-10 03:00:00,-76.23386,-56.30399,6.50427,JJA,SAt,18634.301355703115,5.176194821028643,mature
1620,19950601,1995-07-10 04:00:00,-76.08783,-56.17539,6.44127,JJA,SAt,16908.800521667024,4.6968890337963956,mature
1621,19950601,1995-07-10 05:00:00,-75.91519,-56.07289,6.37224,JJA,SAt,15633.172871222978,4.342548019784161,mature
1622,19950601,1995-07-10 06:00:00,-75.7211,-55.98535,6.29036,JJA,SAt,15497.680268932083,4.3049111858144675,mature
1623,19950601,1995-07-10 07:00:00,-75.49795,-55.87372,6.19677,JJA,SAt,18636.056161270888,5.176682267019691,mature
1624,19950601,1995-07-10 08:00:00,-75.30499,-55.72111,6.09795,JJA,SAt,20818.974780165732,5.783048550046037,decay
1625,19950601,1995-07-10 09:00:00,-75.08359,-55.6055,5.91328,JJA,SAt,18923.12895835404,5.256424710653899,decay
1626,19950601,1995-07-10 10:00:00,-75.59183,-55.43338,5.24779,JJA,SAt,37281.37024567056,10.355936179352932,incipient
1627,19950601,1995-07-10 11:00:00,-75.36008,-55.21279,5.15958,JJA,SAt,28576.311813322387,7.937864392589552,incipient
1628,19950601,1995-07-10 12:00:00,-75.17127,-55.0166,5.05251,JJA,SAt,24901.65434203169,6.917126206119914,incipient
1629,19950601,1995-07-10 13:00:00,-75.09122,-54.84776,4.8952,JJA,SAt,19458.260705360713,5.405072418155754,incipient
1630,19950601,1995-07-10 14:00:00,-74.849,-54.68426,4.80503,JJA,SAt,23915.898264022515,6.6433050733395875,intensification
1631,19950601,1995-07-10 15:00:00,-74.69168,-54.55653,4.67355,JJA,SAt,17444.42914316959,4.845674761991552,intensification
1632,19950601,1995-07-10 16:00:00,-74.46683,-54.47351,4.47581,JJA,SAt,17200.609524337426,4.777947090093729,intensification
1633,19950601,1995-07-10 17:00:00,-74.17093,-54.40506,4.2561,JJA,SAt,20593.210680656575,5.720336300182382,intensification
1634,19950601,1995-07-10 18:00:00,-73.43292,-54.36655,4.05439,JJA,SAt,47978.58461986186,13.327384616628294,intensification
1635,19950601,1995-07-10 19:00:00,-71.3266,-54.41135,3.90756,JJA,SAt,136463.01519706947,37.906393110297074,intensification
1636,19950601,1995-07-10 20:00:00,-68.63898,-54.43896,3.8165,JJA,SAt,173877.3739420831,48.29927053946753,intensification
1637,19950601,1995-07-10 21:00:00,-67.40237,-54.32742,3.70732,JJA,SAt,81031.28463026759,22.50869017507433,intensification
1638,19950602,1995-07-07 23:00:00,-0.87671,-41.65477,5.27532,JJA,SAt,,,decay
1639,19950602,1995-07-08 00:00:00,0.19482,-41.3986,5.40872,JJA,SAt,93637.38360932957,26.01038433592488,decay
1640,19950602,1995-07-08 01:00:00,0.83995,-41.24759,5.48315,JJA,SAt,56429.107828516426,15.674752174587896,decay
1641,19950602,1995-07-08 02:00:00,1.83393,-41.0322,5.50272,JJA,SAt,86614.06952810314,24.059463757806427,decay
1642,19950602,1995-07-08 03:00:00,2.40133,-40.89108,5.40162,JJA,SAt,50161.38264008552,13.933717400023754,decay
1643,19950602,1995-07-08 04:00:00,3.47757,-40.69472,5.29067,JJA,SAt,93194.3845998596,25.887329055516553,decay
1644,19950602,1995-07-08 05:00:00,3.40265,-40.70119,5.08174,JJA,SAt,6356.852260470158,1.765792294575044,decay
1645,19950602,1995-07-08 06:00:00,4.49133,-40.50017,5.00788,JJA,SAt,94591.50241748203,26.275417338189452,decay
1646,19950602,1995-07-08 07:00:00,6.87054,-40.09938,4.90726,JJA,SAt,206625.4526673679,57.395959074268866,decay
1647,19950602,1995-07-08 08:00:00,8.65021,-39.782,4.96261,JJA,SAt,155771.80593782928,43.26994609384147,decay
1648,19950602,1995-07-08 09:00:00,9.99038,-39.53064,4.94298,JJA,SAt,118082.88506137088,32.800801405936355,decay
1649,19950602,1995-07-08 10:00:00,10.37984,-39.35718,5.28637,JJA,SAt,38606.34475340091,10.723984653722475,decay
1650,19950602,1995-07-08 11:00:00,11.56236,-39.1368,5.29261,JJA,SAt,104735.76527806447,29.093268132795686,decay
1651,19950602,1995-07-08 12:00:00,12.66586,-38.93557,5.41767,JJA,SAt,97900.58430603972,27.1946067516777,decay
1652,19950602,1995-07-08 13:00:00,13.5926,-38.80243,5.12225,JJA,SAt,81586.17383838867,22.662826066219075,mature
1653,19950602,1995-07-08 14:00:00,14.59221,-38.68847,4.85392,JJA,SAt,87611.79202751923,24.336608896533118,decay 2
1654,19950602,1995-07-08 15:00:00,15.79834,-38.56869,4.90808,JJA,SAt,105614.80972025181,29.337447144514393,decay 2
1655,19950602,1995-07-08 16:00:00,16.94433,-38.53572,4.80228,JJA,SAt,99720.99135572012,27.700275376588923,decay 2
1656,19950602,1995-07-08 17:00:00,18.2157,-38.58965,4.74116,JJA,SAt,110702.68732797941,30.75074647999428,decay 2
1657,19950602,1995-07-08 18:00:00,19.61212,-38.62397,4.8886,JJA,SAt,121397.92955216109,33.721647097822526,decay 2
1658,19950602,1995-07-08 19:00:00,20.79222,-38.67507,4.90119,JJA,SAt,102638.03697722837,28.51056582700788,decay 2
1659,19950602,1995-07-08 20:00:00,21.67592,-38.70353,4.77892,JJA,SAt,76763.93923832741,21.323316455090946,decay 2
1660,19950602,1995-07-08 21:00:00,22.7411,-38.81968,4.73893,JJA,SAt,93254.78237170463,25.904106214362397,decay 2
1661,19950602,1995-07-08 22:00:00,20.7025,-38.22039,3.61787,JJA,SAt,189454.42804082486,52.62623001134024,decay 2
1662,19950602,1995-07-08 23:00:00,22.1278,-38.37137,3.33008,JJA,SAt,125509.93894632581,34.863871929534945,decay 2
1663,19950602,1995-07-09 00:00:00,22.29661,-38.36249,2.94662,JJA,SAt,14750.397693693058,4.097332692692516,decay 2
1664,19950603,1995-07-08 12:00:00,-11.466,-48.66187,4.09959,JJA,SAt,,,decay
1665,19950603,1995-07-08 13:00:00,-9.73145,-47.36315,4.13306,JJA,SAt,193644.84842072582,53.79023567242384,mature
1666,19950603,1995-07-08 14:00:00,-8.26001,-46.39038,4.28439,JJA,SAt,155587.40924749506,43.21872479097085,decay 2
1667,19950603,1995-07-08 15:00:00,-7.38095,-46.17725,4.43349,JJA,SAt,71587.79341295663,19.88549817026573,decay 2
1668,19950603,1995-07-08 16:00:00,-6.49985,-45.92835,4.57833,JJA,SAt,73409.95153404177,20.391653203900493,decay 2
1669,19950603,1995-07-08 17:00:00,-5.85535,-45.88093,4.7183,JJA,SAt,50146.43244306048,13.9295645675168,decay 2
1670,19950603,1995-07-08 18:00:00,-5.20627,-45.81913,4.95761,JJA,SAt,50739.690862320065,14.094358572866685,decay 2
1671,19950603,1995-07-08 19:00:00,-4.49548,-45.70141,5.15925,JJA,SAt,56672.86428700349,15.742462301945414,decay 2
1672,19950603,1995-07-08 20:00:00,-3.66464,-45.55494,5.36449,JJA,SAt,66627.07293872096,18.507520260755822,decay 2
1673,19950603,1995-07-08 21:00:00,-2.82123,-45.46921,5.54735,JJA,SAt,66406.75945755433,18.44632207154287,decay 2
1674,19950603,1995-07-08 22:00:00,-1.05743,-44.37935,5.617,JJA,SAt,184300.6981284228,51.194638369006334,decay 2
1675,19950603,1995-07-08 23:00:00,0.00361,-44.26789,5.90899,JJA,SAt,85309.64078999679,23.697122441665776,decay 2
1676,19950603,1995-07-09 00:00:00,0.81482,-44.29562,6.20814,JJA,SAt,64650.68435807111,17.95852343279753,decay 2
1677,19950603,1995-07-09 01:00:00,1.57604,-44.27563,6.40946,JJA,SAt,60634.407326057924,16.842890923904978,decay
1678,19950603,1995-07-09 02:00:00,2.50868,-44.15442,6.45264,JJA,SAt,75539.89251914757,20.983303477540993,decay
1679,19950603,1995-07-09 03:00:00,3.54603,-43.97991,6.55369,JJA,SAt,85121.2075342633,23.644779870628696,decay
1680,19950603,1995-07-09 04:00:00,4.62536,-43.77286,6.54576,JJA,SAt,89522.40353826997,24.867334316186103,decay
1681,19950603,1995-07-09 05:00:00,5.77222,-43.57978,6.66184,JJA,SAt,94697.88495252677,26.304968042368547,decay
1682,19950603,1995-07-09 06:00:00,6.76144,-43.4493,6.76103,JJA,SAt,81077.54248472476,22.521539579090213,decay
1683,19950603,1995-07-09 07:00:00,7.93648,-43.23719,7.00451,JJA,SAt,97904.56655282168,27.195712931339354,decay
1684,19950603,1995-07-09 08:00:00,8.85403,-43.13599,7.26278,JJA,SAt,75236.74956403072,20.899097101119644,incipient
1685,19950603,1995-07-09 09:00:00,9.8237,-42.995,7.38396,JJA,SAt,80316.7223422424,22.31020065062289,incipient
1686,19950603,1995-07-09 10:00:00,11.24831,-42.80604,7.27109,JJA,SAt,117926.23972851256,32.75728881347571,intensification
1687,19950603,1995-07-09 11:00:00,12.00683,-42.73158,7.2757,JJA,SAt,62467.57869644344,17.35210519345651,intensification
1688,19950603,1995-07-09 12:00:00,12.8757,-42.65084,7.52718,JJA,SAt,71578.08026493025,19.882800073591735,intensification
1689,19950603,1995-07-09 13:00:00,13.93335,-42.50423,7.60614,JJA,SAt,88120.70060628351,24.47797239063431,intensification
1690,19950603,1995-07-09 14:00:00,15.03244,-42.34914,7.85066,JJA,SAt,91843.60058300993,25.512111273058313,intensification
1691,19950603,1995-07-09 15:00:00,15.7886,-42.25238,7.98801,JJA,SAt,63112.01519911777,17.53111533308827,intensification
1692,19950603,1995-07-09 16:00:00,16.75002,-42.09647,8.11873,JJA,SAt,81101.97801951763,22.528327227643786,intensification
1693,19950603,1995-07-09 17:00:00,17.87668,-41.94941,8.518,JJA,SAt,94491.83862242868,26.247732950674635,intensification
1694,19950603,1995-07-09 18:00:00,18.75659,-41.8267,8.45168,JJA,SAt,74104.95324381099,20.58470923439194,intensification
1695,19950603,1995-07-09 19:00:00,19.93231,-41.66384,8.74267,JJA,SAt,99208.39990957992,27.557888863772202,intensification
1696,19950603,1995-07-09 20:00:00,20.84937,-41.6083,8.98483,JJA,SAt,76461.69798228287,21.23936055063413,intensification
1697,19950603,1995-07-09 21:00:00,21.79544,-41.55024,9.10414,JJA,SAt,78956.35665336771,21.93232129260214,intensification
1698,19950603,1995-07-09 22:00:00,22.87979,-41.71236,8.86472,JJA,SAt,91906.14683942264,25.529485233172956,intensification
1699,19950603,1995-07-09 23:00:00,23.74152,-41.70563,9.11994,JJA,SAt,71536.58252212727,19.87127292281313,intensification
1700,19950603,1995-07-10 00:00:00,24.65887,-41.63096,9.13369,JJA,SAt,76648.87731365122,21.29135480934756,intensification
1701,19950603,1995-07-10 01:00:00,25.34939,-41.62339,9.29012,JJA,SAt,57399.58792829886,15.944329980083017,intensification
1702,19950603,1995-07-10 02:00:00,26.15679,-41.63837,9.49798,JJA,SAt,67124.78745094521,18.645774291929225,mature
1703,19950603,1995-07-10 03:00:00,26.88134,-41.63565,9.67959,JJA,SAt,60213.416664065,16.725949073351387,mature
1704,19950603,1995-07-10 04:00:00,27.74847,-41.58481,9.66988,JJA,SAt,72312.70374423402,20.086862151176117,mature
1705,19950603,1995-07-10 05:00:00,28.5764,-41.56773,9.78376,JJA,SAt,68894.82436701708,19.1374512130603,mature
1706,19950603,1995-07-10 06:00:00,29.365,-41.55243,9.95924,JJA,SAt,65635.62122130228,18.2321170059173,mature
1707,19950603,1995-07-10 07:00:00,30.2873,-41.5671,10.24139,JJA,SAt,76755.36785347822,21.320935514855062,mature
1708,19950603,1995-07-10 08:00:00,31.14846,-41.56611,10.40569,JJA,SAt,71643.55165285036,19.900986570236213,decay
1709,19950603,1995-07-10 09:00:00,31.98949,-41.58675,10.46713,JJA,SAt,69995.77621990419,19.443271172195608,decay
1710,19950603,1995-07-10 10:00:00,34.56002,-41.59455,10.13532,JJA,SAt,213768.17509825868,59.38004863840519,incipient
1711,19950603,1995-07-10 11:00:00,35.50994,-41.68965,9.91518,JJA,SAt,79640.43835058113,22.122343986272536,incipient
1712,19950603,1995-07-10 12:00:00,36.47756,-41.83118,9.82524,JJA,SAt,81786.6039968014,22.718501110222608,incipient
1713,19950603,1995-07-10 13:00:00,37.4427,-42.02196,9.63795,JJA,SAt,82614.91857979186,22.948588494386627,incipient
1714,19950603,1995-07-10 14:00:00,38.49912,-42.23694,9.55018,JJA,SAt,90337.88307423294,25.09385640950915,intensification
1715,19950603,1995-07-10 15:00:00,39.50381,-42.49157,9.69731,JJA,SAt,87264.92924404742,24.240258123346507,intensification
1716,19950603,1995-07-10 16:00:00,40.40725,-42.75859,9.80804,JJA,SAt,79656.94954456264,22.126930429045178,intensification
1717,19950603,1995-07-10 17:00:00,41.32747,-43.01776,9.84513,JJA,SAt,80318.5521358921,22.310708926636693,intensification
1718,19950603,1995-07-10 18:00:00,42.14318,-43.27134,9.83661,JJA,SAt,71935.72745272673,19.982146514646313,intensification
1719,19950603,1995-07-10 19:00:00,43.06608,-43.54622,9.86745,JJA,SAt,80573.55371910214,22.381542699750597,intensification
1720,19950603,1995-07-10 20:00:00,44.08168,-43.89503,9.83986,JJA,SAt,90362.74403821907,25.10076223283863,intensification
1721,19950603,1995-07-10 21:00:00,45.09345,-44.27364,9.9206,JJA,SAt,91120.81423381872,25.311337287171867,intensification
1722,19950603,1995-07-10 22:00:00,45.62848,-44.41138,9.97972,JJA,SAt,45220.2779726911,12.561188325747528,intensification
1723,19950603,1995-07-10 23:00:00,46.54822,-44.82609,10.00486,JJA,SAt,86171.68570351851,23.936579362088477,intensification
1724,19950603,1995-07-11 00:00:00,47.4961,-45.32621,10.08227,JJA,SAt,92909.30348856526,25.808139857934794,intensification
1725,19950603,1995-07-11 01:00:00,48.34335,-45.76593,10.18588,JJA,SAt,82120.3006403414,22.811194622317057,mature
1726,19950603,1995-07-11 02:00:00,49.15803,-46.15935,10.28768,JJA,SAt,76674.15134552028,21.298375373755633,mature
1727,19950603,1995-07-11 03:00:00,49.9565,-46.54496,10.48967,JJA,SAt,74792.58802524478,20.775718895901328,mature
1728,19950603,1995-07-11 04:00:00,50.74202,-46.95262,10.55651,JJA,SAt,75077.51731253674,20.854865920149095,mature
1729,19950603,1995-07-11 05:00:00,51.48837,-47.33514,10.60909,JJA,SAt,70677.64389532992,19.63267885981387,decay
1730,19950603,1995-07-11 06:00:00,52.28946,-47.78073,10.63016,JJA,SAt,77900.1858070866,21.6389405019685,decay
1731,19950603,1995-07-11 07:00:00,53.00473,-48.19604,10.73583,JJA,SAt,70470.47617344577,19.575132270401603,decay
1732,19950603,1995-07-11 08:00:00,53.69981,-48.64925,10.80765,JJA,SAt,71905.346923967,19.97370747887972,decay
1733,19950603,1995-07-11 09:00:00,54.38357,-49.13656,10.88242,JJA,SAt,73721.54278911908,20.478206330310854,decay
1734,19950603,1995-07-11 10:00:00,55.32714,-49.67537,10.98387,JJA,SAt,90831.08720485677,25.23085755690466,decay
1735,19950603,1995-07-11 11:00:00,55.94308,-50.14537,11.15878,JJA,SAt,68385.4881275202,18.995968924311168,decay
1736,19950603,1995-07-11 12:00:00,56.49495,-50.62707,11.27787,JJA,SAt,66331.21147646294,18.425336521239704,decay
1737,19950603,1995-07-11 13:00:00,57.07322,-51.09665,11.35089,JJA,SAt,66133.05905148751,18.370294180968752,decay
1738,19950603,1995-07-11 14:00:00,57.66059,-51.56245,11.42556,JJA,SAt,65939.97297223029,18.31665915895286,decay
1739,19950603,1995-07-11 15:00:00,58.29765,-52.03909,11.48563,JJA,SAt,68759.68204710865,19.099911679752402,decay
1740,19950603,1995-07-11 16:00:00,58.94962,-52.56216,11.62357,JJA,SAt,73131.33701675442,20.314260282431782,decay
1741,19950603,1995-07-11 17:00:00,59.57011,-53.04369,11.67073,JJA,SAt,67872.9176659259,18.85358824053497,decay
1742,19950603,1995-07-11 18:00:00,60.16998,-53.50587,11.70683,JJA,SAt,65054.0975713689,18.070582658713583,decay
1743,19950603,1995-07-11 19:00:00,60.73398,-53.89749,11.72237,JJA,SAt,57223.895473218865,15.895526520338574,decay
1744,19950603,1995-07-11 20:00:00,61.25766,-54.28936,11.70534,JJA,SAt,55361.527833491426,15.378202175969841,decay
1745,19950603,1995-07-11 21:00:00,61.66627,-54.66824,11.72993,JJA,SAt,49716.662481580606,13.810184022661279,decay
1746,19950603,1995-07-11 22:00:00,62.424,-55.12401,11.67683,JJA,SAt,70113.52898325822,19.475980273127284,decay
1747,19950603,1995-07-11 23:00:00,62.76803,-55.58463,11.76867,JJA,SAt,55644.34992163882,15.456763867121895,decay
1748,19950603,1995-07-12 00:00:00,62.99438,-56.0518,11.92823,JJA,SAt,53837.12229522901,14.95475619311917,decay
1749,19950603,1995-07-12 01:00:00,63.25015,-56.50536,12.01281,JJA,SAt,52847.221832256604,14.679783842293501,decay
1750,19950603,1995-07-12 02:00:00,63.46742,-56.93704,12.10157,JJA,SAt,49797.55370314725,13.832653806429791,intensification 2
1751,19950604,1995-07-08 16:00:00,-2.90854,-71.86385,1.47715,JJA,SAt,,,decay 2
1752,19950604,1995-07-08 17:00:00,-2.36948,-71.74731,1.57723,JJA,SAt,22764.28301902195,6.323411949728319,decay 2
1753,19950604,1995-07-08 18:00:00,-1.97082,-71.6744,1.6753,JJA,SAt,16100.99145766864,4.472497627130178,decay 2
1754,19950604,1995-07-08 19:00:00,-1.57248,-71.58844,1.7884,JJA,SAt,16917.134698083635,4.6992040828010095,decay 2
1755,19950604,1995-07-08 20:00:00,-1.29715,-71.55035,1.94179,JJA,SAt,10565.311969484683,2.9348088804124117,decay 2
1756,19950604,1995-07-08 21:00:00,-1.14316,-71.52448,2.14274,JJA,SAt,6138.344853457928,1.7050957926272023,decay 2
1757,19950604,1995-07-08 22:00:00,-1.37863,-71.76111,2.62489,JJA,SAt,27573.933133162835,7.65942587032301,decay 2
1758,19950604,1995-07-08 23:00:00,-1.26767,-71.66373,2.85593,JJA,SAt,11499.492442092944,3.194303456136929,decay 2
1759,19950604,1995-07-09 00:00:00,-1.15768,-71.59904,3.05528,JJA,SAt,8160.674895301081,2.2668541375836337,decay 2
1760,19950604,1995-07-09 01:00:00,-1.14978,-71.58427,3.26193,JJA,SAt,1665.6137324007761,0.4626704812224378,decay
1761,19950604,1995-07-09 02:00:00,-1.1395,-71.57219,3.47487,JJA,SAt,1390.9596489021874,0.3863776802506076,decay
1762,19950604,1995-07-09 03:00:00,-1.10681,-71.53805,3.63656,JJA,SAt,3966.586402523665,1.1018295562565736,decay
1763,19950604,1995-07-09 04:00:00,-1.05069,-71.47999,3.77263,JJA,SAt,6752.53479203741,1.8757041088992805,decay
1764,19950604,1995-07-09 05:00:00,-0.99674,-71.40357,3.87,JJA,SAt,8709.381793191624,2.4192727203310067,decay
1765,19950604,1995-07-09 06:00:00,-0.96048,-71.30199,3.93174,JJA,SAt,11368.527523511548,3.157924312086541,decay
1766,19950604,1995-07-09 07:00:00,-0.87808,-71.15366,4.00427,JJA,SAt,16755.043813070562,4.6541788369640456,decay
1767,19950604,1995-07-09 08:00:00,-0.68372,-70.94773,4.06596,JJA,SAt,23949.708732472365,6.652696870131212,incipient
1768,19950604,1995-07-09 09:00:00,-0.55102,-70.73953,4.14037,JJA,SAt,23651.737073790257,6.569926964941738,incipient
1769,19950604,1995-07-09 10:00:00,0.40745,-69.3802,4.39188,JJA,SAt,155454.69358477436,43.181859329103986,intensification
1770,19950604,1995-07-09 11:00:00,0.8671,-69.0911,4.3762,JJA,SAt,36901.45993488904,10.250405537469177,intensification
1771,19950604,1995-07-09 12:00:00,1.2846,-68.85039,4.38531,JJA,SAt,31526.46971684406,8.75735269912335,intensification
1772,19950604,1995-07-09 13:00:00,1.70909,-68.66629,4.46747,JJA,SAt,26674.030537093302,7.409452926970362,intensification
1773,19950604,1995-07-09 14:00:00,2.16386,-68.49613,4.59363,JJA,SAt,26438.81769321961,7.344116025894336,intensification
1774,19950604,1995-07-09 15:00:00,2.72498,-68.2953,4.67795,JJA,SAt,32037.98687166222,8.89944079768395,intensification
1775,19950604,1995-07-09 16:00:00,3.35784,-68.07479,4.72547,JJA,SAt,35847.46530287118,9.957629250797549,intensification
1776,19950604,1995-07-09 17:00:00,4.01753,-67.84413,4.73998,JJA,SAt,37623.77230930244,10.451047863695122,intensification
1777,19950604,1995-07-09 18:00:00,4.65228,-67.61272,4.75464,JJA,SAt,37116.80521665106,10.310223671291961,intensification
1778,19950604,1995-07-09 19:00:00,5.2357,-67.40507,4.79332,JJA,SAt,33896.653957539966,9.415737210427768,intensification
1779,19950604,1995-07-09 20:00:00,5.76479,-67.23715,4.88201,JJA,SAt,29379.920596926946,8.161089054701929,intensification
1780,19950604,1995-07-09 21:00:00,6.24599,-67.08635,5.00359,JJA,SAt,26692.058611149783,7.414460725319384,intensification
1781,19950604,1995-07-09 22:00:00,6.77035,-66.83714,5.23616,JJA,SAt,35896.16183696033,9.971156065822314,intensification
1782,19950604,1995-07-09 23:00:00,7.22051,-66.68019,5.3089,JJA,SAt,26357.48982435318,7.321524951209216,intensification
1783,19950604,1995-07-10 00:00:00,7.64321,-66.50875,5.34748,JJA,SAt,26683.48380585193,7.412078834958869,intensification
1784,19950604,1995-07-10 01:00:00,8.04841,-66.29752,5.33286,JJA,SAt,29613.554147438976,8.225987263177494,intensification
1785,19950604,1995-07-10 02:00:00,8.42667,-66.0845,5.30785,JJA,SAt,29143.741210123837,8.095483669478844,mature
1786,19950604,1995-07-10 03:00:00,8.81877,-65.87519,5.27661,JJA,SAt,29268.74903727246,8.130208065909017,mature
1787,19950604,1995-07-10 04:00:00,9.25708,-65.69665,5.24394,JJA,SAt,28172.94090768844,7.825816918802345,mature
1788,19950604,1995-07-10 05:00:00,9.79346,-65.53137,5.23696,JJA,SAt,30727.257861076094,8.53534940585447,mature
1789,19950604,1995-07-10 06:00:00,10.44274,-65.37935,5.21229,JJA,SAt,34426.235799518225,9.562843277643951,mature
1790,19950604,1995-07-10 07:00:00,11.18179,-65.24164,5.2011,JJA,SAt,37586.40161367258,10.440667114909049,mature
1791,19950604,1995-07-10 08:00:00,11.98928,-65.12434,5.18215,JJA,SAt,39879.29826210565,11.077582850584903,decay
1792,19950604,1995-07-10 09:00:00,12.83762,-65.05042,5.14898,JJA,SAt,40576.56553299788,11.271268203610523,decay
1793,19950604,1995-07-10 10:00:00,12.99791,-64.86317,5.21422,JJA,SAt,22146.04646103132,6.151679572508701,incipient
1794,19950604,1995-07-10 11:00:00,13.73542,-64.85062,5.15547,JJA,SAt,34871.12470849334,9.68642353013704,incipient
1795,19950604,1995-07-10 12:00:00,14.41499,-64.83962,5.0907,JJA,SAt,32143.217691696747,8.928671581026874,incipient
1796,19950604,1995-07-10 13:00:00,15.0975,-64.85233,5.06202,JJA,SAt,32288.81460216969,8.969115167269358,incipient
1797,19950604,1995-07-10 14:00:00,15.75877,-64.88605,4.9921,JJA,SAt,31451.32460353349,8.73647905653708,intensification
1798,19950604,1995-07-10 15:00:00,16.45851,-64.9467,4.94221,JJA,SAt,33667.98281199372,9.352217447776034,intensification
1799,19950604,1995-07-10 16:00:00,17.09586,-64.97227,4.87514,JJA,SAt,30130.765957687418,8.369657210468727,intensification
1800,19950604,1995-07-10 17:00:00,17.60373,-64.90413,4.80492,JJA,SAt,25092.738384117893,6.970205106699415,intensification
1801,19950604,1995-07-10 18:00:00,18.01931,-64.75037,4.70422,JJA,SAt,26051.028276262834,7.236396743406343,intensification
1802,19950604,1995-07-10 19:00:00,18.39523,-64.60913,4.57963,JJA,SAt,23795.81602802841,6.609948896674559,intensification
1803,19950604,1995-07-10 20:00:00,18.8269,-64.41295,4.42482,JJA,SAt,30042.045945764257,8.345012762712294,intensification
1804,19950604,1995-07-10 21:00:00,19.35872,-64.11129,4.26165,JJA,SAt,42244.25238359922,11.734514550999783,intensification
1805,19950604,1995-07-10 22:00:00,19.17954,-64.31263,4.01745,JJA,SAt,24007.34265108934,6.6687062919692615,intensification
1806,19950604,1995-07-10 23:00:00,19.78499,-64.08778,3.74968,JJA,SAt,38517.92091014152,10.699422475039311,intensification
1807,19950604,1995-07-11 00:00:00,20.92014,-63.31477,3.48649,JJA,SAt,102542.43058288505,28.484008495245845,intensification
1808,19950605,1995-07-09 08:00:00,-10.802,-52.46101,2.71672,JJA,SAt,,,incipient
1809,19950605,1995-07-09 09:00:00,-9.37973,-52.13919,2.68817,JJA,SAt,103118.37109019268,28.643991969497968,incipient
1810,19950605,1995-07-09 10:00:00,-7.99795,-51.49493,3.08788,JJA,SAt,118964.67230428387,33.04574230674552,intensification
1811,19950605,1995-07-09 11:00:00,-7.26059,-51.28397,3.20659,JJA,SAt,56284.98678052867,15.634718550146854,intensification
1812,19950605,1995-07-09 12:00:00,-6.55154,-51.10703,3.34651,JJA,SAt,53181.083831268814,14.77252328646356,intensification
1813,19950605,1995-07-09 13:00:00,-5.88711,-51.01571,3.50219,JJA,SAt,47530.669479857235,13.202963744404787,intensification
1814,19950605,1995-07-09 14:00:00,-5.27127,-50.93393,3.65263,JJA,SAt,44066.55312347422,12.240709200965062,intensification
1815,19950605,1995-07-09 15:00:00,-4.61807,-50.77182,3.68771,JJA,SAt,49269.63953682501,13.686010982451391,intensification
1816,19950605,1995-07-09 16:00:00,-3.94202,-50.62735,3.66283,JJA,SAt,50250.55925920678,13.958488683112993,intensification
1817,19950605,1995-07-09 17:00:00,-3.32459,-50.5186,3.62855,JJA,SAt,45248.16651222847,12.568935142285685,intensification
1818,19950605,1995-07-09 18:00:00,-2.63721,-50.3468,3.5906,JJA,SAt,52300.221720639354,14.527839366844265,intensification
1819,19950605,1995-07-09 19:00:00,-1.97809,-50.17041,3.51074,JJA,SAt,50795.81226543407,14.109947851509464,intensification
1820,19950605,1995-07-09 20:00:00,-1.3193,-49.9953,3.43452,JJA,SAt,50878.74515063248,14.132984764064577,intensification
1821,19950605,1995-07-09 21:00:00,-0.63763,-49.75928,3.37066,JJA,SAt,55450.03716203758,15.402788100565994,intensification
1822,19950605,1995-07-09 22:00:00,0.95197,-49.10313,3.90602,JJA,SAt,136149.447673107,37.8192910203075,intensification
1823,19950605,1995-07-09 23:00:00,1.48744,-49.01079,3.92322,JJA,SAt,40346.41817193157,11.207338381092102,intensification
1824,19950605,1995-07-10 00:00:00,2.18632,-48.84763,3.89843,JJA,SAt,54183.498289542855,15.050971747095238,intensification
1825,19950605,1995-07-10 01:00:00,3.05068,-48.61008,3.84192,JJA,SAt,68680.17936416365,19.077827601156567,intensification
1826,19950605,1995-07-10 02:00:00,3.93057,-48.3438,3.80473,JJA,SAt,71298.06023108581,19.80501673085717,mature
1827,19950605,1995-07-10 03:00:00,4.85146,-48.05712,3.75127,JJA,SAt,75327.97197766752,20.9244366604632,mature
1828,19950605,1995-07-10 04:00:00,5.84747,-47.74839,3.76414,JJA,SAt,81798.15649433408,22.72171013731502,mature
1829,19950605,1995-07-10 05:00:00,6.67065,-47.46306,3.80806,JJA,SAt,69391.89338242578,19.27552593956272,mature
1830,19950605,1995-07-10 06:00:00,7.46756,-47.18774,3.90213,JJA,SAt,67415.9926087076,18.726664613529888,mature
1831,19950605,1995-07-10 07:00:00,8.15495,-46.93189,4.03833,JJA,SAt,59334.48312238806,16.481800867330016,mature
1832,19950605,1995-07-10 08:00:00,8.78065,-46.66698,4.09245,JJA,SAt,56000.57970537732,15.555716584827033,decay
1833,19950605,1995-07-10 09:00:00,9.32855,-46.47637,4.16677,JJA,SAt,46939.31112236028,13.038697533988968,decay
1834,19950605,1995-07-10 10:00:00,9.81034,-46.42718,3.65871,JJA,SAt,37312.71097568046,10.364641937689015,incipient
1835,19950605,1995-07-10 11:00:00,10.41335,-46.24049,3.66351,JJA,SAt,50737.16264022769,14.093656288952136,incipient
1836,19950605,1995-07-10 12:00:00,11.14996,-46.03471,3.65865,JJA,SAt,61194.60514448164,16.998501429022678,incipient
1837,19950605,1995-07-10 13:00:00,11.9336,-45.83472,3.575,JJA,SAt,64552.71994750265,17.931311096528514,incipient
1838,19950605,1995-07-10 14:00:00,12.77187,-45.59427,3.5197,JJA,SAt,70360.86778705059,19.54468549640294,intensification
1839,19950605,1995-07-10 15:00:00,13.54283,-45.34107,3.56469,JJA,SAt,66386.75919753184,18.440766443758843,intensification
1840,19950605,1995-07-10 16:00:00,14.28931,-45.04713,3.55158,JJA,SAt,67005.97503783659,18.612770843843496,intensification
1841,19950605,1995-07-10 17:00:00,15.08235,-44.75233,3.6059,JJA,SAt,70541.74407570981,19.594928909919393,intensification
1842,19950605,1995-07-10 18:00:00,15.7508,-44.45519,3.60688,JJA,SAt,62387.44167335199,17.32984490926444,intensification
1843,19950605,1995-07-10 19:00:00,16.3951,-44.14823,3.66754,JJA,SAt,61594.59129584472,17.109608693290202,intensification
1844,19950605,1995-07-10 20:00:00,17.02567,-43.87936,3.70394,JJA,SAt,58622.12510359636,16.283923639887877,intensification
1845,19950605,1995-07-10 21:00:00,17.50166,-43.52323,3.6537,JJA,SAt,55066.13807333585,15.296149464815514,intensification
1846,19950605,1995-07-10 22:00:00,18.98729,-43.2102,2.28641,JJA,SAt,125032.7483861041,34.731318996140025,intensification
1847,19950605,1995-07-10 23:00:00,19.72855,-42.83572,2.26027,JJA,SAt,73246.04611463382,20.346123920731618,intensification
1848,19950605,1995-07-11 00:00:00,20.47496,-42.44482,2.37073,JJA,SAt,74945.82131288452,20.818283698023478,intensification
1849,19950605,1995-07-11 01:00:00,20.98301,-42.06435,2.41708,JJA,SAt,59482.7850658531,16.52299585162586,mature
1850,19950605,1995-07-11 02:00:00,21.65107,-41.67865,2.51957,JJA,SAt,69994.02459070641,19.442784608529557,mature
1851,19950605,1995-07-11 03:00:00,22.21833,-41.35934,2.6912,JJA,SAt,59085.360087238616,16.412600024232948,mature
1852,19950605,1995-07-11 04:00:00,22.69922,-41.03232,2.72413,JJA,SAt,54232.81214376252,15.064670039934034,mature
1853,19950605,1995-07-11 05:00:00,22.96206,-40.60228,2.80176,JJA,SAt,52686.013060299,14.635003627860835,decay
1854,19950605,1995-07-11 06:00:00,23.57389,-40.39115,2.87622,JJA,SAt,56812.19222913601,15.781164508093337,decay
1855,19950605,1995-07-11 07:00:00,24.14359,-40.08878,2.99701,JJA,SAt,58896.08613043952,16.36002392512209,decay
1856,19950605,1995-07-11 08:00:00,24.70222,-39.86573,3.00256,JJA,SAt,53674.02804852564,14.909452235701567,decay
1857,19950605,1995-07-11 09:00:00,25.02307,-39.4419,2.9678,JJA,SAt,54548.33214552561,15.152314484868224,decay
1858,19950605,1995-07-11 10:00:00,27.04488,-39.98862,2.77122,JJA,SAt,183303.40071127852,50.91761130868848,decay
1859,19950605,1995-07-11 11:00:00,27.42848,-39.52762,2.79143,JJA,SAt,60851.37952992311,16.9031609805342,decay
1860,19950605,1995-07-11 12:00:00,27.82754,-39.19827,2.80486,JJA,SAt,50181.11510920048,13.939198641444579,decay
1861,19950605,1995-07-11 13:00:00,28.1151,-38.70224,2.81237,JJA,SAt,60502.44672424367,16.806235201178797,decay
1862,19950605,1995-07-11 14:00:00,28.45396,-38.39458,2.80563,JJA,SAt,45152.28757576519,12.54230210437922,decay
1863,19950605,1995-07-11 15:00:00,28.96379,-38.10434,2.83255,JJA,SAt,54987.39115233457,15.274275320092935,decay
1864,19950605,1995-07-11 16:00:00,29.35752,-37.84424,2.77759,JJA,SAt,45028.148244678574,12.507818956855159,decay
1865,19950605,1995-07-11 17:00:00,29.69025,-37.50972,2.79841,JJA,SAt,47340.107648164325,13.150029902267867,decay
1866,19950605,1995-07-11 18:00:00,30.09924,-37.33036,2.83899,JJA,SAt,41258.93750617618,11.460815973937828,decay
1867,19950605,1995-07-11 19:00:00,30.49678,-37.26474,2.74312,JJA,SAt,35913.65960530982,9.976016557030505,decay
1868,19950605,1995-07-11 20:00:00,30.78595,-37.05693,2.72871,JJA,SAt,34505.05919636764,9.584738665657678,decay
1869,19950605,1995-07-11 21:00:00,31.26301,-36.68647,2.78033,JJA,SAt,59141.49339915615,16.428192610876707,decay
1870,19950605,1995-07-11 22:00:00,32.4813,-36.67376,2.93752,JJA,SAt,108651.38175203282,30.18093937556467,decay
1871,19950605,1995-07-11 23:00:00,32.77038,-36.35005,3.07319,JJA,SAt,44306.89611251445,12.307471142365126,decay
1872,19950605,1995-07-12 00:00:00,33.21856,-36.39214,3.14143,JJA,SAt,40399.1047708166,11.221973547449055,decay
1873,19950605,1995-07-12 01:00:00,33.60649,-36.13398,3.20675,JJA,SAt,45097.072451925465,12.526964569979295,decay
1874,19950605,1995-07-12 02:00:00,33.82391,-35.95887,3.18372,JJA,SAt,27590.40422412467,7.664001173367964,intensification 2
1875,19950605,1995-07-12 03:00:00,34.28715,-35.85263,3.17647,JJA,SAt,43362.367105386766,12.045101973718547,intensification 2
1876,19950605,1995-07-12 04:00:00,34.69199,-35.67777,3.21261,JJA,SAt,41379.59158657974,11.49433099627215,intensification 2
1877,19950605,1995-07-12 05:00:00,35.11118,-35.58194,3.10795,JJA,SAt,39355.9734620218,10.93221485056161,intensification 2
1878,19950605,1995-07-12 06:00:00,35.68255,-35.50943,3.19482,JJA,SAt,52319.11915578289,14.533088654384137,intensification 2
1879,19950605,1995-07-12 07:00:00,36.17452,-35.44989,3.1825,JJA,SAt,45036.407659729506,12.510113238813751,intensification 2
1880,19950605,1995-07-12 08:00:00,36.54545,-35.35315,3.19004,JJA,SAt,35298.752506324214,9.805209029534504,intensification 2
1881,19950605,1995-07-12 09:00:00,36.98402,-35.40663,3.17618,JJA,SAt,40203.31285866754,11.167586905185427,intensification 2
1882,19950606,1995-07-09 10:00:00,20.11348,-56.10432,2.33657,JJA,SAt,,,intensification
1883,19950606,1995-07-09 11:00:00,20.31457,-56.01748,2.32863,JJA,SAt,15782.613429640061,4.384059286011128,intensification
1884,19950606,1995-07-09 12:00:00,20.59466,-55.92411,2.30817,JJA,SAt,20286.97849048147,5.635271802911519,intensification
1885,19950606,1995-07-09 13:00:00,20.88214,-55.78291,2.31745,JJA,SAt,23842.507941805336,6.622918872723704,intensification
1886,19950606,1995-07-09 14:00:00,21.17071,-55.63388,2.3256,JJA,SAt,24524.157626213986,6.8122660072816625,intensification
1887,19950606,1995-07-09 15:00:00,21.50282,-55.53157,2.34581,JJA,SAt,23771.74885634524,6.603263571207011,intensification
1888,19950606,1995-07-09 16:00:00,21.77814,-55.42538,2.38768,JJA,SAt,20986.44266110888,5.829567405863577,intensification
1889,19950606,1995-07-09 17:00:00,22.00448,-55.34088,2.41162,JJA,SAt,17108.578806736696,4.752383001871304,intensification
1890,19950606,1995-07-09 18:00:00,22.39374,-55.24217,2.45308,JJA,SAt,26979.417580769947,7.494282661324985,intensification
1891,19950606,1995-07-09 19:00:00,22.61813,-55.17827,2.419,JJA,SAt,15910.904879390486,4.4196957998306905,intensification
1892,19950606,1995-07-09 20:00:00,22.82568,-55.09034,2.37634,JJA,SAt,16421.051974900613,4.561403326361281,intensification
1893,19950606,1995-07-09 21:00:00,22.91849,-55.01371,2.28743,JJA,SAt,10370.767650373318,2.8807687917703664,intensification
1894,19950606,1995-07-09 22:00:00,23.23231,-55.00871,2.1703,JJA,SAt,20017.200829057176,5.560333563626993,intensification
1895,19950606,1995-07-09 23:00:00,23.57501,-54.8874,2.12007,JJA,SAt,25708.361722152793,7.141211589486887,intensification
1896,19950606,1995-07-10 00:00:00,23.77283,-54.77828,2.08501,JJA,SAt,17542.347685390607,4.872874357052947,intensification
1897,19950606,1995-07-10 01:00:00,24.17537,-54.67677,2.08871,JJA,SAt,28204.652106945803,7.834625585262723,intensification
1898,19950606,1995-07-10 02:00:00,24.43054,-54.56479,2.08603,JJA,SAt,20613.564118839855,5.725990033011071,mature
1899,19950606,1995-07-10 03:00:00,24.69269,-54.43947,2.07026,JJA,SAt,21924.602527220635,6.0901673686723985,mature
1900,19950606,1995-07-10 04:00:00,25.09722,-54.33769,2.05101,JJA,SAt,28532.655875567416,7.925737743213171,mature
1901,19950606,1995-07-10 05:00:00,25.47432,-54.27323,2.02571,JJA,SAt,25493.905468437944,7.081640407899429,mature
1902,19950606,1995-07-10 06:00:00,25.95894,-54.21802,1.98046,JJA,SAt,32079.835367699474,8.91106537991652,mature
1903,19950606,1995-07-10 07:00:00,26.32646,-54.15896,1.90388,JJA,SAt,24797.1687629362,6.888102434148944,mature
1904,19950606,1995-07-10 08:00:00,26.71776,-54.07471,1.82129,JJA,SAt,27169.236340198124,7.547010094499479,decay
1905,19950606,1995-07-10 09:00:00,27.03565,-53.96869,1.73051,JJA,SAt,23879.008018391105,6.633057782886418,decay
1906,19950606,1995-07-10 10:00:00,27.37073,-53.71976,1.90435,JJA,SAt,35346.66724069501,9.818518677970836,incipient
1907,19950606,1995-07-10 11:00:00,27.79637,-53.66037,1.92675,JJA,SAt,28793.53840403153,7.9982051122309805,incipient
1908,19950606,1995-07-10 12:00:00,28.28053,-53.58519,1.87887,JJA,SAt,33006.30371413854,9.168417698371817,incipient
1909,19950606,1995-07-10 13:00:00,28.84977,-53.55611,1.86667,JJA,SAt,37726.2720522254,10.479520014507056,incipient
1910,19950606,1995-07-10 14:00:00,29.39009,-53.60474,1.91958,JJA,SAt,36077.13121937163,10.02142533871434,intensification
1911,19950606,1995-07-10 15:00:00,29.84939,-53.65022,1.90416,JJA,SAt,30706.555539214096,8.529598760892805,intensification
1912,19950606,1995-07-10 16:00:00,30.16715,-53.6355,1.8403,JJA,SAt,21010.03361825385,5.836120449514958,intensification
1913,19950606,1995-07-10 17:00:00,30.4692,-53.5832,1.69669,JJA,SAt,20757.701739615673,5.766028261004354,intensification
1914,19950606,1995-07-10 18:00:00,30.73007,-53.4624,1.5719,JJA,SAt,21859.050376143517,6.071958437817644,intensification
1915,19950606,1995-07-10 19:00:00,31.13113,-53.27498,1.42679,JJA,SAt,33798.41182282514,9.38844772856254,intensification
1916,19950606,1995-07-10 20:00:00,31.54434,-53.07316,1.31652,JJA,SAt,35525.44328941683,9.868178691504674,intensification
1917,19950606,1995-07-10 21:00:00,31.96447,-52.85851,1.25716,JJA,SAt,36896.583498913715,10.249050971920477,intensification
1918,19950607,1995-07-09 22:00:00,-93.40192,-39.85684,5.03082,JJA,SAt,,,intensification
1919,19950607,1995-07-09 23:00:00,-91.87445,-39.79688,5.10691,JJA,SAt,130608.47021358492,36.2801306148847,intensification
1920,19950607,1995-07-10 00:00:00,-90.8241,-39.77769,5.23256,JJA,SAt,89772.15479277288,24.936709664659134,intensification
1921,19950607,1995-07-10 01:00:00,-90.27829,-39.76495,5.02979,JJA,SAt,46669.06751579169,12.963629865497692,intensification
1922,19950607,1995-07-10 02:00:00,-89.27112,-39.72053,4.80538,JJA,SAt,86254.55687346932,23.959599131519255,mature
1923,19950607,1995-07-10 03:00:00,-88.32342,-39.67912,4.80404,JJA,SAt,81209.47116439136,22.558186434553157,mature
1924,19950607,1995-07-10 04:00:00,-87.22806,-39.66469,4.80832,JJA,SAt,93763.11072661637,26.045308535171216,mature
1925,19950607,1995-07-10 05:00:00,-86.03342,-39.68505,4.70204,JJA,SAt,102267.08307538273,28.407523076495202,mature
1926,19950607,1995-07-10 06:00:00,-84.53851,-39.74057,4.74381,JJA,SAt,128018.40923251731,35.560669231254806,mature
1927,19950607,1995-07-10 07:00:00,-83.4819,-39.81395,4.72061,JJA,SAt,90662.72196148064,25.18408943374462,mature
1928,19950607,1995-07-10 08:00:00,-81.61789,-40.01428,4.69287,JJA,SAt,160526.53939144182,44.590705386511615,decay
1929,19950607,1995-07-10 09:00:00,-80.20789,-40.18267,4.64101,JJA,SAt,121382.41508497675,33.717337523604655,decay
1930,19950607,1995-07-10 10:00:00,-79.67136,-40.0481,4.6737,JJA,SAt,48015.55272239177,13.337653533997713,incipient
1931,19950607,1995-07-10 11:00:00,-79.2641,-40.09349,4.45596,JJA,SAt,35020.14209565014,9.727817248791705,incipient
1932,19950607,1995-07-10 12:00:00,-78.77151,-40.08451,4.27246,JJA,SAt,41916.102669400534,11.64336185261126,incipient
1933,19950607,1995-07-10 13:00:00,-77.70087,-40.1359,4.08164,JJA,SAt,91228.74111058179,25.341316975161607,incipient
1934,19950607,1995-07-10 14:00:00,-75.96698,-40.20689,3.94488,JJA,SAt,147530.98052871804,40.9808279246439,intensification
1935,19950607,1995-07-10 15:00:00,-73.44437,-40.38332,3.90064,JJA,SAt,214835.47755304753,59.6765215425132,intensification
1936,19950607,1995-07-10 16:00:00,-71.66617,-40.48008,3.99379,JJA,SAt,150887.3271457724,41.91314642938122,intensification
1937,19950607,1995-07-10 17:00:00,-70.17023,-40.54037,4.08495,JJA,SAt,126643.56854874684,35.17876904131857,intensification
1938,19950607,1995-07-10 18:00:00,-69.15662,-40.68126,3.99184,JJA,SAt,86984.31711748055,24.162310310411264,intensification
1939,19950607,1995-07-10 19:00:00,-68.20001,-40.85329,3.84602,JJA,SAt,82800.90214356611,23.00025059543503,intensification
1940,19950607,1995-07-10 20:00:00,-66.9892,-41.07601,3.81957,JJA,SAt,104637.56220883779,29.06598950245494,intensification
1941,19950607,1995-07-10 21:00:00,-65.80685,-41.23322,3.85265,JJA,SAt,100520.50560630273,27.922362668417424,intensification
1942,19950607,1995-07-10 22:00:00,-65.15234,-41.21447,3.6524,JJA,SAt,54779.07865131314,15.216410736475872,intensification
1943,19950607,1995-07-10 23:00:00,-63.88263,-41.28866,3.72395,JJA,SAt,106465.46812256373,29.573741145156593,intensification
1944,19950607,1995-07-11 00:00:00,-62.58746,-41.42708,3.79705,JJA,SAt,109187.59054963547,30.32988626378763,intensification
1945,19950607,1995-07-11 01:00:00,-61.47623,-41.56323,4.0274,JJA,SAt,93779.72022394597,26.04992228442944,mature
1946,19950607,1995-07-11 02:00:00,-60.31338,-41.76079,4.20143,JJA,SAt,99065.19641605335,27.518110115570376,mature
1947,19950607,1995-07-11 03:00:00,-59.3703,-41.94147,4.39579,JJA,SAt,80654.40636186922,22.404001767185893,mature
1948,19950607,1995-07-11 04:00:00,-58.51639,-42.08533,4.56444,JJA,SAt,72337.70377539727,20.09380660427702,mature
1949,19950607,1995-07-11 05:00:00,-57.65888,-42.23998,4.62168,JJA,SAt,72739.65014514564,20.205458373651567,decay
1950,19950607,1995-07-11 06:00:00,-56.82907,-42.3316,4.57801,JJA,SAt,69017.49636890636,19.171526769140655,decay
1951,19950607,1995-07-11 07:00:00,-56.0368,-42.41608,4.46266,JJA,SAt,65756.65012762474,18.26573614656243,decay
1952,19950607,1995-07-11 08:00:00,-55.10419,-42.51259,4.46882,JJA,SAt,77249.08958556902,21.45808044043584,decay
1953,19950607,1995-07-11 09:00:00,-54.42462,-42.49265,4.36503,JJA,SAt,55753.866744804574,15.48718520689016,decay
1954,19950607,1995-07-11 10:00:00,-52.91968,-43.18978,4.19005,JJA,SAt,145133.23350540773,40.31478708483548,decay
1955,19950607,1995-07-11 11:00:00,-51.90601,-43.43668,4.22732,JJA,SAt,86485.60884286574,24.023780234129372,decay
1956,19950607,1995-07-11 12:00:00,-51.11249,-43.61981,4.29514,JJA,SAt,67136.1754402996,18.648937622305446,decay
1957,19950607,1995-07-11 13:00:00,-50.21216,-43.97362,4.30511,JJA,SAt,82275.93755026376,22.85442709729549,decay
1958,19950607,1995-07-11 14:00:00,-49.30136,-44.34602,4.36555,JJA,SAt,83626.74346388201,23.22965096218945,decay
1959,19950607,1995-07-11 15:00:00,-48.35901,-44.76814,4.48224,JJA,SAt,88191.69399876278,24.497692777434107,decay
1960,19950607,1995-07-11 16:00:00,-47.31961,-45.29701,4.58366,JJA,SAt,100644.92247807622,27.956922910576726,decay
1961,19950607,1995-07-11 17:00:00,-46.27975,-45.76302,4.72351,JJA,SAt,96156.31084915806,26.71008634698835,decay
1962,19950607,1995-07-11 18:00:00,-45.21753,-46.20076,4.85949,JJA,SAt,95421.99555999922,26.50610987777756,decay
1963,19950607,1995-07-11 19:00:00,-44.13022,-46.60973,4.99831,JJA,SAt,94964.41636835023,26.37900454676395,decay
1964,19950607,1995-07-11 20:00:00,-43.02331,-46.99837,5.17016,JJA,SAt,94685.29224926807,26.30147006924113,decay
1965,19950607,1995-07-11 21:00:00,-41.98544,-47.34772,5.29417,JJA,SAt,87541.23138143757,24.317008717065992,decay
1966,19950607,1995-07-11 22:00:00,-40.25134,-48.24025,5.81792,JJA,SAt,163179.310213966,45.32758617054611,decay
1967,19950607,1995-07-11 23:00:00,-39.31131,-48.62414,5.90804,JJA,SAt,81437.06728929555,22.621407580359875,decay
1968,19950607,1995-07-12 00:00:00,-38.37854,-49.0441,6.07525,JJA,SAt,82714.06728072673,22.976129800201868,decay
1969,19950607,1995-07-12 01:00:00,-37.45465,-49.59943,6.35876,JJA,SAt,91086.26291298377,25.301739698051048,decay
1970,19950607,1995-07-12 02:00:00,-36.5918,-50.17473,6.56024,JJA,SAt,88956.91875919377,24.71025521088716,intensification 2
1971,19950607,1995-07-12 03:00:00,-35.71353,-50.81979,6.782,JJA,SAt,94888.25689595098,26.357849137764163,intensification 2
1972,19950607,1995-07-12 04:00:00,-34.86343,-51.40183,6.98203,JJA,SAt,87808.66364668107,24.39129545741141,intensification 2
1973,19950607,1995-07-12 05:00:00,-34.01273,-51.91699,7.22249,JJA,SAt,82003.1123964454,22.778642332345946,intensification 2
1974,19950607,1995-07-12 06:00:00,-33.23132,-52.33588,7.48941,JJA,SAt,70816.13897980197,19.67114971661166,intensification 2
1975,19950607,1995-07-12 07:00:00,-32.50211,-52.81216,7.75185,JJA,SAt,72339.31843846533,20.094255121795925,intensification 2
1976,19950607,1995-07-12 08:00:00,-31.83508,-53.25758,7.97189,JJA,SAt,66650.06312383505,18.513906423287512,intensification 2
1977,19950607,1995-07-12 09:00:00,-31.18671,-53.67006,8.15764,JJA,SAt,62815.4948976194,17.448748582672057,intensification 2
1978,19950607,1995-07-12 10:00:00,-30.77942,-54.3133,8.39304,JJA,SAt,76319.7187985991,21.199921888499752,intensification 2
1979,19950607,1995-07-12 11:00:00,-30.29379,-54.61086,8.514,JJA,SAt,45605.69009300295,12.668247248056375,intensification 2
1980,19950607,1995-07-12 12:00:00,-29.80408,-54.91404,8.64835,JJA,SAt,46082.17447087257,12.800604019686824,intensification 2
1981,19950607,1995-07-12 13:00:00,-29.31821,-55.18702,8.81317,JJA,SAt,43349.783320363815,12.041606477878837,mature 2
1982,19950607,1995-07-12 14:00:00,-28.92734,-55.49194,8.81142,JJA,SAt,41958.919260054245,11.655255350015068,mature 2
1983,19950607,1995-07-12 15:00:00,-28.57693,-55.83217,8.8788,JJA,SAt,43752.64988033768,12.153513855649356,mature 2
1984,19950607,1995-07-12 16:00:00,-28.24951,-56.13843,8.97531,JJA,SAt,39680.026904243525,11.022229695623201,mature 2
1985,19950607,1995-07-12 17:00:00,-27.9538,-56.40588,9.05597,JJA,SAt,34896.17942577282,9.693383173825783,decay 2
1986,19950607,1995-07-12 18:00:00,-27.6795,-56.60994,9.15944,JJA,SAt,28251.330821422576,7.847591894839605,decay 2
1987,19950607,1995-07-12 19:00:00,-27.40033,-56.77133,9.22508,JJA,SAt,24751.879620242944,6.875522116734151,decay 2
1988,19950607,1995-07-12 20:00:00,-27.11951,-56.92486,9.27069,JJA,SAt,24146.205443249568,6.707279289791547,decay 2
1989,19950607,1995-07-12 21:00:00,-26.78922,-57.07804,9.29989,JJA,SAt,26271.556037027953,7.297654454729987,decay 2
1990,19950607,1995-07-12 22:00:00,-26.25085,-57.20595,9.54354,JJA,SAt,35457.311748284585,9.849253263412384,decay 2
1991,19950607,1995-07-12 23:00:00,-25.90622,-57.33657,9.51098,JJA,SAt,25302.607953731527,7.028502209369869,decay 2
1992,19950607,1995-07-13 00:00:00,-25.48657,-57.4705,9.40074,JJA,SAt,29218.303517413246,8.11619542150368,decay 2
1993,19950607,1995-07-13 01:00:00,-25.10831,-57.60626,9.36936,JJA,SAt,27157.505367824077,7.543751491062244,intensification
1994,19950607,1995-07-13 02:00:00,-24.68558,-57.70919,9.34777,JJA,SAt,27628.853309996703,7.674681474999084,intensification
1995,19950607,1995-07-13 03:00:00,-24.32516,-57.80917,9.23603,JJA,SAt,24097.820998469655,6.693839166241571,intensification
1996,19950607,1995-07-13 04:00:00,-23.88553,-57.90404,9.25776,JJA,SAt,28066.480734360557,7.796244648433488,intensification
1997,19950607,1995-07-13 05:00:00,-23.44965,-58.00183,9.29552,JJA,SAt,27921.976237512798,7.756104510420221,intensification
1998,19950607,1995-07-13 06:00:00,-23.01059,-58.1091,9.40602,JJA,SAt,28452.149152436617,7.903374764565727,intensification
1999,19950607,1995-07-13 07:00:00,-22.61768,-58.20245,9.43057,JJA,SAt,25280.422061209432,7.022339461447064,intensification
2000,19950607,1995-07-13 08:00:00,-22.17337,-58.29103,9.42071,JJA,SAt,27803.12953396917,7.723091537213659,intensification
2001,19950607,1995-07-13 09:00:00,-21.69727,-58.38147,9.42843,JJA,SAt,29553.508171077654,8.209307825299348,intensification
2002,19950607,1995-07-13 10:00:00,-21.77564,-58.28082,8.90162,JJA,SAt,12090.810788077546,3.3585585522437627,intensification
2003,19950607,1995-07-13 11:00:00,-21.3548,-58.32002,8.87986,JJA,SAt,24972.637654880866,6.9368437930224625,intensification
2004,19950607,1995-07-13 12:00:00,-20.81186,-58.36224,8.93246,JJA,SAt,32032.82360675138,8.89800655743094,intensification
2005,19950607,1995-07-13 13:00:00,-20.39752,-58.33529,8.88791,JJA,SAt,24361.43384383704,6.7670649566214,intensification
2006,19950607,1995-07-13 14:00:00,-20.0007,-58.28589,8.82178,JJA,SAt,23821.143899166796,6.616984416435221,intensification
2007,19950607,1995-07-13 15:00:00,-19.38294,-58.29861,8.75246,JJA,SAt,36131.10561275692,10.03641822576581,intensification
2008,19950607,1995-07-13 16:00:00,-18.80603,-58.30565,8.69986,JJA,SAt,33715.72960347668,9.365480445410189,intensification
2009,19950607,1995-07-13 17:00:00,-18.1922,-58.32661,8.64312,JJA,SAt,35925.207869529695,9.979224408202693,intensification
2010,19950607,1995-07-13 18:00:00,-17.63135,-58.32538,8.67117,JJA,SAt,32746.503772641398,9.096251047955944,intensification
2011,19950607,1995-07-13 19:00:00,-17.12045,-58.30167,8.72623,JJA,SAt,29956.57375127464,8.321270486465178,intensification
2012,19950607,1995-07-13 20:00:00,-16.57312,-58.27979,8.75931,JJA,SAt,32081.092467647934,8.911414574346649,intensification
2013,19950607,1995-07-13 21:00:00,-16.01443,-58.26307,8.76066,JJA,SAt,32723.2956099551,9.08980433609864,intensification
2014,19950607,1995-07-13 22:00:00,-15.96783,-57.8834,8.71993,JJA,SAt,42306.27379000749,11.751742719446526,intensification
2015,19950607,1995-07-13 23:00:00,-15.48401,-57.79094,8.63557,JJA,SAt,30427.804888344384,8.452168024540107,intensification
2016,19950607,1995-07-14 00:00:00,-14.96115,-57.70217,8.61186,JJA,SAt,32559.204660102332,9.044223516695093,mature
2017,19950607,1995-07-14 01:00:00,-14.4267,-57.62996,8.57933,JJA,SAt,32783.73657777725,9.106593493827013,mature
2018,19950607,1995-07-14 02:00:00,-13.84061,-57.58618,8.51378,JJA,SAt,35249.91048313246,9.791641800870128,mature
2019,19950607,1995-07-14 03:00:00,-13.18018,-57.57164,8.42952,JJA,SAt,39405.12767363035,10.945868798230652,mature
2020,19950607,1995-07-14 04:00:00,-12.4982,-57.55656,8.41593,JJA,SAt,40707.746939484125,11.307707483190034,mature
2021,19950607,1995-07-14 05:00:00,-11.84232,-57.53821,8.35691,JJA,SAt,39187.71999630013,10.885477776750037,mature
2022,19950607,1995-07-14 06:00:00,-11.22119,-57.45977,8.20937,JJA,SAt,38121.548783877486,10.589319106632635,mature
2023,19950607,1995-07-14 07:00:00,-10.58231,-57.32621,8.08788,JJA,SAt,41061.369675828646,11.405936021063512,mature
2024,19950607,1995-07-14 08:00:00,-9.93762,-57.1666,7.93269,JJA,SAt,42651.92433045391,11.84775675845942,mature
2025,19950607,1995-07-14 09:00:00,-9.33191,-56.98969,7.82213,JJA,SAt,41556.10071173423,11.543361308815063,decay
2026,19950607,1995-07-14 10:00:00,-9.03055,-56.94704,7.29678,JJA,SAt,18871.82036493534,5.2421723235931506,decay
2027,19950607,1995-07-14 11:00:00,-8.42145,-56.77619,7.27003,JJA,SAt,41614.156134692996,11.5594878151925,decay
2028,19950607,1995-07-14 12:00:00,-7.73093,-56.62568,7.29888,JJA,SAt,45354.725313108065,12.598534809196686,decay
2029,19950607,1995-07-14 13:00:00,-6.95486,-56.49885,7.28209,JJA,SAt,49598.21100446654,13.77728083457404,decay
2030,19950607,1995-07-14 14:00:00,-6.15121,-56.46389,7.19964,JJA,SAt,49498.97664667587,13.74971573518774,decay
2031,19950607,1995-07-14 15:00:00,-5.34079,-56.43996,7.08098,JJA,SAt,49871.42699595893,13.853174165544146,decay
2032,19950607,1995-07-14 16:00:00,-4.48212,-56.34188,6.92615,JJA,SAt,53963.50979612627,14.989863832257297,decay
2033,19950607,1995-07-14 17:00:00,-3.64102,-56.23813,6.79686,JJA,SAt,53172.26714845732,14.77007420790481,decay
2034,19950607,1995-07-14 18:00:00,-2.75766,-56.11785,6.69693,JJA,SAt,56285.31829674213,15.634810637983925,decay
2035,19950607,1995-07-14 19:00:00,-1.85733,-55.99531,6.61962,JJA,SAt,57536.33351774909,15.982314866041413,decay
2036,19950607,1995-07-14 20:00:00,-1.01508,-55.97973,6.57501,JJA,SAt,52415.90794268016,14.559974428522267,decay
2037,19950607,1995-07-14 21:00:00,-0.16965,-55.98395,6.54194,JJA,SAt,52594.88083634355,14.609689121206543,decay
2038,19950607,1995-07-14 22:00:00,1.10368,-55.7554,6.49998,JJA,SAt,83406.31957820033,23.168422105055647,decay
2039,19950607,1995-07-14 23:00:00,1.70214,-55.99403,6.34592,JJA,SAt,45801.41625242466,12.722615625673516,decay
2040,19950607,1995-07-15 00:00:00,2.24853,-56.25399,6.22356,JJA,SAt,44524.15907068781,12.367821964079948,decay
2041,19950607,1995-07-15 01:00:00,2.88059,-56.42808,6.10409,JJA,SAt,43498.26374255439,12.082851039598442,decay
2042,19950607,1995-07-15 02:00:00,3.46802,-56.57671,5.93248,JJA,SAt,39657.52377707908,11.01597882696641,decay
2043,19950607,1995-07-15 03:00:00,4.12269,-56.65866,5.71902,JJA,SAt,41077.38684288444,11.410385234134568,decay
2044,19950607,1995-07-15 04:00:00,4.80778,-56.71094,5.44179,JJA,SAt,42242.43086286081,11.734008573016892,decay
2045,19950607,1995-07-15 05:00:00,5.52028,-56.77253,5.22059,JJA,SAt,43985.12546053112,12.218090405703089,decay
2046,19950607,1995-07-15 06:00:00,6.23395,-56.86161,5.01501,JJA,SAt,44547.91487677258,12.374420799103493,decay
2047,19950607,1995-07-15 07:00:00,6.84107,-57.00784,4.80245,JJA,SAt,40261.633146517044,11.183786985143623,decay
2048,19950607,1995-07-15 08:00:00,7.37747,-57.18462,4.58975,JJA,SAt,37897.363790526746,10.52704549736854,decay
2049,19950607,1995-07-15 09:00:00,7.76918,-57.43567,4.39513,JJA,SAt,36505.64693978718,10.140457483274217,decay
2050,19950607,1995-07-15 10:00:00,8.23584,-57.82232,3.89426,JJA,SAt,51188.4906096886,14.219025169357943,decay
2051,19950607,1995-07-15 11:00:00,8.47519,-58.07371,3.71938,JJA,SAt,31318.90915269252,8.699696986859033,decay
2052,19950607,1995-07-15 12:00:00,8.59912,-58.2771,3.56581,JJA,SAt,23754.711586096113,6.598530996137809,decay
2053,19950607,1995-07-15 13:00:00,8.87074,-58.50388,3.34031,JJA,SAt,29773.769784924625,8.270491606923507,decay
2054,19950607,1995-07-15 14:00:00,9.16845,-58.84257,3.08144,JJA,SAt,41407.085180945825,11.501968105818285,decay
2055,19950608,1995-07-09 22:00:00,-55.18585,-36.51512,1.72913,JJA,LA-PLATA,,,intensification
2056,19950608,1995-07-09 23:00:00,-54.68127,-36.00461,1.72997,JJA,LA-PLATA,72588.83680930651,20.16356578036292,intensification
2057,19950608,1995-07-10 00:00:00,-54.04904,-35.83751,1.76918,JJA,LA-PLATA,59886.70889406555,16.63519691501821,intensification
2058,19950608,1995-07-10 01:00:00,-53.57599,-35.67831,1.86574,JJA,LA-PLATA,46210.30033396269,12.836194537211858,intensification
2059,19950608,1995-07-10 02:00:00,-53.11731,-35.68759,1.92279,JJA,LA-PLATA,41440.33085090054,11.511203014139038,mature
2060,19950608,1995-07-10 03:00:00,-52.70721,-35.72198,1.98349,JJA,LA-PLATA,37226.58023753814,10.340716732649483,mature
2061,19950608,1995-07-10 04:00:00,-52.3331,-35.76111,2.10661,JJA,LA-PLATA,34043.58314611958,9.456550873922104,mature
2062,19950608,1995-07-10 05:00:00,-51.95093,-35.79399,2.19709,JJA,LA-PLATA,34669.5328086625,9.630425780184028,mature
2063,19950608,1995-07-10 06:00:00,-51.61841,-35.81879,2.26204,JJA,LA-PLATA,30112.857836451254,8.364682732347571,mature
2064,19950608,1995-07-10 07:00:00,-51.23184,-35.79526,2.3737,JJA,LA-PLATA,34958.264462977946,9.710629017493874,mature
2065,19950608,1995-07-10 08:00:00,-50.89639,-35.80019,2.37367,JJA,LA-PLATA,30258.81510314407,8.40522641754002,decay
2066,19950608,1995-07-10 09:00:00,-50.46631,-35.83598,2.36546,JJA,LA-PLATA,38982.136977325325,10.828371382590367,decay
2067,19950608,1995-07-10 10:00:00,-49.33795,-36.1137,2.25456,JJA,LA-PLATA,106129.53749424146,29.48042708173374,incipient
2068,19950608,1995-07-10 11:00:00,-48.53366,-36.46208,2.10988,JJA,LA-PLATA,81836.60472473335,22.732390201314818,incipient
2069,19950608,1995-07-10 12:00:00,-47.47952,-36.83538,2.10682,JJA,LA-PLATA,102795.46388663021,28.55429552406395,incipient
2070,19950608,1995-07-10 13:00:00,-46.49799,-37.14602,2.09677,JJA,LA-PLATA,93768.06890452415,26.046685806812263,incipient
2071,19950608,1995-07-10 14:00:00,-45.59201,-37.39232,2.15848,JJA,LA-PLATA,84717.76363967535,23.532712122132043,intensification
2072,19950608,1995-07-10 15:00:00,-44.83853,-37.45087,2.25303,JJA,LA-PLATA,66857.03311411457,18.57139808725405,intensification
2073,19950608,1995-07-10 16:00:00,-44.23654,-37.33836,2.21389,JJA,LA-PLATA,54632.215986681265,15.175615551855907,intensification
2074,19950608,1995-07-10 17:00:00,-43.681,-37.21579,2.23313,JJA,LA-PLATA,51008.4478725656,14.169013297934889,intensification
2075,19950608,1995-07-10 18:00:00,-43.1633,-37.22572,2.25133,JJA,LA-PLATA,45853.426706813036,12.737062974114732,intensification
2076,19950608,1995-07-10 19:00:00,-42.79538,-37.10541,2.19843,JJA,LA-PLATA,35239.6137945719,9.788781609603307,intensification
2077,19950608,1995-07-10 20:00:00,-42.43088,-37.0239,2.1543,JJA,LA-PLATA,33587.601592487365,9.32988933124649,intensification
2078,19950608,1995-07-10 21:00:00,-42.00537,-37.01802,2.10053,JJA,LA-PLATA,37782.34275990744,10.4950952110854,intensification
2079,19950608,1995-07-10 22:00:00,-40.89728,-37.24473,2.32923,JJA,LA-PLATA,101415.27632306473,28.1709100897402,intensification
2080,19950608,1995-07-10 23:00:00,-40.41788,-37.33743,2.18727,JJA,LA-PLATA,43643.9212912197,12.123311469783252,intensification
2081,19950608,1995-07-11 00:00:00,-40.04062,-37.3306,1.98886,JJA,LA-PLATA,33363.20612165343,9.267557256014841,intensification
2082,19950608,1995-07-11 01:00:00,-39.65128,-37.42465,1.77061,JJA,LA-PLATA,35956.99003415108,9.98805278726419,mature
2083,19950608,1995-07-11 02:00:00,-39.23593,-37.48923,1.61692,JJA,LA-PLATA,37358.6611272291,10.37740586867475,mature
2084,19950608,1995-07-11 03:00:00,-38.86658,-37.56181,1.39737,JJA,LA-PLATA,33556.73436548582,9.321315101523838,mature
2085,19950608,1995-07-11 04:00:00,-38.49005,-37.51704,1.1535,JJA,LA-PLATA,33569.94277006445,9.324984102795682,mature
2086,19950609,1995-07-10 08:00:00,-19.75552,-32.45235,3.86168,JJA,SAt,,,decay
2087,19950609,1995-07-10 09:00:00,-20.25281,-31.9926,3.96198,JJA,SAt,69294.76235402781,19.248545098341058,decay
2088,19950609,1995-07-10 10:00:00,-20.8125,-31.65468,4.51983,JJA,SAt,64869.757431126854,18.019377064201905,incipient
2089,19950609,1995-07-10 11:00:00,-20.3046,-31.83853,4.52984,JJA,SAt,52196.13255656701,14.498925710157504,incipient
2090,19950609,1995-07-10 12:00:00,-20.01828,-31.88662,4.60082,JJA,SAt,27563.676479624504,7.656576799895696,incipient
2091,19950609,1995-07-10 13:00:00,-19.98495,-31.82787,4.69097,JJA,SAt,7251.575503318799,2.0143265286996663,incipient
2092,19950609,1995-07-10 14:00:00,-19.97223,-31.80138,4.64016,JJA,SAt,3181.331820547039,0.8837032834852886,intensification
2093,19950609,1995-07-10 15:00:00,-20.10055,-31.69507,4.52106,JJA,SAt,16939.952134638428,4.705542259621786,intensification
2094,19950609,1995-07-10 16:00:00,-20.09891,-31.61088,4.56255,JJA,SAt,9362.801040658827,2.6007780668496743,intensification
2095,19950609,1995-07-10 17:00:00,-20.06537,-31.56744,4.52725,JJA,SAt,5781.387811524778,1.6059410587568828,intensification
2096,19950609,1995-07-10 18:00:00,-20.02918,-31.44389,4.67391,JJA,SAt,14160.091954242163,3.933358876178379,intensification
2097,19950609,1995-07-10 19:00:00,-19.9368,-31.48806,4.68532,JJA,SAt,10044.385757867678,2.790107154963244,intensification
2098,19950609,1995-07-10 20:00:00,-19.63663,-31.65688,4.79715,JJA,SAt,34074.02550528811,9.465007084802252,intensification
2099,19950609,1995-07-10 21:00:00,-19.29752,-31.92407,4.83138,JJA,SAt,43702.71868389485,12.13964407885968,intensification
2100,19950609,1995-07-10 22:00:00,-19.19516,-32.04285,4.45974,JJA,SAt,16359.936216163607,4.544426726712113,intensification
2101,19950609,1995-07-10 23:00:00,-18.72778,-32.3867,4.5326,JJA,SAt,58268.351867468125,16.185653296518925,intensification
2102,19950609,1995-07-11 00:00:00,-18.23074,-32.70374,4.63903,JJA,SAt,58423.923458682424,16.228867627411784,intensification
2103,19950609,1995-07-11 01:00:00,-18.03192,-32.79745,4.59295,JJA,SAt,21314.142855623326,5.920595237673146,mature
2104,19950609,1995-07-11 02:00:00,-17.94202,-32.87777,4.49966,JJA,SAt,12260.14889204948,3.405596914458189,mature
2105,19950609,1995-07-11 03:00:00,-17.64087,-33.13306,4.58077,JJA,SAt,39930.38126323188,11.091772573119966,mature
2106,19950609,1995-07-11 04:00:00,-17.55463,-33.05463,4.7161,JJA,SAt,11857.439269827742,3.2937331305077064,mature
2107,19950609,1995-07-11 05:00:00,-17.39456,-33.14659,4.63569,JJA,SAt,18079.88385572644,5.0221899599240105,decay
2108,19950609,1995-07-11 06:00:00,-17.06674,-33.32006,5.02265,JJA,SAt,36079.21109796888,10.022003082769134,decay
2109,19950609,1995-07-11 07:00:00,-17.01321,-33.30847,4.95414,JJA,SAt,5138.379506516012,1.4273276406988922,decay
2110,19950609,1995-07-11 08:00:00,-16.71606,-33.48326,4.97816,JJA,SAt,33745.18458754032,9.373662385427867,decay
2111,19950609,1995-07-11 09:00:00,-16.42316,-33.73522,5.10666,JJA,SAt,38995.81454365564,10.832170706571011,decay
2112,19950609,1995-07-11 10:00:00,-16.69156,-33.32897,5.38538,JJA,SAt,51570.37238535956,14.325103440377655,decay
2113,19950609,1995-07-11 11:00:00,-16.31815,-33.67392,5.46714,JJA,SAt,51672.20108084631,14.353389189123975,decay
2114,19950609,1995-07-11 12:00:00,-15.89218,-34.0838,5.5542,JJA,SAt,60196.20249030883,16.72116735841912,decay
2115,19950609,1995-07-11 13:00:00,-15.60214,-34.36769,5.58968,JJA,SAt,41322.637967351126,11.478510546486424,decay
2116,19950609,1995-07-11 14:00:00,-15.3092,-34.59565,5.5418,JJA,SAt,36925.23195018362,10.257008875051005,decay
2117,19950609,1995-07-11 15:00:00,-15.08533,-34.76088,5.56267,JJA,SAt,27506.869009560847,7.6407969471002355,decay
2118,19950609,1995-07-11 16:00:00,-14.90485,-34.76507,5.57684,JJA,SAt,16493.2011155772,4.581444754327,decay
2119,19950609,1995-07-11 17:00:00,-14.8125,-34.71779,5.53154,JJA,SAt,9942.00274921112,2.761667430336422,decay
2120,19950609,1995-07-11 18:00:00,-14.5925,-34.77618,5.48434,JJA,SAt,21123.196060067927,5.86755446112998,decay
2121,19950609,1995-07-11 19:00:00,-14.40652,-34.85244,5.47655,JJA,SAt,18978.254158738077,5.271737266316133,decay
2122,19950609,1995-07-11 20:00:00,-14.25177,-34.93379,5.46969,JJA,SAt,16763.860050210034,4.656627791725009,decay
2123,19950609,1995-07-11 21:00:00,-14.0481,-35.0754,5.51068,JJA,SAt,24332.346527222326,6.758985146450646,decay
2124,19950609,1995-07-11 22:00:00,-13.36456,-35.28811,5.17894,JJA,SAt,66472.2533386985,18.46451481630514,decay
2125,19950609,1995-07-11 23:00:00,-13.18271,-35.46892,5.33644,JJA,SAt,26000.71567819715,7.222421021721431,decay
2126,19950609,1995-07-12 00:00:00,-13.07425,-35.61833,5.47086,JJA,SAt,19295.334343839408,5.359815095510947,decay
2127,19950609,1995-07-12 01:00:00,-12.89841,-35.77434,5.52205,JJA,SAt,23517.66131077537,6.532683697437602,decay
2128,19950609,1995-07-12 02:00:00,-12.59317,-36.01601,5.55701,JJA,SAt,38446.43596405869,10.679565545571858,intensification 2
2129,19950609,1995-07-12 03:00:00,-12.21201,-36.3105,5.5279,JJA,SAt,47361.608082983694,13.156002245273248,intensification 2
2130,19950609,1995-07-12 04:00:00,-11.85272,-36.54245,5.53726,JJA,SAt,41213.41053829702,11.448169593971395,intensification 2
2131,19950609,1995-07-12 05:00:00,-11.49655,-36.71064,5.46237,JJA,SAt,36878.02214340226,10.243895039833962,intensification 2
2132,19950609,1995-07-12 06:00:00,-11.20248,-36.78772,5.37769,JJA,SAt,27566.840189842456,7.657455608289571,intensification 2
2133,19950609,1995-07-12 07:00:00,-10.80948,-36.93549,5.27253,JJA,SAt,38632.011893813724,10.731114414948257,intensification 2
2134,19950609,1995-07-12 08:00:00,-10.46829,-37.04045,5.1511,JJA,SAt,32473.690840031322,9.020469677786478,intensification 2
2135,19950609,1995-07-12 09:00:00,-10.17438,-37.08266,5.12539,JJA,SAt,26498.31425106255,7.360642847517376,intensification 2
2136,19950610,1995-07-10 10:00:00,-29.23654,-82.61129,1.11147,JJA,SAt,,,incipient
2137,19950610,1995-07-10 11:00:00,-29.99374,-82.6118,1.11948,JJA,SAt,10827.438771384444,3.0076218809401234,incipient
2138,19950610,1995-07-10 12:00:00,-35.66779,-82.85048,1.14838,JJA,SAt,84083.8799299641,23.356633313878916,incipient
2139,19950610,1995-07-10 13:00:00,-38.38763,-82.92121,1.19775,JJA,SAt,38268.26653325184,10.6300740370144,incipient
2140,19950610,1995-07-10 14:00:00,-41.05917,-82.95049,1.26439,JJA,SAt,36674.32842170961,10.18731345047489,intensification
2141,19950610,1995-07-10 15:00:00,-42.41205,-82.92258,1.31917,JJA,SAt,18756.6916726057,5.210192131279361,intensification
2142,19950610,1995-07-10 16:00:00,-43.72092,-82.87256,1.39387,JJA,SAt,18834.553043598113,5.231820289888365,intensification
2143,19950610,1995-07-10 17:00:00,-44.51129,-82.77742,1.46021,JJA,SAt,15244.76406465225,4.234656684625625,intensification
2144,19950610,1995-07-10 18:00:00,-45.10129,-82.67964,1.51683,JJA,SAt,13680.719123692495,3.800199756581249,intensification
2145,19950610,1995-07-10 19:00:00,-45.30633,-82.58514,1.57169,JJA,SAt,10907.07500744113,3.029743057622536,intensification
2146,19950610,1995-07-10 20:00:00,-45.30261,-82.50201,1.61284,JJA,SAt,9243.803168134986,2.5677231022597184,intensification
2147,19950610,1995-07-10 21:00:00,-45.08112,-82.42481,1.65207,JJA,SAt,9171.907585651581,2.547752107125439,intensification
2148,19950610,1995-07-10 22:00:00,-43.61758,-82.42351,1.74181,JJA,SAt,21455.092793517353,5.959747998199265,intensification
2149,19950610,1995-07-10 23:00:00,-43.15466,-82.36578,1.77287,JJA,SAt,9360.437563219788,2.6001215453388298,intensification
2150,19950610,1995-07-11 00:00:00,-42.49826,-82.28731,1.82353,JJA,SAt,13081.04311458207,3.633623087383908,intensification
2151,19950610,1995-07-11 01:00:00,-41.55689,-82.20892,1.87148,JJA,SAt,16592.659587664573,4.609072107684604,mature
2152,19950610,1995-07-11 02:00:00,-40.54016,-82.09422,1.88594,JJA,SAt,20024.50931640887,5.562363699002463,mature
2153,19950610,1995-07-11 03:00:00,-39.72763,-81.98122,1.89319,JJA,SAt,17734.21857709813,4.926171826971703,mature
2154,19950610,1995-07-11 04:00:00,-39.05725,-81.85668,1.88149,JJA,SAt,17365.79637415239,4.8238323261534415,mature
2155,19950610,1995-07-11 05:00:00,-38.75461,-81.74687,1.90823,JJA,SAt,13119.410329028298,3.6442806469523052,decay
2156,19950610,1995-07-11 06:00:00,-38.74448,-81.65263,1.9182,JJA,SAt,10480.286215658483,2.91119061546069,decay
2157,19950610,1995-07-11 07:00:00,-38.83697,-81.56918,1.93976,JJA,SAt,9399.754415962923,2.611042893323034,decay
2158,19950610,1995-07-11 08:00:00,-38.48615,-81.46775,1.96795,JJA,SAt,12661.232120044811,3.5170089222346697,decay
2159,19950610,1995-07-11 09:00:00,-38.28107,-81.34949,1.98058,JJA,SAt,13583.998166432246,3.773332824008957,decay
2160,19950610,1995-07-11 10:00:00,-36.59534,-81.63989,1.75771,JJA,SAt,42556.04329989546,11.82112313885985,decay
2161,19950610,1995-07-11 11:00:00,-37.57404,-81.55193,1.73,JJA,SAt,18671.67905196206,5.186577514433905,decay
2162,19950610,1995-07-11 12:00:00,-38.71466,-81.42345,1.70834,JJA,SAt,23590.770616155412,6.552991837820948,decay
2163,19950610,1995-07-11 13:00:00,-39.81043,-81.22548,1.69201,JJA,SAt,28675.994093414854,7.96555391483746,decay
2164,19950610,1995-07-11 14:00:00,-40.14752,-80.92918,1.72294,JJA,SAt,33455.94842404925,9.293319006680347,decay
2165,19950610,1995-07-11 15:00:00,-39.66522,-80.58508,1.75288,JJA,SAt,39219.53770069182,10.89431602796995,decay
2166,19950610,1995-07-11 16:00:00,-38.63953,-80.21942,1.78432,JJA,SAt,44885.02445495431,12.468062348598421,decay
2167,19950610,1995-07-11 17:00:00,-37.44064,-79.89736,1.79666,JJA,SAt,42567.74324581106,11.824373123836407,decay
2168,19950610,1995-07-11 18:00:00,-36.18832,-79.62116,1.81902,JJA,SAt,39446.141518335404,10.957261532870945,decay
2169,19950610,1995-07-11 19:00:00,-34.90643,-79.36392,1.84948,JJA,SAt,38648.975388310064,10.735826496752795,decay
2170,19950610,1995-07-11 20:00:00,-33.89606,-79.12059,1.8975,JJA,SAt,34231.33432451449,9.508703979031804,decay
2171,19950610,1995-07-11 21:00:00,-33.24173,-78.88802,1.95667,JJA,SAt,29348.531932355265,8.152369981209796,decay
2172,19950610,1995-07-11 22:00:00,-32.21097,-78.52895,1.84662,JJA,SAt,45800.0756112751,12.722243225354193,decay
2173,19950610,1995-07-11 23:00:00,-31.73117,-78.19037,1.95977,JJA,SAt,39156.810250037706,10.876891736121586,decay
2174,19950610,1995-07-12 00:00:00,-31.51263,-77.90682,2.08473,JJA,SAt,31928.365621168217,8.868990450324505,decay
2175,19950610,1995-07-12 01:00:00,-31.37515,-77.60468,2.17159,JJA,SAt,33752.52817567942,9.375702271022062,decay
2176,19950610,1995-07-12 02:00:00,-31.25232,-77.39552,2.23209,JJA,SAt,23444.66597553632,6.512407215426756,intensification 2
2177,19950610,1995-07-12 03:00:00,-31.49719,-77.25075,2.24489,JJA,SAt,17170.89424948472,4.76969284707909,intensification 2
2178,19950610,1995-07-12 04:00:00,-32.08487,-77.18266,2.25485,JJA,SAt,16321.244661006836,4.533679072501899,intensification 2
2179,19950610,1995-07-12 05:00:00,-32.6105,-77.12153,2.27432,JJA,SAt,14666.749803136248,4.074097167537847,intensification 2
2180,19950610,1995-07-12 06:00:00,-33.19821,-77.08381,2.33147,JJA,SAt,15177.503290584817,4.21597313627356,intensification 2
2181,19950610,1995-07-12 07:00:00,-33.50458,-76.97757,2.40439,JJA,SAt,14071.586975317203,3.908774159810334,intensification 2
2182,19950610,1995-07-12 08:00:00,-33.556,-76.80424,2.46564,JJA,SAt,19317.019662934817,5.365838795259672,intensification 2
2183,19950610,1995-07-12 09:00:00,-33.58029,-76.59802,2.51446,JJA,SAt,22939.06499898217,6.371962499717269,intensification 2
2184,19950610,1995-07-12 10:00:00,-33.13611,-75.93637,2.39227,JJA,SAt,74500.13874913097,20.694482985869715,intensification 2
2185,19950610,1995-07-12 11:00:00,-33.55203,-75.84456,2.41336,JJA,SAt,15209.422832159007,4.224839675599724,intensification 2
2186,19950610,1995-07-12 12:00:00,-34.18372,-75.79683,2.43508,JJA,SAt,18005.84701687852,5.001624171355145,intensification 2
2187,19950610,1995-07-12 13:00:00,-34.86932,-75.73727,2.44992,JJA,SAt,19879.08588402616,5.5219683011183776,mature 2
2188,19950610,1995-07-12 14:00:00,-35.34647,-75.66046,2.45865,JJA,SAt,15643.255033562757,4.345348620434099,mature 2
2189,19950610,1995-07-12 15:00:00,-35.63119,-75.49406,2.47591,JJA,SAt,20113.07499704766,5.586965276957684,mature 2
2190,19950610,1995-07-12 16:00:00,-35.69391,-75.28494,2.46663,JJA,SAt,23319.563800622862,6.477656611284129,mature 2
2191,19950610,1995-07-12 17:00:00,-35.62332,-75.01144,2.42452,JJA,SAt,30478.327418662626,8.466202060739619,decay 2
2192,19950610,1995-07-12 18:00:00,-35.50195,-74.77577,2.40043,JJA,SAt,26440.306016559505,7.344529449044307,decay 2
2193,19950610,1995-07-12 19:00:00,-35.41052,-74.59415,2.37602,JJA,SAt,20372.98512825467,5.659162535626297,decay 2
2194,19950610,1995-07-12 20:00:00,-35.34894,-74.44573,2.36727,JJA,SAt,16604.456473319944,4.6123490203666515,decay 2
2195,19950610,1995-07-12 21:00:00,-35.38553,-74.32285,2.36299,JJA,SAt,13707.474163021025,3.8076317119502847,decay 2
2196,19950610,1995-07-12 22:00:00,-34.38422,-74.34009,2.13762,JJA,SAt,30130.664358502894,8.369628988473027,decay 2
2197,19950610,1995-07-12 23:00:00,-34.7114,-74.28501,2.17972,JJA,SAt,11587.79060472814,3.218830723535594,decay 2
2198,19950610,1995-07-13 00:00:00,-34.9816,-74.2365,2.22354,JJA,SAt,9773.324566279236,2.71481237952201,decay 2
2199,19950610,1995-07-13 01:00:00,-35.06223,-74.20277,2.2993,JJA,SAt,4473.473347186788,1.2426314853296632,intensification
2200,19950610,1995-07-13 02:00:00,-35.09683,-74.17507,2.34424,JJA,SAt,3253.600392299281,0.9037778867498002,intensification
2201,19950610,1995-07-13 03:00:00,-35.01843,-74.15063,2.36928,JJA,SAt,3611.852519793864,1.0032923666094067,intensification
2202,19950610,1995-07-13 04:00:00,-34.95758,-74.11014,2.34569,JJA,SAt,4867.638462383316,1.3521217951064768,intensification
2203,19950610,1995-07-13 05:00:00,-34.94229,-74.07515,2.29252,JJA,SAt,3918.5220828432116,1.0884783563453366,intensification
2204,19950610,1995-07-13 06:00:00,-34.90283,-74.02374,2.23952,JJA,SAt,5842.323693180334,1.6228676925500927,intensification
2205,19950610,1995-07-13 07:00:00,-34.93811,-73.98619,2.19469,JJA,SAt,4313.037637119295,1.1980660103109153,intensification
2206,19950610,1995-07-13 08:00:00,-35.03122,-73.94852,2.19063,JJA,SAt,5071.665202241607,1.4087958895115575,intensification
2207,19950610,1995-07-13 09:00:00,-35.15613,-73.87398,2.20491,JJA,SAt,9138.625374412333,2.5385070484478702,intensification
2208,19950610,1995-07-13 10:00:00,-33.02521,-73.57517,2.33075,JJA,SAt,74248.78988528831,20.62466385702453,intensification
2209,19950610,1995-07-13 11:00:00,-33.28247,-73.48329,2.34916,JJA,SAt,13044.524900769931,3.6234791391027588,intensification
2210,19950610,1995-07-13 12:00:00,-33.55243,-73.41323,2.34436,JJA,SAt,11568.017820059324,3.2133382833498123,intensification
2211,19950610,1995-07-13 13:00:00,-33.8013,-73.37582,2.31774,JJA,SAt,8935.714058647036,2.482142794068621,intensification
2212,19950610,1995-07-13 14:00:00,-33.88165,-73.34831,2.24703,JJA,SAt,3987.669358668789,1.1076859329635524,intensification
2213,19950610,1995-07-13 15:00:00,-33.79748,-73.31215,2.18094,JJA,SAt,4834.757032841474,1.3429880646781873,intensification
2214,19950610,1995-07-13 16:00:00,-33.56766,-73.26997,2.12008,JJA,SAt,8716.671451099251,2.4212976253053475,intensification
2215,19950610,1995-07-13 17:00:00,-33.2294,-73.19672,2.08946,JJA,SAt,13567.274980284885,3.7686874945235793,intensification
2216,19950610,1995-07-13 18:00:00,-33.01346,-73.1061,2.07634,JJA,SAt,12246.265787753926,3.401740496598313,intensification
2217,19950610,1995-07-13 19:00:00,-32.87524,-73.01748,2.09045,JJA,SAt,10823.737038985626,3.0065936219404517,intensification
2218,19950610,1995-07-13 20:00:00,-32.86691,-72.93008,2.09864,JJA,SAt,9722.23401658429,2.700620560162303,intensification
2219,19950610,1995-07-13 21:00:00,-32.94125,-72.8891,2.07342,JJA,SAt,5163.87611490588,1.4344100319183,intensification
2220,19950610,1995-07-13 22:00:00,-31.04919,-73.04425,1.96436,JJA,SAt,63994.54242769483,17.776261785470787,intensification
2221,19950610,1995-07-13 23:00:00,-31.11383,-73.10114,1.9031,JJA,SAt,6663.064105057392,1.85085114029372,intensification
2222,19950610,1995-07-14 00:00:00,-31.06946,-73.13294,1.83284,JJA,SAt,3815.2789093164233,1.0597996970323398,mature
2223,19950610,1995-07-14 01:00:00,-30.79614,-73.18982,1.79608,JJA,SAt,10840.18667156988,3.0111629643249667,mature
2224,19950610,1995-07-14 02:00:00,-30.45593,-73.23094,1.78225,JJA,SAt,11845.433855693767,3.2903982932482685,mature
2225,19950610,1995-07-14 03:00:00,-30.12033,-73.29617,1.79872,JJA,SAt,12964.933502108524,3.601370417252368,mature
2226,19950610,1995-07-14 04:00:00,-30.02805,-73.33079,1.80863,JJA,SAt,4847.679321967434,1.3465775894353982,mature
2227,19950610,1995-07-14 05:00:00,-30.07703,-73.34347,1.82138,JJA,SAt,2103.9999469154036,0.5844444296987232,mature
2228,19950610,1995-07-14 06:00:00,-30.25561,-73.33628,1.80442,JJA,SAt,5748.804723445321,1.5968902009570336,mature
2229,19950610,1995-07-14 07:00:00,-30.53024,-73.27896,1.76303,JJA,SAt,10842.550067082906,3.011819463078585,mature
2230,19950610,1995-07-14 08:00:00,-30.79425,-73.22729,1.69797,JJA,SAt,10225.627989903556,2.8404522194176547,mature
2231,19950610,1995-07-14 09:00:00,-31.11343,-73.16037,1.6207,JJA,SAt,12675.728748919675,3.5210357635887988,decay
2232,19950610,1995-07-14 10:00:00,-30.80722,-73.15413,1.51689,JJA,SAt,9889.933940047391,2.7472038722353864,decay
2233,19950610,1995-07-14 11:00:00,-30.99976,-73.04843,1.47917,JJA,SAt,13299.247776262326,3.6942354934062016,decay
2234,19950610,1995-07-14 12:00:00,-31.27432,-72.9242,1.44411,JJA,SAt,16450.45370516951,4.569570473658198,decay
2235,19950610,1995-07-14 13:00:00,-31.40649,-72.78482,1.41177,JJA,SAt,16092.553117690155,4.470153643802821,decay
2236,19950610,1995-07-14 14:00:00,-31.49072,-72.63087,1.39597,JJA,SAt,17343.38042317174,4.8176056731032615,decay
2237,19950610,1995-07-14 15:00:00,-31.39349,-72.48645,1.38673,JJA,SAt,16382.480561169317,4.550689044769255,decay
2238,19950610,1995-07-14 16:00:00,-31.30115,-72.30461,1.39277,JJA,SAt,20456.789517371664,5.6824415326032405,decay
2239,19950610,1995-07-14 17:00:00,-31.13885,-72.13229,1.38835,JJA,SAt,19937.986441132205,5.538329566981168,decay
2240,19950611,1995-07-10 11:00:00,-61.10446,-51.48708,2.9423,JJA,LA-PLATA,,,incipient
2241,19950611,1995-07-10 12:00:00,-60.5003,-51.29445,2.9524,JJA,LA-PLATA,47075.4788542951,13.07652190397086,incipient
2242,19950611,1995-07-10 13:00:00,-59.83997,-51.13516,2.99273,JJA,LA-PLATA,49286.29925867053,13.690638682964035,incipient
2243,19950611,1995-07-10 14:00:00,-59.25769,-51.2478,3.06981,JJA,LA-PLATA,42466.92490153936,11.796368028205377,intensification
2244,19950611,1995-07-10 15:00:00,-58.50794,-51.23815,3.1961,JJA,LA-PLATA,52201.08404599681,14.500301123888002,intensification
2245,19950611,1995-07-10 16:00:00,-57.67304,-51.2684,3.36216,JJA,LA-PLATA,58201.54105578152,16.16709473771709,intensification
2246,19950611,1995-07-10 17:00:00,-56.99301,-51.37973,3.48554,JJA,LA-PLATA,48847.99533851219,13.568887594031164,intensification
2247,19950611,1995-07-10 18:00:00,-56.29587,-51.44656,3.57441,JJA,LA-PLATA,48915.89384979879,13.587748291610776,intensification
2248,19950611,1995-07-10 19:00:00,-55.46829,-51.48164,3.61525,JJA,LA-PLATA,57462.90829907287,15.961918971964687,intensification
2249,19950611,1995-07-10 20:00:00,-54.61703,-51.51207,3.59453,JJA,LA-PLATA,59025.49520565162,16.395970890458784,intensification
2250,19950611,1995-07-10 21:00:00,-53.8797,-51.52983,3.54463,JJA,LA-PLATA,51052.928383562634,14.181368995434065,intensification
2251,19950611,1995-07-10 22:00:00,-54.12299,-51.6553,3.46836,JJA,LA-PLATA,21842.714189154136,6.067420608098371,intensification
2252,19950611,1995-07-10 23:00:00,-52.34082,-51.58005,3.35059,JJA,LA-PLATA,123325.12252873936,34.256978480205376,intensification
2253,19950611,1995-07-11 00:00:00,-51.17282,-51.70531,3.28391,JJA,LA-PLATA,81789.98230894636,22.71943953026288,intensification
2254,19950611,1995-07-11 01:00:00,-50.03735,-51.8814,3.23482,JJA,LA-PLATA,80507.34595941074,22.36315165539187,mature
2255,19950611,1995-07-11 02:00:00,-49.19153,-52.17043,3.17729,JJA,LA-PLATA,66194.87633691094,18.387465649141927,mature
2256,19950611,1995-07-11 03:00:00,-48.6142,-52.45882,3.21162,JJA,LA-PLATA,50679.905706244725,14.077751585067979,mature
2257,19950611,1995-07-11 04:00:00,-48.06796,-52.74139,3.33703,JJA,LA-PLATA,48458.18628118513,13.460607300329203,mature
2258,19950611,1995-07-11 05:00:00,-47.26538,-52.90748,3.3066,JJA,LA-PLATA,57000.35143415205,15.833430953931124,decay
2259,19950611,1995-07-11 06:00:00,-46.68469,-53.14214,3.2695,JJA,LA-PLATA,46788.04462381091,12.996679062169697,decay
2260,19950611,1995-07-11 07:00:00,-45.73813,-53.29857,3.31641,JJA,LA-PLATA,65374.90053400217,18.15969459277838,decay
2261,19950611,1995-07-11 08:00:00,-44.83884,-53.48507,3.21264,JJA,LA-PLATA,63134.46332207344,17.53735092279818,decay
2262,19950611,1995-07-11 09:00:00,-44.0846,-53.68983,3.07426,JJA,LA-PLATA,54742.60853140694,15.20628014761304,decay
2263,19950611,1995-07-11 10:00:00,-42.8645,-53.45686,2.87317,JJA,LA-PLATA,84620.78370090513,23.505773250251426,decay
2264,19950611,1995-07-11 11:00:00,-42.15787,-53.64646,2.8158,JJA,LA-PLATA,51220.25494416668,14.227848595601856,decay
2265,19950611,1995-07-11 12:00:00,-41.50397,-53.83529,2.6939,JJA,LA-PLATA,47855.72115022948,13.293255875063744,decay
2266,19950611,1995-07-11 13:00:00,-40.73206,-54.05642,2.59122,JJA,LA-PLATA,56182.66428139478,15.606295633720771,decay
2267,19950611,1995-07-11 14:00:00,-39.89465,-54.26497,2.49331,JJA,LA-PLATA,59247.002036550766,16.457500565708546,decay
2268,19950611,1995-07-11 15:00:00,-38.96445,-54.55739,2.36497,JJA,LA-PLATA,68414.64821573273,19.004068948814645,decay
2269,19950611,1995-07-11 16:00:00,-37.71603,-55.15186,2.36292,JJA,LA-PLATA,103704.88447467238,28.80691235407566,decay
2270,19950611,1995-07-11 17:00:00,-35.92493,-56.19454,2.33389,JJA,LA-PLATA,161407.73910795775,44.83548308554382,decay
2271,19950611,1995-07-11 18:00:00,-33.96695,-57.19822,2.36674,JJA,LA-PLATA,163530.69864727318,45.42519406868699,decay
2272,19950611,1995-07-11 19:00:00,-32.91553,-57.44063,2.45168,JJA,LA-PLATA,68640.57478164902,19.066826328235837,decay
2273,19950611,1995-07-11 20:00:00,-32.16299,-57.52132,2.49287,JJA,LA-PLATA,45869.8007183673,12.741611310657584,decay
2274,19950611,1995-07-11 21:00:00,-31.89319,-57.49381,2.44084,JJA,LA-PLATA,16403.61406546202,4.556559462628339,decay
2275,19950612,1995-07-10 14:00:00,-22.21967,-57.8648,4.9672,JJA,SAt,,,intensification
2276,19950612,1995-07-10 15:00:00,-20.68817,-57.82837,5.27456,JJA,SAt,90717.65493938465,25.199348594273513,intensification
2277,19950612,1995-07-10 16:00:00,-19.52667,-57.98223,5.5372,JJA,SAt,70721.21538021884,19.64478205006079,intensification
2278,19950612,1995-07-10 17:00:00,-18.44076,-58.20296,5.75666,JJA,SAt,68376.94063867973,18.993594621855483,intensification
2279,19950612,1995-07-10 18:00:00,-17.4816,-58.48509,5.97737,JJA,SAt,64164.87627978057,17.82357674438349,intensification
2280,19950612,1995-07-10 19:00:00,-16.56393,-58.79464,6.20621,JJA,SAt,63282.169707040564,17.578380474177933,intensification
2281,19950612,1995-07-10 20:00:00,-15.61655,-59.08697,6.46433,JJA,SAt,63327.48058539344,17.590966829275956,intensification
2282,19950612,1995-07-10 21:00:00,-14.70413,-59.34969,6.72316,JJA,SAt,59575.52581774817,16.548757171596712,intensification
2283,19950612,1995-07-10 22:00:00,-13.741,-59.45973,7.08377,JJA,SAt,55864.29870570342,15.517860751584283,intensification
2284,19950612,1995-07-10 23:00:00,-12.81244,-59.63646,7.16975,JJA,SAt,55896.9775921471,15.526938220040861,intensification
2285,19950612,1995-07-11 00:00:00,-11.91367,-59.80427,7.19628,JJA,SAt,53734.536341288214,14.926260094802283,intensification
2286,19950612,1995-07-11 01:00:00,-10.94812,-59.95786,7.15788,JJA,SAt,56516.64642315348,15.699068450875966,mature
2287,19950612,1995-07-11 02:00:00,-10.00949,-60.10785,7.06311,JJA,SAt,54735.91362734124,15.204420452039232,mature
2288,19950612,1995-07-11 03:00:00,-9.12955,-60.27127,6.929,JJA,SAt,51924.805890881806,14.423557191911613,mature
2289,19950612,1995-07-11 04:00:00,-8.28067,-60.43989,6.76341,JJA,SAt,50311.23987857921,13.975344410716447,mature
2290,19950612,1995-07-11 05:00:00,-7.5679,-60.60231,6.68792,JJA,SAt,42980.625607231945,11.93906266867554,decay
2291,19950612,1995-07-11 06:00:00,-6.96252,-60.77302,6.53709,JJA,SAt,38031.21100703215,10.564225279731152,decay
2292,19950612,1995-07-11 07:00:00,-6.49704,-60.93696,6.38875,JJA,SAt,31108.421191369052,8.641228108713626,decay
2293,19950612,1995-07-11 08:00:00,-6.03818,-61.07994,6.26501,JJA,SAt,29399.443330046663,8.166512036124074,decay
2294,19950612,1995-07-11 09:00:00,-5.63443,-61.20903,6.11056,JJA,SAt,25989.87460511249,7.219409612531248,decay
2295,19950612,1995-07-11 10:00:00,-4.84528,-61.24072,5.71546,JJA,SAt,42386.76791153745,11.774102197649292,decay
2296,19950612,1995-07-11 11:00:00,-4.32898,-61.28335,5.60513,JJA,SAt,28006.987343200708,7.779718706444641,decay
2297,19950612,1995-07-11 12:00:00,-3.78485,-61.30973,5.50066,JJA,SAt,29206.515606804198,8.112921001890054,decay
2298,19950612,1995-07-11 13:00:00,-3.31284,-61.33546,5.40706,JJA,SAt,25348.387570737028,7.041218769649174,decay
2299,19950612,1995-07-11 14:00:00,-2.9946,-61.37367,5.33252,JJA,SAt,17487.925379925884,4.857757049979412,decay
2300,19950612,1995-07-11 15:00:00,-2.87585,-61.4035,5.23742,JJA,SAt,7140.338586791318,1.9834273852198108,decay
2301,19950612,1995-07-11 16:00:00,-2.88013,-61.3851,5.17988,JJA,SAt,2058.6385177299335,0.5718440327027593,decay
2302,19950612,1995-07-11 17:00:00,-3.091,-61.31066,5.1096,JJA,SAt,13961.314999750324,3.878143055486201,decay
2303,19950612,1995-07-11 18:00:00,-3.16495,-61.20797,5.0728,JJA,SAt,12083.813200456301,3.3566147779045283,decay
2304,19950612,1995-07-11 19:00:00,-3.0582,-61.10264,5.04912,JJA,SAt,13037.198854470294,3.6214441262417485,decay
2305,19950612,1995-07-11 20:00:00,-2.6871,-61.03315,5.05464,JJA,SAt,21405.868990394676,5.946074719554077,decay
2306,19950612,1995-07-11 21:00:00,-2.11087,-61.00331,5.11293,JJA,SAt,31222.536049872942,8.672926680520261,decay
2307,19950612,1995-07-11 22:00:00,-0.3721,-60.60916,4.16634,JJA,SAt,103988.12919048552,28.885591441801534,decay
2308,19950612,1995-07-11 23:00:00,0.52751,-60.53037,4.24743,JJA,SAt,49926.448687771015,13.868457968825282,decay
2309,19950612,1995-07-12 00:00:00,1.3363,-60.49486,4.36248,JJA,SAt,44443.588586747115,12.345441274096421,decay
2310,19950612,1995-07-12 01:00:00,2.12223,-60.45522,4.47507,JJA,SAt,43291.50147732001,12.025417077033335,decay
2311,19950612,1995-07-12 02:00:00,2.88098,-60.42248,4.53672,JJA,SAt,41782.43021819868,11.6062306161663,intensification 2
2312,19950612,1995-07-12 03:00:00,3.73908,-60.40939,4.5541,JJA,SAt,47129.277017436354,13.091465838176765,intensification 2
2313,19950612,1995-07-12 04:00:00,4.5127,-60.3932,4.56576,JJA,SAt,42526.41863465508,11.812894065181966,intensification 2
2314,19950612,1995-07-12 05:00:00,5.23961,-60.33896,4.60541,JJA,SAt,40418.63857052567,11.227399602923796,intensification 2
2315,19950612,1995-07-12 06:00:00,6.09456,-60.31337,4.65231,JJA,SAt,47149.2837212626,13.097023255906278,intensification 2
2316,19950612,1995-07-12 07:00:00,6.81873,-60.21578,4.7581,JJA,SAt,41387.30801841925,11.496474449560903,intensification 2
2317,19950612,1995-07-12 08:00:00,7.40084,-60.10771,4.88873,JJA,SAt,34374.262128711634,9.548406146864343,intensification 2
2318,19950612,1995-07-12 09:00:00,8.14143,-60.08132,4.91502,JJA,SAt,41161.79626984268,11.433832297178522,intensification 2
2319,19950612,1995-07-12 10:00:00,8.4888,-60.2314,5.21913,JJA,SAt,25455.05757485983,7.070849326349953,intensification 2
2320,19950612,1995-07-12 11:00:00,9.32936,-60.21119,5.31133,JJA,SAt,46474.13824701454,12.909482846392928,intensification 2
2321,19950612,1995-07-12 12:00:00,10.08706,-60.13428,5.39063,JJA,SAt,42769.56385610812,11.880434404474478,intensification 2
2322,19950612,1995-07-12 13:00:00,10.81588,-60.04935,5.45992,JJA,SAt,41496.732106572825,11.526870029603563,mature 2
2323,19950612,1995-07-12 14:00:00,11.53729,-59.95348,5.46807,JJA,SAt,41499.22542179355,11.527562617164875,mature 2
2324,19950612,1995-07-12 15:00:00,12.21699,-59.80216,5.41697,JJA,SAt,41493.54549727119,11.525984860353107,mature 2
2325,19950612,1995-07-12 16:00:00,12.93613,-59.62414,5.34619,JJA,SAt,44924.47957907681,12.479022105299114,mature 2
2326,19950612,1995-07-12 17:00:00,13.74236,-59.4119,5.2925,JJA,SAt,51234.48833255729,14.231802314599246,decay 2
2327,19950612,1995-07-12 18:00:00,14.57408,-59.24489,5.19666,JJA,SAt,50700.25820052977,14.083405055702714,decay 2
2328,19950612,1995-07-12 19:00:00,15.39828,-59.05387,5.10175,JJA,SAt,51573.27099669114,14.325908610191984,decay 2
2329,19950612,1995-07-12 20:00:00,16.30678,-58.83508,5.05454,JJA,SAt,57511.78472282518,15.975495756340328,decay 2
2330,19950612,1995-07-12 21:00:00,17.25085,-58.66828,4.94987,JJA,SAt,57527.38744836592,15.97982984676831,decay 2
2331,19950612,1995-07-12 22:00:00,18.20478,-59.06178,4.73612,JJA,SAt,70159.61852166448,19.488782922684578,decay 2
2332,19950612,1995-07-12 23:00:00,19.12465,-58.82928,4.66288,JJA,SAt,58756.54391030091,16.32126219730581,decay 2
2333,19950612,1995-07-13 00:00:00,20.03225,-58.63063,4.5396,JJA,SAt,56851.15135160097,15.791986486555826,decay 2
2334,19950612,1995-07-13 01:00:00,20.99288,-58.40692,4.4014,JJA,SAt,61076.48710657073,16.965690862936313,intensification
2335,19950612,1995-07-13 02:00:00,22.06569,-58.11077,4.24459,JJA,SAt,70870.9867753531,19.68638521537586,intensification
2336,19950612,1995-07-13 03:00:00,23.17162,-57.84983,4.0698,JJA,SAt,71365.56666859775,19.82376851905493,intensification
2337,19950612,1995-07-13 04:00:00,24.35226,-57.53251,3.92,JJA,SAt,78538.22018330274,21.81617227313965,intensification
2338,19950612,1995-07-13 05:00:00,25.47447,-57.23607,3.77839,JJA,SAt,74900.6916744815,20.80574768735597,intensification
2339,19950612,1995-07-13 06:00:00,26.52815,-56.89764,3.67402,JJA,SAt,73981.96981613153,20.55054717114765,intensification
2340,19950612,1995-07-13 07:00:00,27.53997,-56.56914,3.55885,JJA,SAt,71714.05279594383,19.92057022109551,intensification
2341,19950612,1995-07-13 08:00:00,28.62133,-56.20405,3.48278,JJA,SAt,77965.69259469105,21.657136831858626,intensification
2342,19950612,1995-07-13 09:00:00,29.88421,-55.6828,3.39117,JJA,SAt,97689.26887003945,27.135908019455403,intensification
2343,19950613,1995-07-10 21:00:00,-77.17545,-53.2532,3.47197,JJA,SAt,,,intensification
2344,19950613,1995-07-10 22:00:00,-79.36414,-52.64036,3.7285,JJA,SAt,161695.8904607516,44.915525127986555,intensification
2345,19950613,1995-07-10 23:00:00,-79.72104,-52.28222,3.6531,JJA,SAt,46589.45264336885,12.941514623158014,intensification
2346,19950613,1995-07-11 00:00:00,-80.15381,-51.8936,3.59345,JJA,SAt,52360.38704200466,14.544551956112405,intensification
2347,19950613,1995-07-11 01:00:00,-80.60196,-51.50152,3.5541,JJA,SAt,53429.246389173146,14.841457330325873,mature
2348,19950613,1995-07-11 02:00:00,-80.8367,-51.19495,3.52704,JJA,SAt,37786.842445806826,10.49634512383523,mature
2349,19950613,1995-07-11 03:00:00,-80.93097,-50.93532,3.51269,JJA,SAt,29611.60811048616,8.225446697357267,mature
2350,19950613,1995-07-11 04:00:00,-80.99783,-50.63634,3.48306,JJA,SAt,33575.7225019329,9.32658958387025,mature
2351,19950613,1995-07-11 05:00:00,-80.96683,-50.35309,3.49876,JJA,SAt,31572.249971811263,8.77006943661424,decay
2352,19950613,1995-07-11 06:00:00,-80.86581,-50.05452,3.51527,JJA,SAt,33969.096205305046,9.43586005702918,decay
2353,19950613,1995-07-11 07:00:00,-80.78479,-49.77253,3.56047,JJA,SAt,31888.042983786643,8.857789717718513,decay
2354,19950613,1995-07-11 08:00:00,-80.66873,-49.48362,3.62717,JJA,SAt,33195.14612783053,9.220873924397369,decay
2355,19950613,1995-07-11 09:00:00,-80.55139,-49.17575,3.67645,JJA,SAt,35273.85991452892,9.798294420702478,decay
2356,19950613,1995-07-11 10:00:00,-80.44293,-49.0675,3.46061,JJA,SAt,14393.873022604139,3.998298061834483,decay
2357,19950613,1995-07-11 11:00:00,-80.13303,-48.71251,3.45127,JJA,SAt,45513.42102854805,12.642616952374459,decay
2358,19950613,1995-07-11 12:00:00,-79.83679,-48.379,3.45645,JJA,SAt,43021.19669213855,11.95033241448293,decay
2359,19950613,1995-07-11 13:00:00,-79.52151,-48.07191,3.41916,JJA,SAt,41370.021493303866,11.491672637028852,decay
2360,19950613,1995-07-11 14:00:00,-79.20438,-47.78646,3.36639,JJA,SAt,39569.55884328692,10.991544123135256,decay
2361,19950613,1995-07-11 15:00:00,-78.86032,-47.53477,3.34769,JJA,SAt,38042.19044486831,10.56727512357453,decay
2362,19950613,1995-07-11 16:00:00,-78.60355,-47.32441,3.31913,JJA,SAt,30334.899399149068,8.426360944208074,decay
2363,19950613,1995-07-11 17:00:00,-78.36453,-47.1638,3.29881,JJA,SAt,25386.93781312811,7.0519271703133635,decay
2364,19950613,1995-07-11 18:00:00,-78.14542,-46.97778,3.29397,JJA,SAt,26518.172275764573,7.366158965490159,decay
2365,19950613,1995-07-11 19:00:00,-77.86804,-46.80924,3.28589,JJA,SAt,28203.808699765053,7.834391305490293,decay
2366,19950613,1995-07-11 20:00:00,-77.52567,-46.6458,3.21694,JJA,SAt,31800.41893658319,8.833449704606442,decay
2367,19950613,1995-07-11 21:00:00,-77.13559,-46.50488,3.15794,JJA,SAt,33682.708501637804,9.356307917121612,decay
2368,19950613,1995-07-11 22:00:00,-76.82718,-46.21608,3.0605,JJA,SAt,39891.86979372949,11.081074942702637,decay
2369,19950613,1995-07-11 23:00:00,-76.35989,-46.13364,2.97987,JJA,SAt,37129.78388936806,10.313828858157795,decay
2370,19950613,1995-07-12 00:00:00,-75.86291,-46.06675,2.89441,JJA,SAt,39033.57080266,10.842658556294444,decay
2371,19950613,1995-07-12 01:00:00,-75.38278,-46.01278,2.72954,JJA,SAt,37542.51471263607,10.428476309065575,decay
2372,19950613,1995-07-12 02:00:00,-74.9819,-45.99697,2.53701,JJA,SAt,31012.118373892372,8.614477326081214,intensification 2
2373,19950613,1995-07-12 03:00:00,-74.66605,-46.02073,2.32136,JJA,SAt,24535.813131004506,6.815503647501251,intensification 2
2374,19950613,1995-07-12 04:00:00,-74.42627,-46.11685,2.11745,JJA,SAt,21363.924778462835,5.93442354957301,intensification 2
2375,19950613,1995-07-12 05:00:00,-74.30255,-46.37542,1.96255,JJA,SAt,30284.876294157628,8.412465637266008,intensification 2
2376,19950613,1995-07-12 06:00:00,-74.29141,-46.67881,1.82837,JJA,SAt,33746.239667483096,9.373955463189748,intensification 2
2377,19950614,1995-07-10 22:00:00,-63.86014,-53.88026,3.67774,JJA,SAt,,,intensification
2378,19950614,1995-07-10 23:00:00,-64.16287,-53.88205,3.72837,JJA,SAt,19843.507389547693,5.51208538598547,intensification
2379,19950614,1995-07-11 00:00:00,-63.81668,-53.83363,3.69322,JJA,SAt,23333.415863605067,6.481504406556963,intensification
2380,19950614,1995-07-11 01:00:00,-63.40802,-53.79998,3.66375,JJA,SAt,27086.58935096003,7.524052597488897,mature
2381,19950614,1995-07-11 02:00:00,-62.98721,-53.7472,3.60051,JJA,SAt,28268.90276948033,7.852472991522314,mature
2382,19950614,1995-07-11 03:00:00,-62.43735,-53.72677,3.59916,JJA,SAt,36236.08150663257,10.065578196286824,mature
2383,19950614,1995-07-11 04:00:00,-61.77289,-53.71452,3.60892,JJA,SAt,43740.303809330515,12.150084391480698,mature
2384,19950614,1995-07-11 05:00:00,-61.2933,-53.66949,3.59818,JJA,SAt,31971.36272777883,8.880934091049674,decay
2385,19950614,1995-07-11 06:00:00,-60.73383,-53.65695,3.61436,JJA,SAt,36887.77078991786,10.246602997199405,decay
2386,19950614,1995-07-11 07:00:00,-60.301,-53.67224,3.64662,JJA,SAt,28567.302581237735,7.935361828121593,decay
2387,19950614,1995-07-11 08:00:00,-60.02463,-53.65805,3.67763,JJA,SAt,18276.437707418165,5.076788252060601,decay
2388,19950614,1995-07-11 09:00:00,-59.68817,-53.62208,3.69506,JJA,SAt,22538.05469022613,6.260570747285036,decay
2389,19950614,1995-07-11 10:00:00,-59.59988,-53.58758,3.56098,JJA,SAt,6974.904266142884,1.9374734072619122,decay
2390,19950614,1995-07-11 11:00:00,-59.33109,-53.47514,3.56166,JJA,SAt,21723.56049707848,6.034322360299578,decay
2391,19950614,1995-07-11 12:00:00,-58.98056,-53.39741,3.62972,JJA,SAt,24775.839529027144,6.882177646951984,decay
2392,19950614,1995-07-11 13:00:00,-58.79364,-53.27055,3.76415,JJA,SAt,18789.09490321126,5.219193028669794,decay
2393,19950614,1995-07-11 14:00:00,-58.56332,-53.286,3.82247,JJA,SAt,15409.294149061114,4.280359485850309,decay
2394,19950614,1995-07-11 15:00:00,-58.31934,-53.23561,3.78884,JJA,SAt,17168.138247805673,4.768927291057131,decay
2395,19950614,1995-07-11 16:00:00,-58.14661,-53.19505,3.78682,JJA,SAt,12353.845738371749,3.431623816214375,decay
2396,19950614,1995-07-11 17:00:00,-57.87967,-53.22365,3.78484,JJA,SAt,18058.79937319718,5.016333159221439,decay
2397,19950614,1995-07-11 18:00:00,-57.54001,-53.27069,3.8103,JJA,SAt,23196.722896266987,6.443534137851941,decay
2398,19950614,1995-07-11 19:00:00,-57.13672,-53.27211,3.87302,JJA,SAt,26818.194829289652,7.44949856369157,decay
2399,19950614,1995-07-11 20:00:00,-56.74728,-53.19803,3.93332,JJA,SAt,27196.22027596392,7.5545056322122,decay
2400,19950614,1995-07-11 21:00:00,-56.38931,-53.09034,4.05039,JJA,SAt,26709.519170403913,7.419310880667754,decay
2401,19950614,1995-07-11 22:00:00,-56.43695,-53.03663,4.18618,JJA,SAt,6767.7011784591305,1.879916994016425,decay
2402,19950614,1995-07-11 23:00:00,-56.0813,-52.95821,4.21372,JJA,SAt,25348.14638677758,7.041151774104883,decay
2403,19950614,1995-07-12 00:00:00,-55.7301,-52.84504,4.24171,JJA,SAt,26706.01832858442,7.418338424606784,decay
2404,19950614,1995-07-12 01:00:00,-55.39084,-52.72253,4.26337,JJA,SAt,26573.669273836123,7.381574798287812,decay
2405,19950614,1995-07-12 02:00:00,-54.93451,-52.56564,4.2428,JJA,SAt,35387.14611530092,9.829762809805812,intensification 2
2406,19950614,1995-07-12 03:00:00,-54.41992,-52.42838,4.25758,JJA,SAt,38032.35600265207,10.56454333407002,intensification 2
2407,19950614,1995-07-12 04:00:00,-53.89517,-52.31501,4.22924,JJA,SAt,37789.12589559261,10.496979415442391,intensification 2
2408,19950614,1995-07-12 05:00:00,-53.41229,-52.224,4.15956,JJA,SAt,34380.89240400742,9.55024789000206,intensification 2
2409,19950614,1995-07-12 06:00:00,-52.8782,-52.13534,4.05201,JJA,SAt,37726.84362255688,10.479678784043578,intensification 2
2410,19950614,1995-07-12 07:00:00,-52.29901,-52.06288,3.93953,JJA,SAt,40374.64586532585,11.21517940703496,intensification 2
2411,19950614,1995-07-12 08:00:00,-51.71051,-52.04989,3.85651,JJA,SAt,40262.885663765315,11.184134906601477,intensification 2
2412,19950614,1995-07-12 09:00:00,-51.19327,-52.02155,3.74182,JJA,SAt,35521.20950639712,9.867002640665866,intensification 2
2413,19950614,1995-07-12 10:00:00,-51.26413,-52.1323,3.69511,JJA,SAt,13232.788645164997,3.6757746236569435,intensification 2
2414,19950614,1995-07-12 11:00:00,-50.83044,-52.03841,3.61646,JJA,SAt,31418.382388096717,8.727328441137978,intensification 2
2415,19950614,1995-07-12 12:00:00,-50.3389,-51.91846,3.51855,JJA,SAt,36212.044686641195,10.058901301844775,intensification 2
2416,19950614,1995-07-12 13:00:00,-49.81439,-51.85272,3.42058,JJA,SAt,36733.48343733404,10.203745399259455,mature 2
2417,19950614,1995-07-12 14:00:00,-49.29645,-51.77038,3.32807,JJA,SAt,36764.71281165132,10.2124202254587,mature 2
2418,19950614,1995-07-12 15:00:00,-48.88852,-51.75901,3.17203,JJA,SAt,28101.26514330328,7.805906984250911,mature 2
2419,19950614,1995-07-12 16:00:00,-48.70642,-51.83327,2.97754,JJA,SAt,15000.296170508933,4.166748936252481,mature 2
2420,19950614,1995-07-12 17:00:00,-48.57242,-51.90681,2.77689,JJA,SAt,12308.894032451388,3.4191372312364967,decay 2
2421,19950614,1995-07-12 18:00:00,-48.40286,-51.92922,2.54096,JJA,SAt,11893.057150649307,3.303626986291474,decay 2
2422,19950614,1995-07-12 19:00:00,-48.18237,-51.97977,2.3459,JJA,SAt,16121.390970504628,4.478164158473508,decay 2
2423,19950614,1995-07-12 20:00:00,-48.08881,-52.03297,2.23028,JJA,SAt,8718.149979600748,2.4217083276668747,decay 2
2424,19950614,1995-07-12 21:00:00,-47.88971,-52.13038,2.15576,JJA,SAt,17390.314778457603,4.830642994016001,decay 2
2425,19950614,1995-07-12 22:00:00,-46.2359,-52.18098,2.12923,JJA,SAt,112960.9863237398,31.378051756594388,decay 2
2426,19950614,1995-07-12 23:00:00,-45.79358,-52.36673,1.90347,JJA,SAt,36500.79866907812,10.139110741410589,decay 2
2427,19950614,1995-07-13 00:00:00,-45.5491,-52.52547,1.69017,JJA,SAt,24209.642517476816,6.724900699299115,decay 2
2428,19950615,1995-07-11 18:00:00,13.3714,-57.63007,3.61488,JJA,SAt,,,decay
2429,19950615,1995-07-11 19:00:00,14.93324,-57.26444,3.65645,JJA,SAt,101905.10152162646,28.30697264489624,decay
2430,19950615,1995-07-11 20:00:00,16.26274,-57.05445,3.70529,JJA,SAt,83500.31741010697,23.194532613918604,decay
2431,19950615,1995-07-11 21:00:00,17.54026,-56.90565,3.77301,JJA,SAt,79156.86233407208,21.988017315020024,decay
2432,19950615,1995-07-11 22:00:00,20.01164,-56.96461,3.8206,JJA,SAt,150065.6010334076,41.68488917594656,decay
2433,19950615,1995-07-11 23:00:00,21.35513,-56.73489,3.77882,JJA,SAt,85590.3979079032,23.775110529973112,decay
2434,19950615,1995-07-12 00:00:00,22.61133,-56.52387,3.83572,JJA,SAt,80334.867824385,22.315241062329168,decay
2435,19950615,1995-07-12 01:00:00,23.8167,-56.2463,3.87737,JJA,SAt,80362.59510901199,22.322943085836666,decay
2436,19950615,1995-07-12 02:00:00,24.95826,-55.93284,3.88311,JJA,SAt,78928.62647028844,21.92461846396901,intensification 2
2437,19950615,1995-07-12 03:00:00,26.24479,-55.51147,3.86385,JJA,SAt,93201.0674960308,25.88918541556411,intensification 2
2438,19950615,1995-07-12 04:00:00,27.55084,-55.11184,3.72475,JJA,SAt,93836.42093518053,26.065672481994593,intensification 2
2439,19950615,1995-07-12 05:00:00,28.90039,-54.70308,3.62842,JJA,SAt,97509.80572113013,27.08605714475837,intensification 2
2440,19950615,1995-07-12 06:00:00,30.33288,-54.29543,3.46448,JJA,SAt,103006.27329558037,28.612853693216767,intensification 2
2441,19950615,1995-07-12 07:00:00,31.80847,-53.92005,3.38322,JJA,SAt,104856.12723272295,29.12670200908971,intensification 2
2442,19950615,1995-07-12 08:00:00,33.04506,-53.60405,3.27046,JJA,SAt,88551.4700194469,24.597630560957473,intensification 2
2443,19950615,1995-07-12 09:00:00,34.25243,-53.26925,3.17557,JJA,SAt,88214.98628920485,24.50416285811246,intensification 2
2444,19950615,1995-07-12 10:00:00,35.64927,-53.33866,4.81503,JJA,SAt,93134.41598983653,25.870671108287926,intensification 2
2445,19950615,1995-07-12 11:00:00,36.84755,-53.11035,4.72129,JJA,SAt,83711.0677055719,23.25307436265886,intensification 2
2446,19950615,1995-07-12 12:00:00,38.00768,-52.85902,4.51494,JJA,SAt,82536.23199394434,22.926731109428985,intensification 2
2447,19950615,1995-07-12 13:00:00,39.18636,-52.53538,4.27322,JJA,SAt,87198.85945114448,24.22190540309569,mature 2
2448,19950615,1995-07-12 14:00:00,40.4475,-52.20192,4.16648,JJA,SAt,93305.13579910828,25.918093277530076,mature 2
2449,19950615,1995-07-12 15:00:00,41.7643,-51.887,4.09794,JJA,SAt,96623.40798036859,26.839835550102386,mature 2
2450,19950615,1995-07-12 16:00:00,43.07581,-51.55283,4.01143,JJA,SAt,97685.92031518249,27.13497786532847,mature 2
2451,19950615,1995-07-12 17:00:00,44.39846,-51.23009,3.89029,JJA,SAt,98537.87769160462,27.371632692112396,decay 2
2452,19950615,1995-07-12 18:00:00,45.83875,-50.88302,3.84601,JJA,SAt,107806.65755549002,29.946293765413895,decay 2
2453,19950615,1995-07-12 19:00:00,47.27346,-50.54487,3.80347,JJA,SAt,107783.7497632551,29.93993048979308,decay 2
2454,19950615,1995-07-12 20:00:00,48.78349,-50.17754,3.62641,JJA,SAt,114636.78783039865,31.843552175110737,decay 2
2455,19950615,1995-07-12 21:00:00,50.16121,-49.92833,3.46585,JJA,SAt,102190.91661160233,28.386365725445092,decay 2
2456,19950615,1995-07-12 22:00:00,51.09322,-49.8411,2.77684,JJA,SAt,67475.18186935416,18.7431060748206,decay 2
2457,19950616,1995-07-12 04:00:00,-76.41775,-53.09529,1.75651,JJA,SAt,,,intensification 2
2458,19950616,1995-07-12 05:00:00,-76.29102,-52.56459,1.8311,JJA,SAt,59622.22943293742,16.561730398038172,intensification 2
2459,19950616,1995-07-12 06:00:00,-76.21094,-52.22034,1.86353,JJA,SAt,38662.67216361123,10.739631156558675,intensification 2
2460,19950616,1995-07-12 07:00:00,-76.15906,-51.81508,1.8796,JJA,SAt,45202.549693041314,12.556263803622587,intensification 2
2461,19950616,1995-07-12 08:00:00,-76.15613,-51.40282,1.89642,JJA,SAt,45841.731720133685,12.7338143667038,intensification 2
2462,19950616,1995-07-12 09:00:00,-76.24725,-51.12384,1.92313,JJA,SAt,31662.458248922903,8.795127291367473,intensification 2
2463,19950616,1995-07-12 10:00:00,-76.62363,-51.13967,2.12225,JJA,SAt,26322.098275043685,7.311693965289913,intensification 2
2464,19950616,1995-07-12 11:00:00,-76.75909,-50.72151,2.04106,JJA,SAt,47456.536296663544,13.182371193517652,intensification 2
2465,19950616,1995-07-12 12:00:00,-76.86002,-50.35606,1.99893,JJA,SAt,41257.48463731689,11.460412399254691,intensification 2
2466,19950616,1995-07-12 13:00:00,-76.87042,-50.03379,1.98405,JJA,SAt,35842.48592795068,9.95624609109741,mature 2
2467,19950616,1995-07-12 14:00:00,-76.81079,-49.74819,1.97344,JJA,SAt,32043.319646186425,8.900922123940674,mature 2
2468,19950616,1995-07-12 15:00:00,-76.57675,-49.55244,1.98864,JJA,SAt,27525.913498470647,7.6460870829085135,mature 2
2469,19950616,1995-07-12 16:00:00,-76.3013,-49.4755,1.97225,JJA,SAt,21648.29518957555,6.0134153304376525,mature 2
2470,19950616,1995-07-12 17:00:00,-76.0734,-49.3792,1.98596,JJA,SAt,19655.26283756404,5.4597952326566785,decay 2
2471,19950616,1995-07-12 18:00:00,-75.84296,-49.19729,2.01265,JJA,SAt,26238.940908174616,7.288594696715172,decay 2
2472,19950616,1995-07-12 19:00:00,-75.65726,-49.0156,2.01758,JJA,SAt,24308.361664772565,6.752322684659045,decay 2
2473,19950616,1995-07-12 20:00:00,-75.55325,-48.73165,2.0105,JJA,SAt,32477.23404566922,9.021453901574784,decay 2
2474,19950616,1995-07-12 21:00:00,-75.48804,-48.38505,1.98861,JJA,SAt,38837.8643591473,10.788295655318695,decay 2
2475,19950616,1995-07-12 22:00:00,-75.62091,-47.80056,1.93961,JJA,SAt,65737.30003612096,18.26036112114471,decay 2
2476,19950616,1995-07-12 23:00:00,-75.60498,-47.45193,1.89713,JJA,SAt,38784.319552645204,10.773422097957,decay 2
2477,19950616,1995-07-13 00:00:00,-75.57169,-47.16494,1.81057,JJA,SAt,32010.429552238107,8.891785986732808,decay 2
2478,19950616,1995-07-13 01:00:00,-75.43909,-46.93695,1.7316,JJA,SAt,27269.31502920599,7.574809730334997,intensification
2479,19950616,1995-07-13 02:00:00,-75.29114,-46.73635,1.63857,JJA,SAt,24983.9594674862,6.9399887409683885,intensification
2480,19950616,1995-07-13 03:00:00,-75.27387,-46.52317,1.52737,JJA,SAt,23741.220378266975,6.594783438407493,intensification
2481,19950616,1995-07-13 04:00:00,-75.27087,-46.26766,1.42731,JJA,SAt,28412.387319259284,7.892329810905356,intensification
2482,19950616,1995-07-13 05:00:00,-75.37308,-45.93549,1.39149,JJA,SAt,37766.97880295412,10.490827445265035,intensification
2483,19950616,1995-07-13 06:00:00,-75.45847,-45.61054,1.38812,JJA,SAt,36734.760797116694,10.204100221421305,intensification
2484,19950616,1995-07-13 07:00:00,-75.52918,-45.31789,1.40014,JJA,SAt,33005.17428977628,9.168103969382301,intensification
2485,19950616,1995-07-13 08:00:00,-75.57806,-45.08333,1.40925,JJA,SAt,26361.596284123112,7.322665634478642,intensification
2486,19950616,1995-07-13 09:00:00,-75.6189,-44.80477,1.41991,JJA,SAt,31140.827618782125,8.650229894106145,intensification
2487,19950617,1995-07-12 10:00:00,159.67229,-34.11986,2.01066,JJA,SAt,,,intensification 2
2488,19950617,1995-07-12 11:00:00,159.8974,-33.86838,2.17294,JJA,SAt,34822.99563574168,9.673054343261578,intensification 2
2489,19950617,1995-07-12 12:00:00,160.42714,-33.71186,2.35298,JJA,SAt,51956.027086066446,14.432229746129568,intensification 2
2490,19950617,1995-07-12 13:00:00,161.00552,-33.6194,2.47749,JJA,SAt,54505.21118489114,15.140336440247538,mature 2
2491,19950617,1995-07-12 14:00:00,161.98608,-33.72815,2.56796,JJA,SAt,91540.35905512511,25.42787751531253,mature 2
2492,19950617,1995-07-12 15:00:00,162.95892,-33.76234,2.66947,JJA,SAt,90029.20338952988,25.00811205264719,mature 2
2493,19950617,1995-07-12 16:00:00,163.86592,-34.01694,2.84461,JJA,SAt,88376.84720217437,24.54912422282621,mature 2
2494,19950617,1995-07-12 17:00:00,164.69928,-34.11978,2.96148,JJA,SAt,77608.19388446306,21.557831634573073,decay 2
2495,19950617,1995-07-12 18:00:00,165.53195,-34.19961,3.11001,JJA,SAt,77127.28971640523,21.424247143445896,decay 2
2496,19950617,1995-07-12 19:00:00,166.2704,-34.23147,3.23022,JJA,SAt,67992.93258935817,18.88692571926616,decay 2
2497,19950617,1995-07-12 20:00:00,166.94618,-34.30644,3.35148,JJA,SAt,62655.70154134761,17.404361539263224,decay 2
2498,19950617,1995-07-12 21:00:00,167.63602,-34.42702,3.49367,JJA,SAt,64720.88752401673,17.97802431222687,decay 2
2499,19950617,1995-07-12 22:00:00,168.32079,-34.4836,3.43398,JJA,SAt,63099.41298723461,17.52761471867628,decay 2
2500,19950617,1995-07-12 23:00:00,168.93555,-34.6707,3.55857,JJA,SAt,60005.552361945505,16.668208989429306,decay 2
2501,19950617,1995-07-13 00:00:00,169.49576,-34.92125,3.57964,JJA,SAt,58248.53500859111,16.180148613497533,decay 2
2502,19950617,1995-07-13 01:00:00,170.05572,-35.13438,3.6139,JJA,SAt,56225.45946813163,15.61818318559212,intensification
2503,19950617,1995-07-13 02:00:00,170.56834,-35.34542,3.69353,JJA,SAt,52134.850234771504,14.481902842992085,intensification
2504,19950617,1995-07-13 03:00:00,171.13782,-35.62204,3.72884,JJA,SAt,60040.18338977724,16.677828719382568,intensification
2505,19950617,1995-07-13 04:00:00,171.6689,-35.81755,3.74394,JJA,SAt,52642.91153653168,14.623030982369912,intensification
2506,19950617,1995-07-13 05:00:00,172.13118,-36.09518,3.76439,JJA,SAt,51810.52476259463,14.391812434054064,intensification
2507,19950617,1995-07-13 06:00:00,172.76047,-36.26358,3.81347,JJA,SAt,59504.029746637985,16.528897151843886,intensification
2508,19950617,1995-07-13 07:00:00,173.29536,-36.52466,3.7586,JJA,SAt,55990.37071716892,15.552880754769143,intensification
2509,19950617,1995-07-13 08:00:00,173.80331,-36.82569,3.73363,JJA,SAt,56325.228518343734,15.645896810651037,intensification
2510,19950617,1995-07-13 09:00:00,174.35019,-37.14853,3.69673,JJA,SAt,60399.07900536082,16.77752194593356,intensification
2511,19950617,1995-07-13 10:00:00,175.91568,-37.76972,3.58932,JJA,SAt,154477.91596285495,42.910532211904155,intensification
2512,19950617,1995-07-13 11:00:00,176.48198,-38.27161,3.56579,JJA,SAt,74667.85971617012,20.74107214338059,intensification
2513,19950617,1995-07-13 12:00:00,176.75598,-38.93416,3.48867,JJA,SAt,77424.18594629652,21.5067183184157,intensification
2514,19950617,1995-07-13 13:00:00,177.14214,-39.39722,3.39352,JJA,SAt,61315.042945401394,17.031956373722608,intensification
2515,19950617,1995-07-13 14:00:00,177.69961,-39.73344,3.33212,JJA,SAt,60673.12525430994,16.853645903974982,intensification
2516,19950617,1995-07-13 15:00:00,178.3985,-39.95578,3.30877,JJA,SAt,64585.972021846675,17.9405477838463,intensification
2517,19950617,1995-07-13 16:00:00,179.09871,-40.18932,3.35175,JJA,SAt,64993.79112933552,18.053830869259865,intensification
2518,19950617,1995-07-13 17:00:00,179.8765,-40.3674,3.39869,JJA,SAt,68888.56210129203,19.13571169480334,intensification
2519,19950617,1995-07-13 18:00:00,-179.36102,-40.58081,3.46641,JJA,SAt,68721.93314188842,19.089425872746784,intensification
2520,19950617,1995-07-13 19:00:00,-178.80215,-40.93592,3.52247,JJA,SAt,61440.33702973795,17.06676028603832,intensification
2521,19950617,1995-07-13 20:00:00,-178.26176,-41.33669,3.59197,JJA,SAt,63513.43051239511,17.64261958677642,intensification
2522,19950617,1995-07-13 21:00:00,-177.74245,-41.79134,3.63269,JJA,SAt,66501.6213086001,18.472672585722247,intensification
2523,19950617,1995-07-13 22:00:00,-177.52161,-42.57151,3.82767,JJA,SAt,88638.89039310416,24.621913998084487,intensification
2524,19950617,1995-07-13 23:00:00,-177.0569,-43.02807,3.80141,JJA,SAt,63362.366521786455,17.600657367162903,intensification
2525,19950617,1995-07-14 00:00:00,-176.66322,-43.53015,3.80397,JJA,SAt,64284.45392304863,17.8567927564024,mature
2526,19950617,1995-07-14 01:00:00,-176.23247,-44.11503,3.78861,JJA,SAt,73646.565644718,20.457379345754998,mature
2527,19950617,1995-07-14 02:00:00,-175.80894,-44.73321,3.78954,JJA,SAt,76525.68920141098,21.25713588928083,mature
2528,19950617,1995-07-14 03:00:00,-175.54207,-45.35547,3.88043,JJA,SAt,72299.10477929424,20.083084660915066,mature
2529,19950617,1995-07-14 04:00:00,-175.19572,-45.85567,3.95155,JJA,SAt,61801.84362703973,17.167178785288815,mature
2530,19950617,1995-07-14 05:00:00,-174.9413,-46.26436,4.03939,JJA,SAt,49502.97563253543,13.750826564593176,mature
2531,19950617,1995-07-14 06:00:00,-174.68507,-46.61855,4.09398,JJA,SAt,44006.56609882168,12.224046138561578,mature
2532,19950617,1995-07-14 07:00:00,-174.4745,-46.99044,4.09297,JJA,SAt,44349.44120312494,12.31928922309026,mature
2533,19950617,1995-07-14 08:00:00,-174.28682,-47.41242,4.05819,JJA,SAt,49017.5663228275,13.61599064522986,mature
2534,19950617,1995-07-14 09:00:00,-174.20859,-47.85804,4.00868,JJA,SAt,49896.24693696297,13.860068593600825,decay
2535,19950617,1995-07-14 10:00:00,-174.08923,-48.70937,3.83878,JJA,SAt,95074.7812124219,26.409661447894972,decay
2536,19950617,1995-07-14 11:00:00,-174.11716,-49.09159,3.70819,JJA,SAt,42549.99032290024,11.819441756361178,decay
2537,19950617,1995-07-14 12:00:00,-174.33823,-49.50169,3.60887,JJA,SAt,48336.787011651264,13.42688528101424,decay
2538,19950617,1995-07-14 13:00:00,-174.68213,-49.95737,3.50035,JJA,SAt,56376.92158199313,15.66025599499809,decay
2539,19950617,1995-07-14 14:00:00,-174.72626,-50.38721,3.42981,JJA,SAt,47899.31146211654,13.305364295032371,decay
2540,19950617,1995-07-14 15:00:00,-174.95322,-50.86993,3.38743,JJA,SAt,56012.48053976588,15.55902237215719,decay
2541,19950617,1995-07-14 16:00:00,-175.66641,-51.36145,3.32397,JJA,SAt,73927.8553262577,20.53551536840492,decay
2542,19950617,1995-07-14 17:00:00,-176.56242,-51.76001,3.3346,JJA,SAt,76160.74561151609,21.15576266986558,decay
2543,19950617,1995-07-14 18:00:00,-177.15752,-52.18182,3.29531,JJA,SAt,62142.85337847449,17.261903716242912,decay
2544,19950617,1995-07-14 19:00:00,-177.74232,-52.5501,3.30713,JJA,SAt,57039.796180528116,15.844387827924477,decay
2545,19950617,1995-07-14 20:00:00,-177.68692,-52.98658,3.31278,JJA,SAt,48677.32804254805,13.521480011818902,decay
2546,19950617,1995-07-14 21:00:00,-177.50235,-53.43273,3.3333,JJA,SAt,51109.57461604071,14.197104060011307,decay
2547,19950617,1995-07-14 22:00:00,-177.16318,-54.09336,3.42931,JJA,SAt,76766.98841633403,21.324163448981675,decay
2548,19950617,1995-07-14 23:00:00,-177.16806,-54.36594,3.31465,JJA,SAt,30311.21554330932,8.4197820953637,decay
2549,19950617,1995-07-15 00:00:00,-177.09966,-54.64865,3.22084,JJA,SAt,31744.598273934454,8.817943964981794,decay
2550,19950617,1995-07-15 01:00:00,-177.03214,-54.94821,3.10008,JJA,SAt,33589.586752278934,9.330440764521926,decay
2551,19950617,1995-07-15 02:00:00,-176.8649,-55.30387,2.98939,JJA,SAt,40952.055089718364,11.3755708582551,decay
2552,19950617,1995-07-15 03:00:00,-176.55705,-55.72697,2.9234,JJA,SAt,50882.29080887839,14.133969669132885,decay
2553,19950617,1995-07-15 04:00:00,-176.20186,-56.19377,2.90862,JJA,SAt,56417.80639873657,15.671612888537936,decay
2554,19950617,1995-07-15 05:00:00,-175.87131,-56.64761,2.85963,JJA,SAt,54405.424427804464,15.11261789661235,decay
2555,19950617,1995-07-15 06:00:00,-175.52724,-57.10255,2.80989,JJA,SAt,54737.054880301446,15.204737466750402,decay
2556,19950617,1995-07-15 07:00:00,-175.23148,-57.60872,2.75634,JJA,SAt,59013.02118295757,16.392505884154883,decay
2557,19950617,1995-07-15 08:00:00,-175.02818,-58.23014,2.67359,JJA,SAt,70134.08147346771,19.481689298185476,decay
2558,19950617,1995-07-15 09:00:00,-174.98843,-59.08217,2.58707,JJA,SAt,94769.43622939609,26.32484339705447,decay
2559,19950617,1995-07-15 10:00:00,-174.94739,-59.82699,2.96216,JJA,SAt,82852.78466230046,23.01466240619457,decay
2560,19950617,1995-07-15 11:00:00,-175.04449,-60.75174,2.837,JJA,SAt,102966.76968301873,28.601880467505204,decay
2561,19950617,1995-07-15 12:00:00,-175.1555,-61.8709,2.77433,JJA,SAt,124586.03914537793,34.60723309593831,decay
2562,19950617,1995-07-15 13:00:00,-175.10098,-62.8198,2.80764,JJA,SAt,105550.51667591257,29.31958796553127,decay
2563,19950617,1995-07-15 14:00:00,-175.00339,-63.63763,2.9195,JJA,SAt,91069.9105564751,25.297197376798636,decay
2564,19950617,1995-07-15 15:00:00,-174.86368,-64.41631,3.1368,JJA,SAt,86852.21902037771,24.125616394549365,decay
2565,19950617,1995-07-15 16:00:00,-174.69785,-65.07024,3.40711,JJA,SAt,73138.13803613694,20.31614945448248,decay
2566,19950617,1995-07-15 17:00:00,-174.60712,-65.52801,3.70244,JJA,SAt,51076.04934515973,14.187791484766592,decay
2567,19950617,1995-07-15 18:00:00,-174.49852,-65.89924,3.97935,JJA,SAt,41576.663552844264,11.549073209123407,decay
2568,19950617,1995-07-15 19:00:00,-174.40282,-66.22987,4.2185,JJA,SAt,37017.04213543951,10.282511704288751,decay
2569,19950617,1995-07-15 20:00:00,-174.24968,-66.58662,4.41619,JJA,SAt,40249.96789700058,11.180546638055716,decay
2570,19950617,1995-07-15 21:00:00,-173.97269,-67.04085,4.57335,JJA,SAt,51943.36529548368,14.4287125820788,decay
2571,19950617,1995-07-15 22:00:00,-173.30647,-67.83754,4.66408,JJA,SAt,93034.38206314381,25.84288390642884,intensification 2
2572,19950617,1995-07-15 23:00:00,-172.79883,-68.33547,4.75845,JJA,SAt,59239.19077199788,16.45533076999941,intensification 2
2573,19950617,1995-07-16 00:00:00,-172.1572,-68.83746,4.84528,JJA,SAt,61596.71811016887,17.110199475046908,intensification 2
2574,19950617,1995-07-16 01:00:00,-171.4154,-69.37012,4.93731,JJA,SAt,66132.45609078727,18.37012669188535,intensification 2
2575,19950617,1995-07-16 02:00:00,-170.61475,-69.87228,5.04738,JJA,SAt,63865.612031810626,17.740447786614062,intensification 2
2576,19950617,1995-07-16 03:00:00,-169.91846,-70.27873,5.20175,JJA,SAt,52332.43603761402,14.536787788226116,intensification 2
2577,19950617,1995-07-16 04:00:00,-169.39946,-70.5741,5.32213,JJA,SAt,38111.495451641815,10.586526514344948,intensification 2
2578,19950617,1995-07-16 05:00:00,-168.93156,-70.80798,5.44952,JJA,SAt,31181.48082251886,8.661522450699684,intensification 2
2579,19950617,1995-07-16 06:00:00,-168.483,-71.00928,5.51297,JJA,SAt,27697.560199682972,7.693766722134159,intensification 2
2580,19950617,1995-07-16 07:00:00,-167.89178,-71.23588,5.56325,JJA,SAt,32973.85807117848,9.1594050197718,intensification 2
2581,19950617,1995-07-16 08:00:00,-167.15651,-71.47831,5.58286,JJA,SAt,37546.18089478111,10.429494692994751,intensification 2
2582,19950617,1995-07-16 09:00:00,-165.9175,-71.80778,5.56998,JJA,SAt,56785.35013648519,15.773708371245887,intensification 2
2583,19950617,1995-07-16 10:00:00,-163.27831,-72.48415,5.44907,JJA,SAt,117250.45142109577,32.56956983919327,intensification 2
2584,19950617,1995-07-16 11:00:00,-161.08383,-72.9618,5.40579,JJA,SAt,89840.69947211948,24.955749853366523,intensification 2
2585,19950617,1995-07-16 12:00:00,-158.68187,-73.4332,5.42679,JJA,SAt,93309.4043528173,25.919278986893698,intensification 2
2586,19950617,1995-07-16 13:00:00,-156.52977,-73.82545,5.46028,JJA,SAt,80314.5997782614,22.309611049517056,intensification 2
2587,19950617,1995-07-16 14:00:00,-154.79532,-74.10792,5.43569,JJA,SAt,61835.194852521316,17.176443014589253,intensification 2
2588,19950617,1995-07-16 15:00:00,-153.36919,-74.3317,5.35032,JJA,SAt,49787.21986336217,13.82978329537838,intensification 2
2589,19950617,1995-07-16 16:00:00,-151.75085,-74.58938,5.22541,JJA,SAt,56078.7126719913,15.57742018666425,intensification 2
2590,19950617,1995-07-16 17:00:00,-150.0061,-74.89092,5.06061,JJA,SAt,61083.23208237387,16.967564467326074,intensification 2
2591,19950617,1995-07-16 18:00:00,-148.08101,-75.17981,4.90266,JJA,SAt,63927.38171790597,17.757606032751656,mature 2
2592,19950617,1995-07-16 19:00:00,-146.04181,-75.45908,4.75441,JJA,SAt,65313.98041907975,18.142772338633264,mature 2
2593,19950617,1995-07-16 20:00:00,-143.62521,-75.63907,4.67709,JJA,SAt,69975.05974328353,19.437516595356538,mature 2
2594,19950617,1995-07-16 21:00:00,-141.06157,-75.62994,4.61739,JJA,SAt,70728.02878862362,19.64667466350656,mature 2
2595,19950617,1995-07-16 22:00:00,-137.1104,-75.25755,4.51245,JJA,SAt,117903.35651254657,32.75093236459627,mature 2
2596,19950617,1995-07-16 23:00:00,-133.31889,-74.74997,4.42854,JJA,SAt,122796.224296229,34.110062304508055,decay 2
2597,19950617,1995-07-17 00:00:00,-129.41623,-74.17722,4.35302,JJA,SAt,132504.3609974767,36.806766943743526,decay 2
2598,19950617,1995-07-17 01:00:00,-126.00566,-73.67924,4.33042,JJA,SAt,118672.85291624561,32.96468136562378,decay 2
2599,19950617,1995-07-17 02:00:00,-122.9323,-73.2169,4.31498,JJA,SAt,110079.48589482196,30.57763497078388,incipient
2600,19950617,1995-07-17 03:00:00,-120.57018,-72.84923,4.3396,JJA,SAt,86861.6797617105,24.12824437825292,incipient
2601,19950617,1995-07-17 04:00:00,-118.51146,-72.50307,4.39539,JJA,SAt,78276.83569889779,21.743565471916053,incipient
2602,19950617,1995-07-17 05:00:00,-116.66818,-72.21587,4.49106,JJA,SAt,69837.93569094581,19.399426580818282,incipient
2603,19950617,1995-07-17 06:00:00,-114.67488,-71.87381,4.54013,JJA,SAt,78194.95784658258,21.720821624050714,incipient
2604,19950617,1995-07-17 07:00:00,-112.82251,-71.55174,4.61852,JJA,SAt,73885.34029278455,20.523705636884596,incipient
2605,19950617,1995-07-17 08:00:00,-111.24458,-71.26797,4.74228,JJA,SAt,64218.82066995067,17.838561297208518,intensification
2606,19950617,1995-07-17 09:00:00,-109.83513,-70.98821,4.92956,JJA,SAt,59474.55032126043,16.52070842257234,intensification
2607,19950617,1995-07-17 10:00:00,-108.55376,-70.46331,5.5645,JJA,SAt,74954.30329825764,20.82063980507157,intensification
2608,19950617,1995-07-17 11:00:00,-107.24033,-70.15035,5.70312,JJA,SAt,60273.728381138084,16.742702328093912,intensification
2609,19950617,1995-07-17 12:00:00,-105.70581,-69.78017,5.79389,JJA,SAt,71491.43643488841,19.85873234302456,intensification
2610,19950617,1995-07-17 13:00:00,-103.83322,-69.31375,5.93052,JJA,SAt,89347.44073138705,24.818733536496403,intensification
2611,19950617,1995-07-17 14:00:00,-101.51053,-68.78391,6.14228,JJA,SAt,109532.60491853375,30.425723588481596,intensification
2612,19950617,1995-07-17 15:00:00,-99.26569,-68.23877,6.42656,JJA,SAt,109695.75969769775,30.4710443604716,intensification
2613,19950617,1995-07-17 16:00:00,-97.34717,-67.70515,6.76469,JJA,SAt,99605.22664094517,27.66811851137366,intensification
2614,19950617,1995-07-17 17:00:00,-95.81113,-67.10767,7.15194,JJA,SAt,93375.09248819078,25.937525691164108,intensification
2615,19950617,1995-07-17 18:00:00,-94.52496,-66.54906,7.51391,JJA,SAt,83812.54092849906,23.281261369027515,intensification
2616,19950617,1995-07-17 19:00:00,-93.30124,-65.97212,7.83472,JJA,SAt,84355.55860585016,23.432099612736156,intensification
2617,19950617,1995-07-17 20:00:00,-92.14841,-65.47443,8.09464,JJA,SAt,76419.67495955457,21.22768748876516,intensification
2618,19950617,1995-07-17 21:00:00,-90.93207,-64.87878,8.33145,JJA,SAt,87237.91825023529,24.232755069509803,intensification
2619,19950617,1995-07-17 22:00:00,-89.46841,-64.56626,9.19464,JJA,SAt,77697.07852767473,21.58252181324298,intensification
2620,19950617,1995-07-17 23:00:00,-88.33749,-64.03497,9.56965,JJA,SAt,80395.90603222493,22.33219612006248,intensification
2621,19950617,1995-07-18 00:00:00,-87.36386,-63.60302,9.78071,JJA,SAt,67737.71126472803,18.816030906868896,intensification
2622,19950617,1995-07-18 01:00:00,-86.27301,-63.23233,10.32009,JJA,SAt,68153.8191280459,18.931616424457193,mature
2623,19950617,1995-07-18 02:00:00,-85.22315,-62.89593,10.4194,JJA,SAt,64773.14216394509,17.992539489984747,mature
2624,19950617,1995-07-18 03:00:00,-84.22998,-62.55902,10.92687,JJA,SAt,62961.08867890197,17.48919129969499,mature
2625,19950617,1995-07-18 04:00:00,-83.1897,-62.23283,11.29401,JJA,SAt,64716.46749454845,17.97679652626346,mature
2626,19950617,1995-07-18 05:00:00,-82.16168,-61.8341,11.12501,JJA,SAt,69564.61682508065,19.323504673633515,mature
2627,19950617,1995-07-18 06:00:00,-81.08151,-61.42365,11.50901,JJA,SAt,73076.64303245969,20.29906750901658,mature
2628,19950617,1995-07-18 07:00:00,-80.14835,-61.14553,12.05488,JJA,SAt,58665.98797326118,16.29610777035033,decay
2629,19950617,1995-07-18 08:00:00,-79.29547,-60.80959,11.92282,JJA,SAt,59263.8530964566,16.46218141568239,decay
2630,19950617,1995-07-18 09:00:00,-78.4144,-60.54763,12.05338,JJA,SAt,56126.60692188302,15.590724144967506,decay
2631,19950617,1995-07-18 10:00:00,-77.98798,-60.73212,11.80851,JJA,SAt,31004.761684841083,8.612433801344745,decay
2632,19950617,1995-07-18 11:00:00,-77.14093,-60.5481,11.98358,JJA,SAt,50509.53429755707,14.030426193765852,decay
2633,19950617,1995-07-18 12:00:00,-76.34882,-60.40211,12.06845,JJA,SAt,46341.27170701221,12.872575474170057,decay
2634,19950617,1995-07-18 13:00:00,-75.43817,-60.27835,12.28383,JJA,SAt,51963.144302810506,14.434206750780696,incipient
2635,19950617,1995-07-18 14:00:00,-74.7049,-60.17007,12.5271,JJA,SAt,42243.29977362123,11.734249937117008,incipient
2636,19950617,1995-07-18 15:00:00,-74.03897,-60.09454,12.62538,JJA,SAt,37820.018295124275,10.50556063753452,incipient
2637,19950617,1995-07-18 16:00:00,-73.42184,-60.00543,12.53913,JJA,SAt,35663.034430130945,9.906398452814152,incipient
2638,19950617,1995-07-18 17:00:00,-72.79144,-59.91579,12.46106,JJA,SAt,36478.44745053347,10.132902069592632,incipient
2639,19950617,1995-07-18 18:00:00,-72.23401,-59.82708,12.26942,JJA,SAt,32638.26770476213,9.066185473545035,intensification
2640,19950617,1995-07-18 19:00:00,-71.7066,-59.75828,12.14579,JJA,SAt,30481.81224743823,8.467170068732841,intensification
2641,19950617,1995-07-18 20:00:00,-71.16589,-59.70847,12.05086,JJA,SAt,30806.016320156472,8.55722675559902,intensification
2642,19950617,1995-07-18 21:00:00,-70.51895,-59.64061,12.03802,JJA,SAt,37096.928802763614,10.304702445212115,intensification
2643,19950617,1995-07-18 22:00:00,-70.7059,-59.77317,11.68982,JJA,SAt,18089.284238539716,5.024801177372144,intensification
2644,19950617,1995-07-18 23:00:00,-70.21137,-59.74682,11.53083,JJA,SAt,27848.391601222287,7.735664333672857,intensification
2645,19950617,1995-07-19 00:00:00,-69.74832,-59.73262,11.30468,JJA,SAt,25994.685345881222,7.220745929411451,intensification
2646,19950617,1995-07-19 01:00:00,-69.35397,-59.70805,10.95906,JJA,SAt,22278.110585501163,6.188364051528101,intensification
2647,19950617,1995-07-19 02:00:00,-69.02539,-59.63914,10.53843,JJA,SAt,19976.189911692632,5.5489416421368425,intensification
2648,19950617,1995-07-19 03:00:00,-68.73456,-59.59329,10.10246,JJA,SAt,17132.789922016156,4.759108311671154,intensification
2649,19950617,1995-07-19 04:00:00,-68.42307,-59.55247,9.75293,JJA,SAt,18118.926265602346,5.0330350737784295,intensification
2650,19950617,1995-07-19 05:00:00,-68.05252,-59.52501,9.55084,JJA,SAt,21110.229514404797,5.863952642890221,intensification
2651,19950617,1995-07-19 06:00:00,-67.61755,-59.5476,9.45951,JJA,SAt,24649.73030740096,6.847147307611378,intensification
2652,19950617,1995-07-19 07:00:00,-67.14557,-59.54882,9.39553,JJA,SAt,26598.78663564024,7.3885518432334,intensification
2653,19950617,1995-07-19 08:00:00,-66.74533,-59.5661,9.16889,JJA,SAt,22631.066406804686,6.286407335223524,intensification
2654,19950617,1995-07-19 09:00:00,-66.46777,-59.55336,8.92745,JJA,SAt,15700.609650100394,4.361280458361221,intensification
2655,19950617,1995-07-19 10:00:00,-65.93057,-59.62588,8.49515,JJA,SAt,31293.466867124862,8.692629685312461,intensification
2656,19950617,1995-07-19 11:00:00,-65.6499,-59.61961,8.24248,JJA,SAt,15797.563704492208,4.388212140136725,intensification
2657,19950617,1995-07-19 12:00:00,-65.33322,-59.60743,8.03695,JJA,SAt,17863.32960820192,4.96203600227831,intensification
2658,19950617,1995-07-19 13:00:00,-65.06677,-59.62109,7.81456,JJA,SAt,15063.139743220729,4.18420548422798,intensification
2659,19950617,1995-07-19 14:00:00,-64.78262,-59.60742,7.6391,JJA,SAt,16054.014130688984,4.459448369635829,intensification
2660,19950617,1995-07-19 15:00:00,-64.56427,-59.62257,7.50723,JJA,SAt,12395.736936401401,3.4432602601115003,intensification
2661,19950617,1995-07-19 16:00:00,-64.36447,-59.67339,7.41416,JJA,SAt,12568.400553948057,3.4912223760966823,intensification
2662,19950617,1995-07-19 17:00:00,-64.0473,-59.72771,7.20516,JJA,SAt,18790.482925531796,5.219578590425499,intensification
2663,19950617,1995-07-19 18:00:00,-63.72342,-59.73117,7.04492,JJA,SAt,18158.06801108852,5.043907780857922,intensification
2664,19950617,1995-07-19 19:00:00,-63.40552,-59.70724,6.90709,JJA,SAt,18021.777783919024,5.006049384421951,intensification
2665,19950617,1995-07-19 20:00:00,-63.05316,-59.72861,6.76099,JJA,SAt,19899.52172943641,5.527644924843447,intensification
2666,19950617,1995-07-19 21:00:00,-62.68326,-59.73792,6.65076,JJA,SAt,20756.93959826175,5.765816555072708,intensification
2667,19950617,1995-07-19 22:00:00,-62.51572,-60.31012,6.57473,JJA,SAt,64303.019684212144,17.86194991228115,intensification
2668,19950617,1995-07-19 23:00:00,-62.39633,-60.23201,6.47514,JJA,SAt,10898.490137506773,3.027358371529659,intensification
2669,19950617,1995-07-20 00:00:00,-62.01352,-60.22086,6.32164,JJA,SAt,21173.742393957447,5.881595109432625,intensification
2670,19950617,1995-07-20 01:00:00,-61.51053,-60.26699,6.11723,JJA,SAt,28228.420276564015,7.841227854601115,intensification
2671,19950617,1995-07-20 02:00:00,-60.96707,-60.35202,5.9541,JJA,SAt,31389.60465420418,8.719334626167829,intensification
2672,19950617,1995-07-20 03:00:00,-60.45789,-60.36417,5.87461,JJA,SAt,28034.65529155576,7.787404247654377,intensification
2673,19950617,1995-07-20 04:00:00,-59.96612,-60.39276,5.70731,JJA,SAt,27214.05544982656,7.559459847174044,intensification
2674,19950617,1995-07-20 05:00:00,-59.54907,-60.33872,5.61052,JJA,SAt,23704.349877773973,6.584541632714992,intensification
2675,19950617,1995-07-20 06:00:00,-59.08902,-60.27029,5.51311,JJA,SAt,26459.472180300043,7.349853383416678,intensification
2676,19950617,1995-07-20 07:00:00,-58.61087,-60.19626,5.39553,JJA,SAt,27649.98183966527,7.68055051101813,intensification
2677,19950617,1995-07-20 08:00:00,-57.95465,-60.17905,5.25508,JJA,SAt,36327.34447521379,10.09092902089272,intensification
2678,19950617,1995-07-20 09:00:00,-56.9747,-60.24101,5.08973,JJA,SAt,54572.64600899471,15.159068335831863,intensification
2679,19950617,1995-07-20 10:00:00,-55.19565,-61.17544,4.95619,JJA,SAt,141988.557758353,39.44126604398695,intensification
2680,19950617,1995-07-20 11:00:00,-53.4816,-61.49111,4.88617,JJA,SAt,97933.21364595536,27.20367045720982,intensification
2681,19950617,1995-07-20 12:00:00,-51.75851,-61.7703,4.884,JJA,SAt,96182.99524725499,26.717498679793053,mature
2682,19950617,1995-07-20 13:00:00,-50.3414,-61.9229,4.91317,JJA,SAt,76259.5660901273,21.183212802813138,mature
2683,19950617,1995-07-20 14:00:00,-49.35748,-61.99541,5.00139,JJA,SAt,52059.9728547321,14.461103570758917,mature
2684,19950617,1995-07-20 15:00:00,-48.68417,-62.07652,5.0666,JJA,SAt,36247.05104032444,10.06862528897901,mature
2685,19950617,1995-07-20 16:00:00,-48.00455,-62.17247,5.12003,JJA,SAt,36908.582487303975,10.252384024251104,mature
2686,19950617,1995-07-20 17:00:00,-47.56277,-62.20981,5.13329,JJA,SAt,23290.419904710845,6.469561084641901,mature
2687,19950617,1995-07-20 18:00:00,-47.71008,-62.06318,5.13088,JJA,SAt,18012.348964380817,5.0034302678835605,mature
2688,19950617,1995-07-20 19:00:00,-47.59998,-61.98056,5.17207,JJA,SAt,10834.508782244831,3.0095857728457864,mature
2689,19950617,1995-07-20 20:00:00,-47.34112,-61.91546,5.30843,JJA,SAt,15350.287809482656,4.263968835967404,mature
2690,19950617,1995-07-20 21:00:00,-46.87466,-61.91497,5.47803,JJA,SAt,24418.32925075371,6.782869236320476,decay
2691,19950617,1995-07-20 22:00:00,-46.93115,-61.96212,5.48529,JJA,SAt,6018.208141613308,1.6717244837814744,decay
2692,19950617,1995-07-20 23:00:00,-46.28113,-61.9392,5.43236,JJA,SAt,34083.16816196079,9.467546711655775,decay
2693,19950617,1995-07-21 00:00:00,-45.4667,-61.94434,5.30257,JJA,SAt,42600.428879653846,11.833452466570513,decay
2694,19950617,1995-07-21 01:00:00,-44.62106,-61.95052,5.13321,JJA,SAt,44226.069693813595,12.285019359392665,decay
2695,19950617,1995-07-21 02:00:00,-43.6622,-62.01156,4.93371,JJA,SAt,50543.76589380305,14.039934970500848,decay
2696,19950617,1995-07-21 03:00:00,-42.83832,-62.01717,4.76755,JJA,SAt,42992.90518241588,11.94247366178219,decay
2697,19950617,1995-07-21 04:00:00,-42.08298,-61.95919,4.64241,JJA,SAt,39969.403539719206,11.102612094366446,decay
2698,19950617,1995-07-21 05:00:00,-41.36386,-61.8757,4.52207,JJA,SAt,38769.56210716783,10.76932280754662,decay
2699,19950617,1995-07-21 06:00:00,-40.66202,-61.78769,4.37081,JJA,SAt,38117.802530331384,10.588278480647606,decay
2700,19950617,1995-07-21 07:00:00,-39.76651,-61.75035,4.20664,JJA,SAt,47284.56898974323,13.134602497150897,decay
2701,19950617,1995-07-21 08:00:00,-38.82358,-61.73598,4.01742,JJA,SAt,49663.472331644196,13.795408981012276,decay
2702,19950617,1995-07-21 09:00:00,-37.72937,-61.79261,3.78193,JJA,SAt,57905.12687365501,16.08475746490417,decay
2703,19950617,1995-07-21 10:00:00,-36.76325,-61.7539,3.49547,JJA,SAt,50990.79642532024,14.16411011814451,decay
2704,19950617,1995-07-21 11:00:00,-35.0614,-61.99721,3.32088,JJA,SAt,93213.58648138141,25.892662911494835,decay
2705,19950617,1995-07-21 12:00:00,-32.99533,-62.35388,3.16006,JJA,SAt,114325.8428156992,31.757178559916444,decay
2706,19950618,1995-07-12 15:00:00,-61.49225,-30.20454,3.13992,JJA,LA-PLATA,,,mature 2
2707,19950618,1995-07-12 16:00:00,-60.94025,-31.17265,3.04826,JJA,LA-PLATA,119892.86794076404,33.303574427990014,mature 2
2708,19950618,1995-07-12 17:00:00,-60.63226,-31.54363,3.2048,JJA,LA-PLATA,50565.74899265167,14.046041386847687,decay 2
2709,19950618,1995-07-12 18:00:00,-59.98669,-32.13332,3.12074,JJA,LA-PLATA,89545.56425469906,24.873767848527514,decay 2
2710,19950618,1995-07-12 19:00:00,-59.10736,-32.68193,3.15398,JJA,LA-PLATA,102642.68942795995,28.51185817443332,decay 2
2711,19950618,1995-07-12 20:00:00,-58.37622,-33.04572,3.27525,JJA,LA-PLATA,79369.83353259086,22.047175981275238,decay 2
2712,19950618,1995-07-12 21:00:00,-57.51144,-33.43308,3.47258,JJA,LA-PLATA,91233.54744326934,25.342652067574818,decay 2
2713,19950618,1995-07-12 22:00:00,-58.83749,-33.26558,3.42308,JJA,LA-PLATA,124569.57397372858,34.602659437146826,decay 2
2714,19950618,1995-07-12 23:00:00,-57.95325,-33.66539,3.62827,JJA,LA-PLATA,93295.64335896427,25.915456488601187,decay 2
2715,19950618,1995-07-13 00:00:00,-56.93402,-34.08651,3.84173,JJA,LA-PLATA,105101.60793746762,29.194891093741006,decay 2
2716,19950618,1995-07-13 01:00:00,-56.10113,-34.37635,3.9381,JJA,LA-PLATA,83075.91600388021,23.07664333441117,intensification
2717,19950618,1995-07-13 02:00:00,-55.01685,-34.68657,4.24227,JJA,LA-PLATA,105143.33617616788,29.206482271157746,intensification
2718,19950618,1995-07-13 03:00:00,-54.28799,-34.89243,4.49073,JJA,LA-PLATA,70385.05473318018,19.55140409255005,intensification
2719,19950618,1995-07-13 04:00:00,-53.35376,-35.13695,4.56688,JJA,LA-PLATA,89318.19118383041,24.810608662175113,intensification
2720,19950618,1995-07-13 05:00:00,-51.78119,-35.54892,4.86576,JJA,LA-PLATA,149809.1242174872,41.613645615968665,intensification
2721,19950618,1995-07-13 06:00:00,-51.18362,-35.70519,4.71065,JJA,LA-PLATA,56736.02441397443,15.760006781659564,intensification
2722,19950618,1995-07-13 07:00:00,-49.75915,-36.1142,4.65019,JJA,LA-PLATA,136111.31951355052,37.808699864875145,intensification
2723,19950618,1995-07-13 08:00:00,-48.23978,-36.57296,4.89053,JJA,LA-PLATA,145327.38945915058,40.368719294208496,intensification
2724,19950618,1995-07-13 09:00:00,-47.37781,-36.82615,5.04402,JJA,LA-PLATA,81842.42810407151,22.73400780668653,intensification
2725,19950618,1995-07-13 10:00:00,-45.9891,-37.26877,4.85799,JJA,LA-PLATA,132708.49446872604,36.863470685757235,intensification
2726,19950618,1995-07-13 11:00:00,-45.17065,-37.37672,4.90672,JJA,LA-PLATA,73360.67966068804,20.377966572413342,intensification
2727,19950618,1995-07-13 12:00:00,-44.59964,-37.45374,4.74857,JJA,LA-PLATA,51151.87069640945,14.208852971224848,intensification
2728,19950618,1995-07-13 13:00:00,-43.81439,-37.62661,4.705,JJA,LA-PLATA,71853.72836689383,19.959368990803842,intensification
2729,19950618,1995-07-13 14:00:00,-43.05765,-37.78635,4.5582,JJA,LA-PLATA,68900.9235598154,19.139145433282057,intensification
2730,19950618,1995-07-13 15:00:00,-42.19434,-38.03554,4.41699,JJA,LA-PLATA,80646.6165600888,22.401837933358003,intensification
2731,19950618,1995-07-13 16:00:00,-41.28177,-38.33276,4.357,JJA,LA-PLATA,86336.33968167286,23.98231657824246,intensification
2732,19950618,1995-07-13 17:00:00,-40.29907,-38.7184,4.30111,JJA,LA-PLATA,95637.67309167181,26.56602030324217,intensification
2733,19950618,1995-07-13 18:00:00,-39.34573,-39.12313,4.25052,JJA,LA-PLATA,93953.8076700981,26.098279908360585,intensification
2734,19950618,1995-07-13 19:00:00,-38.36096,-39.55038,4.15511,JJA,LA-PLATA,97106.23168974389,26.97395324715108,intensification
2735,19950618,1995-07-13 20:00:00,-37.3768,-39.9123,4.10416,JJA,LA-PLATA,93286.25303020398,25.91284806394555,intensification
2736,19950618,1995-07-13 21:00:00,-36.46774,-40.23072,3.98688,JJA,LA-PLATA,85070.62339018236,23.6307287194951,intensification
2737,19950618,1995-07-13 22:00:00,-34.73685,-40.48795,4.94599,JJA,LA-PLATA,149419.54283614657,41.50542856559627,intensification
2738,19950618,1995-07-13 23:00:00,-33.69797,-40.64691,4.99131,JJA,LA-PLATA,89514.35556595885,24.8650987683219,intensification
2739,19950618,1995-07-14 00:00:00,-32.81357,-40.7601,4.92061,JJA,LA-PLATA,75606.32938029541,21.00175816119317,mature
2740,19950618,1995-07-14 01:00:00,-31.90356,-40.87766,4.85556,JJA,LA-PLATA,77684.8436185965,21.579123227387917,mature
2741,19950618,1995-07-14 02:00:00,-30.92767,-40.98677,4.74865,JJA,LA-PLATA,82873.28333304082,23.020356481400228,mature
2742,19950618,1995-07-14 03:00:00,-29.73691,-41.11223,4.72269,JJA,LA-PLATA,100822.46173204757,28.006239370013212,mature
2743,19950618,1995-07-14 04:00:00,-28.64355,-41.26039,4.56926,JJA,LA-PLATA,92965.6352486627,25.823787569072973,mature
2744,19950618,1995-07-14 05:00:00,-27.44885,-41.38879,4.57874,JJA,LA-PLATA,100779.48319384293,27.99430088717859,mature
2745,19950618,1995-07-14 06:00:00,-26.2962,-41.53748,4.54459,JJA,LA-PLATA,97459.40665387474,27.072057403854096,mature
2746,19950618,1995-07-14 07:00:00,-25.24072,-41.70286,4.52915,JJA,LA-PLATA,89643.11262793274,24.900864618870205,mature
2747,19950618,1995-07-14 08:00:00,-24.02441,-41.84261,4.5426,JJA,LA-PLATA,102055.8674886621,28.348852080183917,mature
2748,19950618,1995-07-14 09:00:00,-23.05301,-41.95462,4.56409,JJA,LA-PLATA,81357.029407044,22.59917483529,decay
2749,19950618,1995-07-14 10:00:00,-22.30078,-41.95094,4.36058,JJA,LA-PLATA,62207.06379502543,17.27973994306262,decay
2750,19950618,1995-07-14 11:00:00,-21.19019,-42.0403,4.24365,JJA,LA-PLATA,92314.50848166023,25.642919022683397,decay
2751,19950618,1995-07-14 12:00:00,-19.93799,-42.12933,4.23932,JJA,LA-PLATA,103808.48860595537,28.835691279432048,decay
2752,19950618,1995-07-14 13:00:00,-18.85776,-42.24656,4.21693,JJA,LA-PLATA,89948.5681899905,24.985713386108472,decay
2753,19950618,1995-07-14 14:00:00,-17.82095,-42.36193,4.35578,JJA,LA-PLATA,86224.06318921316,23.951128663670325,decay
2754,19950618,1995-07-14 15:00:00,-16.82342,-42.43522,4.42051,JJA,LA-PLATA,82315.56082144672,22.86543356151298,decay
2755,19950618,1995-07-14 16:00:00,-15.80045,-42.49871,4.42123,JJA,LA-PLATA,84204.97296764127,23.39027026878924,decay
2756,19950618,1995-07-14 17:00:00,-14.74503,-42.55327,4.45029,JJA,LA-PLATA,86701.01167404473,24.083614353901314,decay
2757,19950618,1995-07-14 18:00:00,-13.65152,-42.63692,4.57674,JJA,LA-PLATA,89992.58320498817,24.99793977916338,decay
2758,19950618,1995-07-14 19:00:00,-12.47424,-42.73502,4.7456,JJA,LA-PLATA,96843.23326299032,26.900898128608425,decay
2759,19950618,1995-07-14 20:00:00,-11.36508,-42.80478,4.91925,JJA,LA-PLATA,90868.23796488885,25.241177212469125,decay
2760,19950618,1995-07-14 21:00:00,-10.29507,-42.90631,5.07175,JJA,LA-PLATA,87947.65470035357,24.429904083431545,decay
2761,19950618,1995-07-14 22:00:00,-10.19315,-43.21128,6.30813,JJA,LA-PLATA,34907.49406855359,9.696526130153776,decay
2762,19950618,1995-07-14 23:00:00,-9.16858,-43.3187,6.41914,JJA,LA-PLATA,83815.71372998154,23.28214270277265,decay
2763,19950618,1995-07-15 00:00:00,-7.97394,-43.43958,6.52004,JJA,LA-PLATA,97480.26223051839,27.077850619588443,decay
2764,19950618,1995-07-15 01:00:00,-6.76538,-43.5874,6.53565,JJA,LA-PLATA,98833.74595978863,27.45381832216351,decay
2765,19950618,1995-07-15 02:00:00,-5.60059,-43.80537,6.71605,JJA,LA-PLATA,96728.3626314943,26.868989619859526,decay
2766,19950618,1995-07-15 03:00:00,-4.41281,-44.00312,7.00001,JJA,LA-PLATA,97666.70564025622,27.129640455626728,decay
2767,19950618,1995-07-15 04:00:00,-3.30087,-44.11032,7.3384,JJA,LA-PLATA,89650.99697755466,24.903054715987405,decay
2768,19950618,1995-07-15 05:00:00,-2.31967,-44.15698,7.69207,JJA,LA-PLATA,78477.51218161709,21.79930893933808,decay
2769,19950618,1995-07-15 06:00:00,-1.36206,-44.17213,8.08188,JJA,LA-PLATA,76401.78584597078,21.222718290547437,decay
2770,19950618,1995-07-15 07:00:00,-0.37668,-44.24301,8.51124,JJA,LA-PLATA,78935.35098647964,21.92648638513323,decay
2771,19950618,1995-07-15 08:00:00,0.61559,-44.2592,8.90771,JJA,LA-PLATA,79052.10016664557,21.9589167129571,decay
2772,19950618,1995-07-15 09:00:00,1.58643,-44.35335,9.19429,JJA,LA-PLATA,77958.31421867307,21.655087282964743,decay
2773,19950619,1995-07-13 01:00:00,141.68411,-67.90025,1.12313,JJA,SAt,,,intensification
2774,19950619,1995-07-13 02:00:00,141.8663,-67.97842,1.29004,JJA,SAt,11551.97404117982,3.2088816781055054,intensification
2775,19950619,1995-07-13 03:00:00,142.29823,-68.07962,1.47757,JJA,SAt,21201.86539954727,5.889407055429797,intensification
2776,19950619,1995-07-13 04:00:00,142.67644,-68.14143,1.72372,JJA,SAt,17119.093000954075,4.7553036113761324,intensification
2777,19950619,1995-07-13 05:00:00,142.96443,-68.14326,1.96345,JJA,SAt,11923.97794763275,3.3122160965646525,intensification
2778,19950619,1995-07-13 06:00:00,143.11009,-68.10749,2.18952,JJA,SAt,7227.400498084323,2.0076112494678675,intensification
2779,19950619,1995-07-13 07:00:00,143.24146,-68.05554,2.38275,JJA,SAt,7943.715709742567,2.206587697150713,intensification
2780,19950619,1995-07-13 08:00:00,143.2318,-67.97883,2.54604,JJA,SAt,8539.24642759209,2.3720128965533585,intensification
2781,19950619,1995-07-13 09:00:00,143.1342,-67.90112,2.6896,JJA,SAt,9554.06547320386,2.653907075889961,intensification
2782,19950619,1995-07-13 10:00:00,142.11798,-67.46934,2.773,JJA,SAt,64387.63245111032,17.885453458641756,intensification
2783,19950619,1995-07-13 11:00:00,141.80083,-67.43605,2.92964,JJA,SAt,14019.913468750825,3.89442040798634,intensification
2784,19950619,1995-07-13 12:00:00,141.37166,-67.3447,3.11947,JJA,SAt,20970.76195983538,5.825211655509828,intensification
2785,19950619,1995-07-13 13:00:00,140.75256,-67.19041,3.28695,JJA,SAt,31654.30054804372,8.792861263345477,intensification
2786,19950619,1995-07-13 14:00:00,139.89818,-67.02872,3.38103,JJA,SAt,41094.479045233704,11.415133068120474,intensification
2787,19950619,1995-07-13 15:00:00,136.43253,-66.41507,3.45226,JJA,SAt,166851.7459083807,46.34770719677241,intensification
2788,19950619,1995-07-13 16:00:00,134.67258,-66.08836,3.55863,JJA,SAt,86777.26333975085,24.104795372153013,intensification
2789,19950619,1995-07-13 17:00:00,133.90048,-65.90414,3.69662,JJA,SAt,40488.65799887003,11.246849444130564,intensification
2790,19950619,1995-07-13 18:00:00,133.90712,-65.80314,3.86989,JJA,SAt,11234.763989425082,3.1207677748403007,intensification
2791,19950619,1995-07-13 19:00:00,134.28622,-65.73994,4.00032,JJA,SAt,18671.92294742286,5.186645263173016,intensification
2792,19950619,1995-07-13 20:00:00,134.73395,-65.63567,4.14019,JJA,SAt,23548.963337614427,6.541378704892896,intensification
2793,19950619,1995-07-13 21:00:00,135.27942,-65.52601,4.28239,JJA,SAt,27882.261457929777,7.745072627202716,intensification
2794,19950619,1995-07-13 22:00:00,134.65051,-65.30546,4.39765,JJA,SAt,38050.67844745988,10.56963290207219,intensification
2795,19950619,1995-07-13 23:00:00,135.6238,-65.14593,4.45939,JJA,SAt,48696.383093079305,13.526773081410917,intensification
2796,19950619,1995-07-14 00:00:00,136.77895,-64.993,4.56825,JJA,SAt,56749.582350735,15.763772875204166,mature
2797,19950619,1995-07-14 01:00:00,137.83987,-64.88679,4.59004,JJA,SAt,51344.04503602372,14.262234732228812,mature
2798,19950619,1995-07-14 02:00:00,138.64523,-64.73646,4.66964,JJA,SAt,41617.19000611891,11.560330557255252,mature
2799,19950619,1995-07-14 03:00:00,139.37648,-64.57007,4.7295,JJA,SAt,39420.259987456215,10.950072218737837,mature
2800,19950619,1995-07-14 04:00:00,140.31923,-64.43548,4.76072,JJA,SAt,47541.94851189817,13.206096808860602,mature
2801,19950619,1995-07-14 05:00:00,141.43356,-64.2714,4.81734,JJA,SAt,56647.30385716009,15.73536218254447,mature
2802,19950619,1995-07-14 06:00:00,142.42216,-64.04186,5.01242,JJA,SAt,54291.60547565301,15.081001521014723,mature
2803,19950619,1995-07-14 07:00:00,143.45601,-63.80773,5.24546,JJA,SAt,56841.729015189914,15.789369170886088,mature
2804,19950619,1995-07-14 08:00:00,144.35555,-63.55316,5.43545,JJA,SAt,52611.78910396742,14.614385862213172,mature
2805,19950619,1995-07-14 09:00:00,145.1868,-63.32182,5.6247,JJA,SAt,48683.21059242296,13.523114053450822,decay
2806,19950619,1995-07-14 10:00:00,146.00302,-62.75648,6.07644,JJA,SAt,75131.78093285525,20.869939148015348,decay
2807,19950619,1995-07-14 11:00:00,146.87897,-62.50431,6.3973,JJA,SAt,52832.39016062443,14.675663933506787,decay
2808,19950619,1995-07-14 12:00:00,147.61314,-62.33545,6.55136,JJA,SAt,42203.15816128432,11.723099489245644,decay
2809,19950619,1995-07-14 13:00:00,148.39432,-62.18392,6.76437,JJA,SAt,43801.891277824994,12.167192021618053,decay
2810,19950619,1995-07-14 14:00:00,149.13193,-61.9956,6.95351,JJA,SAt,43731.011551700096,12.147503208805583,decay
2811,19950619,1995-07-14 15:00:00,149.89729,-61.80132,7.02063,JJA,SAt,45537.141153237586,12.64920587589933,decay
2812,19950619,1995-07-14 16:00:00,150.81586,-61.62263,7.21496,JJA,SAt,52323.59560672296,14.534332112978602,decay
2813,19950619,1995-07-14 17:00:00,151.63893,-61.45519,7.23761,JJA,SAt,47422.85116142719,13.173014211507553,decay
2814,19950619,1995-07-14 18:00:00,152.46227,-61.27604,7.36122,JJA,SAt,48183.38114204223,13.384272539456175,decay
2815,19950619,1995-07-14 19:00:00,153.45763,-61.11073,7.51074,JJA,SAt,56409.52266108388,15.669311850301078,decay
2816,19950619,1995-07-14 20:00:00,154.28597,-60.90869,7.52646,JJA,SAt,49974.72405478785,13.881867792996625,decay
2817,19950619,1995-07-14 21:00:00,155.01855,-60.71034,7.47494,JJA,SAt,45440.05930763026,12.622238696563961,decay
2818,19950619,1995-07-14 22:00:00,155.89244,-60.54644,7.71867,JJA,SAt,51025.47005467596,14.173741681854434,decay
2819,19950619,1995-07-14 23:00:00,156.59227,-60.41143,7.66394,JJA,SAt,41177.981797302135,11.43832827702837,decay
2820,19950619,1995-07-15 00:00:00,157.54907,-60.29611,7.68451,JJA,SAt,54165.0096401531,15.045836011153638,decay
2821,19950619,1995-07-15 01:00:00,158.41328,-60.18681,7.61052,JJA,SAt,49220.48873599369,13.67235798222047,decay
2822,19950619,1995-07-15 02:00:00,159.1973,-60.07032,7.52716,JJA,SAt,45310.66574224657,12.586296039512936,decay
2823,19950619,1995-07-15 03:00:00,159.98578,-60.00635,7.61398,JJA,SAt,44360.46238846595,12.322350663462764,decay
2824,19950619,1995-07-15 04:00:00,160.63344,-59.90799,7.55868,JJA,SAt,37677.109819885096,10.46586383885697,decay
2825,19950619,1995-07-15 05:00:00,161.25224,-59.81953,7.51624,JJA,SAt,35918.29105191287,9.977303069975797,decay
2826,19950619,1995-07-15 06:00:00,161.89403,-59.77137,7.49922,JJA,SAt,36299.39787615441,10.08316607670956,decay
2827,19950619,1995-07-15 07:00:00,162.48976,-59.69818,7.46282,JJA,SAt,34363.799744847245,9.545499929124235,decay
2828,19950619,1995-07-15 08:00:00,163.07896,-59.611,7.33161,JJA,SAt,34489.74826591881,9.580485629421892,decay
2829,19950619,1995-07-15 09:00:00,163.66174,-59.48844,7.22642,JJA,SAt,35556.378446984985,9.876771790829162,decay
2830,19950619,1995-07-15 10:00:00,163.87793,-59.46279,7.26643,JJA,SAt,12538.361580226338,3.4828782167295382,decay
2831,19950619,1995-07-15 11:00:00,164.46211,-59.37664,7.1453,JJA,SAt,34407.3255143854,9.55759042066261,decay
2832,19950619,1995-07-15 12:00:00,164.99911,-59.30666,7.03907,JJA,SAt,31426.58829148381,8.729607858745503,decay
2833,19950619,1995-07-15 13:00:00,165.56198,-59.26706,6.94658,JJA,SAt,32268.144438861746,8.963373455239374,decay
2834,19950619,1995-07-15 14:00:00,166.14276,-59.24477,6.9278,JJA,SAt,33106.319839130716,9.196199955314087,decay
2835,19950619,1995-07-15 15:00:00,166.69075,-59.21624,6.8989,JJA,SAt,31333.761645987037,8.703822679440844,decay
2836,19950619,1995-07-15 16:00:00,167.18565,-59.20641,6.85463,JJA,SAt,28189.738342224224,7.830482872840062,decay
2837,19950619,1995-07-15 17:00:00,167.63786,-59.25508,6.84626,JJA,SAt,26287.199139757562,7.301999761043767,decay
2838,19950619,1995-07-15 18:00:00,168.09293,-59.29342,6.8509,JJA,SAt,26202.897832893683,7.278582731359356,decay
2839,19950619,1995-07-15 19:00:00,168.54659,-59.31938,6.78645,JJA,SAt,25910.615941683394,7.197393317134276,decay
2840,19950619,1995-07-15 20:00:00,169.00546,-59.34875,6.7909,JJA,SAt,26227.959734778182,7.285544370771717,decay
2841,19950619,1995-07-15 21:00:00,169.38966,-59.39679,6.75105,JJA,SAt,22410.23226963102,6.22506451934195,decay
2842,19950619,1995-07-15 22:00:00,169.78426,-59.42176,6.82406,JJA,SAt,22501.319224503757,6.250366451251043,intensification 2
2843,19950619,1995-07-15 23:00:00,170.05588,-59.44044,6.83948,JJA,SAt,15500.160565296872,4.305600157026909,intensification 2
2844,19950619,1995-07-16 00:00:00,170.29442,-59.48278,6.80786,JJA,SAt,14276.132627722203,3.965592396589501,intensification 2
2845,19950619,1995-07-16 01:00:00,170.43361,-59.55224,6.77745,JJA,SAt,11013.432947093737,3.0592869297482603,intensification 2
2846,19950619,1995-07-16 02:00:00,170.54263,-59.65521,6.69661,JJA,SAt,12989.19649938725,3.6081101387186805,intensification 2
2847,19950619,1995-07-16 03:00:00,170.62062,-59.78029,6.64096,JJA,SAt,14579.550897177238,4.0498752492159,intensification 2
2848,19950619,1995-07-16 04:00:00,170.75993,-59.90988,6.54785,JJA,SAt,16376.61559211996,4.549059886699989,intensification 2
2849,19950619,1995-07-16 05:00:00,170.93071,-60.08777,6.42618,JJA,SAt,21941.458305807184,6.094849529390885,intensification 2
2850,19950619,1995-07-16 06:00:00,171.15033,-60.32848,6.29491,JJA,SAt,29387.482620307677,8.163189616752133,intensification 2
2851,19950619,1995-07-16 07:00:00,171.37451,-60.60987,6.10801,JJA,SAt,33615.05474104135,9.33751520584482,intensification 2
2852,19950619,1995-07-16 08:00:00,171.61476,-60.98121,5.92944,JJA,SAt,43299.668143068775,12.027685595296882,intensification 2
2853,19950619,1995-07-16 09:00:00,171.93921,-61.55004,5.83337,JJA,SAt,65585.7640635467,18.21826779542964,intensification 2
2854,19950619,1995-07-16 10:00:00,172.35075,-62.00034,5.63944,JJA,SAt,54547.82460512086,15.152173501422462,intensification 2
2855,19950619,1995-07-16 11:00:00,172.5797,-62.47608,5.48059,JJA,SAt,54212.67638434894,15.059076773430261,intensification 2
2856,19950619,1995-07-16 12:00:00,172.82489,-62.91881,5.36887,JJA,SAt,50792.87084630155,14.10913079063932,intensification 2
2857,19950619,1995-07-16 13:00:00,173.17406,-63.36371,5.35963,JJA,SAt,52488.33919629776,14.580094221193823,intensification 2
2858,19950619,1995-07-16 14:00:00,173.63966,-63.76694,5.44353,JJA,SAt,50413.77480771325,14.003826335475903,intensification 2
2859,19950619,1995-07-16 15:00:00,174.129,-64.08838,5.59575,JJA,SAt,43004.74795853043,11.94576332181401,intensification 2
2860,19950619,1995-07-16 16:00:00,174.74661,-64.40856,5.80967,JJA,SAt,46451.66371223377,12.903239920064935,intensification 2
2861,19950619,1995-07-16 17:00:00,175.38091,-64.67013,6.08626,JJA,SAt,42015.08561289849,11.670857114694025,intensification 2
2862,19950619,1995-07-16 18:00:00,176.0313,-64.90639,6.39774,JJA,SAt,40486.22779700922,11.246174388058115,mature 2
2863,19950619,1995-07-16 19:00:00,176.6033,-65.10063,6.71762,JJA,SAt,34479.38595538933,9.577607209830369,mature 2
2864,19950619,1995-07-16 20:00:00,177.10179,-65.28839,7.02066,JJA,SAt,31251.729768576533,8.681036046826815,mature 2
2865,19950619,1995-07-16 21:00:00,177.40331,-65.44121,7.29068,JJA,SAt,22001.625891301126,6.111562747583646,mature 2
2866,19950619,1995-07-16 22:00:00,177.7699,-65.49741,7.46735,JJA,SAt,18040.869329287845,5.011352591468846,mature 2
2867,19950619,1995-07-16 23:00:00,177.78546,-65.59816,7.70762,JJA,SAt,11225.773703756618,3.1182704732657274,decay 2
2868,19950619,1995-07-17 00:00:00,177.64305,-65.68247,7.8968,JJA,SAt,11425.762713968823,3.173822976102451,decay 2
2869,19950619,1995-07-17 01:00:00,177.46318,-65.79275,8.06954,JJA,SAt,14761.98071858925,4.100550199608125,decay 2
2870,19950619,1995-07-17 02:00:00,177.26154,-65.91221,8.27268,JJA,SAt,16142.43970163815,4.484011028232819,incipient
2871,19950619,1995-07-17 03:00:00,177.14059,-66.02019,8.42013,JJA,SAt,13197.227669851685,3.6658965749588015,incipient
2872,19950619,1995-07-17 04:00:00,177.04053,-66.08489,8.45718,JJA,SAt,8494.316418622213,2.3595323385061704,incipient
2873,19950619,1995-07-17 05:00:00,176.9612,-66.09244,8.48941,JJA,SAt,3672.632109623127,1.020175586006424,incipient
2874,19950619,1995-07-17 06:00:00,176.949,-66.09257,8.54255,JJA,SAt,549.9592263814275,0.15276645177261874,incipient
2875,19950619,1995-07-17 07:00:00,176.94842,-66.09804,8.60595,JJA,SAt,608.7982828139268,0.16911063411497967,incipient
2876,19950619,1995-07-17 08:00:00,176.97659,-66.10982,8.67605,JJA,SAt,1823.6704042663084,0.5065751122961968,intensification
2877,19950619,1995-07-17 09:00:00,176.99081,-66.11313,8.70846,JJA,SAt,738.5608226493198,0.2051557840692555,intensification
2878,19950619,1995-07-17 10:00:00,177.43716,-66.5519,8.72827,JJA,SAt,52700.00854083673,14.638891261343536,intensification
2879,19950619,1995-07-17 11:00:00,177.36394,-66.58337,8.75626,JJA,SAt,4767.361659412356,1.3242671276145432,intensification
2880,19950619,1995-07-17 12:00:00,177.19829,-66.51114,8.76936,JJA,SAt,10874.169749124645,3.020602708090179,intensification
2881,19950619,1995-07-17 13:00:00,177.14298,-66.42146,8.68793,JJA,SAt,10269.895139002876,2.8527486497230212,intensification
2882,19950619,1995-07-17 14:00:00,177.17386,-66.40025,8.60737,JJA,SAt,2729.538809385973,0.7582052248294369,intensification
2883,19950619,1995-07-17 15:00:00,177.2431,-66.3651,8.53945,JJA,SAt,4978.999525325809,1.3830554237016137,intensification
2884,19950619,1995-07-17 16:00:00,177.29974,-66.33968,8.50747,JJA,SAt,3790.9601933425442,1.0530444981507068,intensification
2885,19950619,1995-07-17 17:00:00,177.38684,-66.28784,8.47171,JJA,SAt,6954.555933238396,1.9318210925662211,intensification
2886,19950619,1995-07-17 18:00:00,177.48845,-66.26298,8.48372,JJA,SAt,5320.3607941764,1.4778779983823334,intensification
2887,19950619,1995-07-17 19:00:00,177.59763,-66.27316,8.53566,JJA,SAt,5015.363540831114,1.3931565391197538,intensification
2888,19950619,1995-07-17 20:00:00,177.55061,-66.31875,8.60876,JJA,SAt,5487.85417576859,1.5244039377134972,intensification
2889,19950619,1995-07-17 21:00:00,177.51147,-66.40383,8.62842,JJA,SAt,9620.080314861443,2.6722445319059562,intensification
2890,19950619,1995-07-17 22:00:00,178.01968,-66.91912,8.62185,JJA,SAt,61515.53388654986,17.087648301819407,intensification
2891,19950619,1995-07-17 23:00:00,177.91585,-67.11003,8.63267,JJA,SAt,21701.714660106485,6.028254072251801,intensification
2892,19950619,1995-07-18 00:00:00,177.98729,-67.29876,8.63371,JJA,SAt,21210.33639623752,5.891760110065977,intensification
2893,19950619,1995-07-18 01:00:00,178.259,-67.63209,8.67795,JJA,SAt,38831.04330475605,10.786400917987791,mature
2894,19950619,1995-07-18 02:00:00,178.36053,-67.83488,8.61254,JJA,SAt,22951.428616457106,6.375396837904751,mature
2895,19950619,1995-07-18 03:00:00,178.67102,-68.20106,8.58211,JJA,SAt,42718.925961380315,11.866368322605643,mature
2896,19950619,1995-07-18 04:00:00,178.96922,-68.64032,8.53779,JJA,SAt,50342.84886047248,13.984124683464577,mature
2897,19950619,1995-07-18 05:00:00,179.50067,-69.27738,8.41551,JJA,SAt,73946.49054450833,20.54069181791898,mature
2898,19950619,1995-07-18 06:00:00,-179.7869,-70.08844,8.33171,JJA,SAt,94285.59658004741,26.190443494457615,mature
2899,19950619,1995-07-18 07:00:00,-179.52,-70.59771,8.24853,JJA,SAt,57501.448346395126,15.972624540665313,decay
2900,19950619,1995-07-18 08:00:00,-179.08366,-71.24813,8.15397,JJA,SAt,74041.14392469222,20.566984423525618,decay
2901,19950619,1995-07-18 09:00:00,-179.57399,-71.21806,8.02293,JJA,SAt,17856.632486290466,4.96017569063624,decay
2902,19950619,1995-07-18 10:00:00,-178.62393,-72.28455,7.77042,JJA,SAt,123112.32050343911,34.197866806510866,decay
2903,19950619,1995-07-18 11:00:00,-178.62779,-72.57046,7.62693,JJA,SAt,31792.050465892975,8.831125129414716,decay
2904,19950619,1995-07-18 12:00:00,-178.63266,-72.87475,7.46292,JJA,SAt,33835.93423308787,9.398870620302187,decay
2905,19950619,1995-07-18 13:00:00,-178.85857,-73.06029,7.247,JJA,SAt,21903.9395365158,6.084427649032167,incipient
2906,19950619,1995-07-18 14:00:00,-179.14177,-73.18726,7.01583,JJA,SAt,16819.698343631055,4.672138428786404,incipient
2907,19950619,1995-07-18 15:00:00,-179.72144,-73.07507,6.75742,JJA,SAt,22482.46662865743,6.245129619071508,incipient
2908,19950619,1995-07-18 16:00:00,179.5098,-72.66594,6.53096,JJA,SAt,51994.574329155716,14.442937313654365,incipient
2909,19950619,1995-07-18 17:00:00,178.81462,-71.88337,6.34075,JJA,SAt,90142.81375143409,25.03967048650947,incipient
2910,19950619,1995-07-18 18:00:00,178.49,-70.72707,6.26518,JJA,SAt,129093.89777282502,35.85941604800695,intensification
2911,19950619,1995-07-18 19:00:00,178.63567,-70.47907,6.28635,JJA,SAt,28096.1595291545,7.804488758098473,intensification
2912,19950619,1995-07-18 20:00:00,178.91609,-70.32012,6.33088,JJA,SAt,20537.6930148076,5.704914726335444,intensification
2913,19950619,1995-07-18 21:00:00,179.31163,-70.28797,6.36719,JJA,SAt,15248.19506650642,4.235609740696228,intensification
2914,19950619,1995-07-18 22:00:00,179.24669,-70.78772,6.22564,JJA,SAt,55621.79345094816,15.450498180818933,intensification
2915,19950619,1995-07-18 23:00:00,179.70728,-70.66425,6.24431,JJA,SAt,21778.055603734872,6.049459889926354,intensification
2916,19950619,1995-07-19 00:00:00,-179.75746,-70.59705,6.25939,JJA,SAt,21106.505431340847,5.8629181753724575,intensification
2917,19950619,1995-07-19 01:00:00,-179.09146,-70.60243,6.26848,JJA,SAt,24605.966929974293,6.834990813881748,intensification
2918,19950619,1995-07-19 02:00:00,-178.35146,-70.67288,6.31645,JJA,SAt,28382.904054243212,7.884140015067559,intensification
2919,19950619,1995-07-19 03:00:00,-177.7298,-70.73533,6.37961,JJA,SAt,23874.38463898905,6.631773510830292,intensification
2920,19950619,1995-07-19 04:00:00,-177.10068,-70.79774,6.43443,JJA,SAt,24066.584962163834,6.6851624894899535,intensification
2921,19950619,1995-07-19 05:00:00,-176.26277,-70.87524,6.42463,JJA,SAt,31775.520724793347,8.826533534664819,intensification
2922,19950619,1995-07-19 06:00:00,-175.34363,-70.95262,6.39837,JJA,SAt,34508.94399991784,9.585817777754956,intensification
2923,19950619,1995-07-19 07:00:00,-174.46248,-71.02889,6.45399,JJA,SAt,33021.270202369094,9.172575056213637,intensification
2924,19950619,1995-07-19 08:00:00,-173.57248,-71.15524,6.48391,JJA,SAt,35011.14281945066,9.725317449847406,intensification
2925,19950619,1995-07-19 09:00:00,-172.68338,-71.29302,6.51468,JJA,SAt,35316.505587625725,9.810140441007146,intensification
2926,19950619,1995-07-19 10:00:00,-172.91213,-71.41268,5.99148,JJA,SAt,15594.278476557092,4.331744021265859,intensification
2927,19950619,1995-07-19 11:00:00,-172.14073,-71.53813,5.8909,JJA,SAt,30614.3725657976,8.503992379388222,intensification
2928,19950619,1995-07-19 12:00:00,-171.26035,-71.67448,5.71655,JJA,SAt,34409.67934586408,9.558244262740024,intensification
2929,19950619,1995-07-19 13:00:00,-170.3141,-71.80518,5.51718,JJA,SAt,36028.98640698475,10.008051779717988,intensification
2930,19950619,1995-07-19 14:00:00,-169.28703,-71.92858,5.30585,JJA,SAt,38099.61593054623,10.583226647373952,intensification
2931,19950619,1995-07-19 15:00:00,-168.0731,-72.07774,5.09526,JJA,SAt,44881.04195795276,12.466956099431322,intensification
2932,19950619,1995-07-19 16:00:00,-166.7578,-72.21588,4.89032,JJA,SAt,47395.607278909425,13.16544646636373,intensification
2933,19950619,1995-07-19 17:00:00,-165.26839,-72.37656,4.68961,JJA,SAt,53436.51807282257,14.843477242450714,intensification
2934,19950619,1995-07-19 18:00:00,-163.60303,-72.51411,4.49932,JJA,SAt,57907.33382055032,16.085370505708422,intensification
2935,19950619,1995-07-19 19:00:00,-161.94643,-72.59984,4.37448,JJA,SAt,56031.970010276505,15.564436113965696,intensification
2936,19950619,1995-07-19 20:00:00,-160.04433,-72.74744,4.32308,JJA,SAt,65088.93344735201,18.080259290931114,intensification
2937,19950619,1995-07-19 21:00:00,-158.13728,-72.89031,4.29735,JJA,SAt,64619.58621526688,17.949885059796355,intensification
2938,19950619,1995-07-19 22:00:00,-158.41341,-72.92472,3.89529,JJA,SAt,9802.066234920108,2.7227961763666966,intensification
2939,19950619,1995-07-19 23:00:00,-156.97044,-72.83519,3.76334,JJA,SAt,48269.23856415591,13.408121823376641,intensification
2940,19950619,1995-07-20 00:00:00,-155.36018,-72.68626,3.62865,JJA,SAt,55586.68713087944,15.44074642524429,intensification
2941,19950619,1995-07-20 01:00:00,-153.60211,-72.52029,3.57934,JJA,SAt,61290.21194642012,17.025058874005587,intensification
2942,19950619,1995-07-20 02:00:00,-151.92607,-72.36634,3.55441,JJA,SAt,58763.89222791826,16.32330339664396,intensification
2943,19950619,1995-07-20 03:00:00,-150.30215,-72.2037,3.53353,JJA,SAt,57842.421403456894,16.067339278738025,intensification
2944,19950619,1995-07-20 04:00:00,-148.74759,-72.04982,3.55153,JJA,SAt,55741.84815140151,15.483846708722641,intensification
2945,19950619,1995-07-20 05:00:00,-147.32622,-71.92299,3.56288,JJA,SAt,50868.22205439027,14.130061681775075,intensification
2946,19950619,1995-07-20 06:00:00,-145.90338,-71.8037,3.56718,JJA,SAt,51002.84992809837,14.167458313360658,intensification
2947,19950619,1995-07-20 07:00:00,-144.34255,-71.73037,3.56933,JJA,SAt,54909.815359456785,15.252726488737995,intensification
2948,19950619,1995-07-20 08:00:00,-142.60588,-71.69038,3.58119,JJA,SAt,60762.42103443497,16.878450287343046,intensification
2949,19950619,1995-07-20 09:00:00,-140.55653,-71.65636,3.55206,JJA,SAt,71748.73111246085,19.93020308679468,intensification
2950,19950619,1995-07-20 10:00:00,-137.43353,-71.68584,4.0047,JJA,SAt,109240.99022591318,30.344719507198104,intensification
2951,19950619,1995-07-20 11:00:00,-134.79697,-71.71996,4.09046,JJA,SAt,92110.67780477373,25.586299390214926,intensification
2952,19950619,1995-07-20 12:00:00,-132.06444,-71.77286,4.23216,JJA,SAt,95344.38526759787,26.48455146322163,mature
2953,19950619,1995-07-20 13:00:00,-129.45789,-71.92658,4.36436,JJA,SAt,91882.87374383875,25.52302048439965,mature
2954,19950619,1995-07-20 14:00:00,-126.74374,-72.1522,4.53272,JJA,SAt,96376.94360629101,26.771373223969725,mature
2955,19950619,1995-07-20 15:00:00,-124.0062,-72.40829,4.80225,JJA,SAt,96915.45633768656,26.92096009380182,mature
2956,19950619,1995-07-20 16:00:00,-121.5594,-72.62665,5.22133,JJA,SAt,85257.87561508208,23.68274322641169,mature
2957,19950619,1995-07-20 17:00:00,-119.33954,-72.7621,5.64889,JJA,SAt,74950.57193416351,20.81960331504542,mature
2958,19950619,1995-07-20 18:00:00,-117.21886,-72.67699,5.84582,JJA,SAt,70679.52745205563,19.63320207001545,mature
2959,19950619,1995-07-20 19:00:00,-115.18282,-72.52617,6.07681,JJA,SAt,69738.77528721465,19.37188202422629,mature
2960,19950619,1995-07-20 20:00:00,-113.19391,-72.37867,6.35971,JJA,SAt,68662.35749987136,19.0728770832976,mature
2961,19950619,1995-07-20 21:00:00,-111.57165,-72.25571,6.88122,JJA,SAt,56470.35871181229,15.686210753281191,decay
2962,19950619,1995-07-20 22:00:00,-109.89209,-72.55597,6.84172,JJA,SAt,65582.98521676667,18.217495893546296,decay
2963,19950619,1995-07-20 23:00:00,-108.39658,-72.3015,6.89674,JJA,SAt,57625.48272366351,16.007078534350974,decay
2964,19950619,1995-07-21 00:00:00,-106.88274,-72.1145,6.97503,JJA,SAt,55477.91518781172,15.410531996614367,decay
2965,19950619,1995-07-21 01:00:00,-105.32277,-71.93339,7.07672,JJA,SAt,57194.056857790325,15.887238016052867,decay
2966,19950619,1995-07-21 02:00:00,-103.60037,-71.77065,7.14186,JJA,SAt,62335.70958796398,17.31547488554555,decay
2967,19950619,1995-07-21 03:00:00,-101.92236,-71.59257,7.21795,JJA,SAt,61894.0680611589,17.19279668365525,decay
2968,19950619,1995-07-21 04:00:00,-100.42145,-71.38551,7.2099,JJA,SAt,57770.603360057845,16.04738982223829,decay
2969,19950619,1995-07-21 05:00:00,-99.056,-71.15582,7.20011,JJA,SAt,55035.922388762134,15.287756219100594,decay
2970,19950619,1995-07-21 06:00:00,-97.88446,-70.91666,7.19946,JJA,SAt,49992.25724101733,13.886738122504815,decay
2971,19950619,1995-07-21 07:00:00,-96.73438,-70.63863,7.19789,JJA,SAt,52233.58501018551,14.509329169495976,decay
2972,19950619,1995-07-21 08:00:00,-95.53964,-70.3225,7.17653,JJA,SAt,56619.93849528184,15.727760693133844,decay
2973,19950619,1995-07-21 09:00:00,-94.36539,-70.03629,7.15698,JJA,SAt,54523.5811503854,15.145439208440388,decay
2974,19950619,1995-07-21 10:00:00,-92.27231,-69.47615,7.0592,JJA,SAt,101798.42334247839,28.27733981735511,decay
2975,19950619,1995-07-21 11:00:00,-91.29273,-69.2606,7.02171,JJA,SAt,45248.84659817123,12.569124055047563,decay
2976,19950619,1995-07-21 12:00:00,-90.36691,-69.06192,7.00502,JJA,SAt,42769.06114356935,11.880294762102597,decay
2977,19950619,1995-07-21 13:00:00,-89.45193,-68.83379,6.98635,JJA,SAt,44487.302676645624,12.357584076846006,decay
2978,19950619,1995-07-21 14:00:00,-88.59491,-68.6106,7.00268,JJA,SAt,42565.1095506792,11.823641541855332,decay
2979,19950619,1995-07-21 15:00:00,-87.88946,-68.44877,7.06301,JJA,SAt,33884.18846457627,9.412274573493407,decay
2980,19950619,1995-07-21 16:00:00,-87.36044,-68.36341,7.15113,JJA,SAt,23638.125807063854,6.566146057517737,decay
2981,19950619,1995-07-21 17:00:00,-86.95236,-68.30883,7.20132,JJA,SAt,17816.71362514811,4.949087118096697,intensification 2
2982,19950619,1995-07-21 18:00:00,-86.6163,-68.25878,7.21698,JJA,SAt,14904.5843106371,4.140162308510305,intensification 2
2983,19950619,1995-07-21 19:00:00,-86.31714,-68.20301,7.17812,JJA,SAt,13807.83429880896,3.8355095274469337,intensification 2
2984,19950619,1995-07-21 20:00:00,-86.07861,-68.15436,7.13798,JJA,SAt,11245.689473074788,3.123802631409663,intensification 2
2985,19950619,1995-07-21 21:00:00,-85.77014,-68.05209,7.16888,JJA,SAt,17115.783353117764,4.754384264754934,intensification 2
2986,19950619,1995-07-21 22:00:00,-85.11002,-67.76707,7.49353,JJA,SAt,42028.48791666193,11.674579976850536,intensification 2
2987,19950619,1995-07-21 23:00:00,-84.80167,-67.66121,7.52302,JJA,SAt,17539.24299842396,4.872011944006656,intensification 2
2988,19950619,1995-07-22 00:00:00,-84.52347,-67.55911,7.50528,JJA,SAt,16362.532501273,4.545147917020278,intensification 2
2989,19950619,1995-07-22 01:00:00,-84.2644,-67.43266,7.47037,JJA,SAt,17868.195075479238,4.963387520966455,intensification 2
2990,19950619,1995-07-22 02:00:00,-84.0921,-67.33976,7.37227,JJA,SAt,12687.824746086699,3.524395762801861,intensification 2
2991,19950619,1995-07-22 03:00:00,-83.87314,-67.21452,7.30713,JJA,SAt,16804.271760163876,4.6678532667121875,intensification 2
2992,19950619,1995-07-22 04:00:00,-83.67395,-67.08044,7.26206,JJA,SAt,17212.47383381411,4.7812427316150306,intensification 2
2993,19950619,1995-07-22 05:00:00,-83.50037,-66.97363,7.18792,JJA,SAt,14064.354760519022,3.9067652112552835,intensification 2
2994,19950619,1995-07-22 06:00:00,-83.35025,-66.85091,7.13517,JJA,SAt,15134.636939050184,4.204065816402829,intensification 2
2995,19950619,1995-07-22 07:00:00,-83.18143,-66.71419,7.14605,JJA,SAt,16908.073876181912,4.696687187828309,intensification 2
2996,19950619,1995-07-22 08:00:00,-83.05112,-66.58444,7.13745,JJA,SAt,15528.623882097576,4.313506633915993,intensification 2
2997,19950619,1995-07-22 09:00:00,-82.88339,-66.46094,7.12366,JJA,SAt,15613.824675571132,4.337173520991981,intensification 2
2998,19950619,1995-07-22 10:00:00,-81.83057,-65.99715,7.14426,JJA,SAt,69900.28278728215,19.416745218689485,intensification 2
2999,19950619,1995-07-22 11:00:00,-81.5293,-65.8588,7.06356,JJA,SAt,20575.87215579675,5.715520043276875,intensification 2
3000,19950619,1995-07-22 12:00:00,-81.22385,-65.72362,6.99704,JJA,SAt,20491.89440917301,5.692192891436948,intensification 2
3001,19950619,1995-07-22 13:00:00,-80.89114,-65.59747,6.90671,JJA,SAt,20718.295421521343,5.755082061533707,intensification 2
3002,19950619,1995-07-22 14:00:00,-80.58072,-65.46326,6.84573,JJA,SAt,20666.98305295788,5.740828625821633,intensification 2
3003,19950619,1995-07-22 15:00:00,-80.34311,-65.34222,6.77468,JJA,SAt,17380.701837220236,4.827972732561177,intensification 2
3004,19950619,1995-07-22 16:00:00,-80.01971,-65.21999,6.6586,JJA,SAt,20269.420951378634,5.630394708716287,intensification 2
3005,19950619,1995-07-22 17:00:00,-79.71811,-65.10366,6.51222,JJA,SAt,19125.13201152736,5.312536669868711,intensification 2
3006,19950619,1995-07-22 18:00:00,-79.39725,-64.97926,6.3612,JJA,SAt,20444.749081032205,5.679096966953391,intensification 2
3007,19950619,1995-07-22 19:00:00,-79.10706,-64.85632,6.26223,JJA,SAt,19338.763170045626,5.371878658346007,intensification 2
3008,19950619,1995-07-22 20:00:00,-78.7298,-64.74178,6.14925,JJA,SAt,21937.542607526182,6.09376183542394,intensification 2
3009,19950619,1995-07-22 21:00:00,-78.36197,-64.61687,6.02988,JJA,SAt,22336.18819574199,6.204496721039441,intensification 2
3010,19950619,1995-07-22 22:00:00,-78.65308,-64.5445,5.97051,JJA,SAt,16056.565915917294,4.4601571988659146,intensification 2
3011,19950619,1995-07-22 23:00:00,-78.62189,-64.49121,5.77651,JJA,SAt,6110.561823249469,1.6973782842359635,intensification 2
3012,19950619,1995-07-23 00:00:00,-78.40094,-64.4245,5.64584,JJA,SAt,12932.236804322672,3.5922880012007425,intensification 2
3013,19950619,1995-07-23 01:00:00,-78.15454,-64.37002,5.48631,JJA,SAt,13299.462381731655,3.694295106036571,intensification 2
3014,19950619,1995-07-23 02:00:00,-77.83673,-64.20104,5.42765,JJA,SAt,24251.90763106067,6.736641008627964,intensification 2
3015,19950619,1995-07-23 03:00:00,-77.44806,-64.13216,5.29483,JJA,SAt,20330.43255713511,5.6473423769819755,intensification 2
3016,19950619,1995-07-23 04:00:00,-77.17218,-64.01652,5.26139,JJA,SAt,18580.143092678514,5.161150859077365,intensification 2
3017,19950619,1995-07-23 05:00:00,-76.96133,-63.8978,5.24744,JJA,SAt,16739.941165900178,4.649983657194494,intensification 2
3018,19950619,1995-07-23 06:00:00,-77.07687,-63.83794,5.17406,JJA,SAt,8736.339834324068,2.4267610650900187,intensification 2
3019,19950619,1995-07-23 07:00:00,-76.92169,-63.7849,5.10038,JJA,SAt,9631.989467143596,2.67555262976211,intensification 2
3020,19950619,1995-07-23 08:00:00,-77.23004,-63.70504,4.94733,JJA,SAt,17575.716434703278,4.882143454084244,intensification 2
3021,19950619,1995-07-23 09:00:00,-77.85037,-63.57607,4.87906,JJA,SAt,33817.27053705416,9.393686260292823,intensification 2
3022,19950619,1995-07-23 10:00:00,-77.91242,-63.61749,4.92535,JJA,SAt,5534.0922974425575,1.5372478604007105,intensification 2
3023,19950619,1995-07-23 11:00:00,-78.27438,-63.437,4.80869,JJA,SAt,26919.928471632174,7.477757908786715,intensification 2
3024,19950620,1995-07-13 01:00:00,-101.68796,-68.07406,3.75603,JJA,SAt,,,intensification
3025,19950620,1995-07-13 02:00:00,-99.668,-67.67435,3.73746,JJA,SAt,95555.92398874988,26.54331221909719,intensification
3026,19950620,1995-07-13 03:00:00,-98.0235,-67.32628,3.74694,JJA,SAt,79963.39988346562,22.212055523184894,intensification
3027,19950620,1995-07-13 04:00:00,-96.48004,-67.01488,3.78489,JJA,SAt,75050.62265759759,20.847395182666,intensification
3028,19950620,1995-07-13 05:00:00,-95.18246,-66.73268,3.88415,JJA,SAt,64774.93589830444,17.99303774952901,intensification
3029,19950620,1995-07-13 06:00:00,-94.00122,-66.43928,4.00845,JJA,SAt,61550.056777371974,17.097237993714437,intensification
3030,19950620,1995-07-13 07:00:00,-92.87314,-66.15591,4.12532,JJA,SAt,59458.02405035359,16.516117791764884,intensification
3031,19950620,1995-07-13 08:00:00,-91.95651,-65.85632,4.25486,JJA,SAt,53174.0343249269,14.770565090257472,intensification
3032,19950620,1995-07-13 09:00:00,-90.98834,-65.60008,4.34487,JJA,SAt,52631.92665974286,14.61997962770635,intensification
3033,19950620,1995-07-13 10:00:00,-89.81229,-65.31885,4.80481,JJA,SAt,62671.64654235401,17.408790706209448,intensification
3034,19950620,1995-07-13 11:00:00,-88.82428,-65.054,4.91764,JJA,SAt,54707.5151046049,15.196531973501362,intensification
3035,19950620,1995-07-13 12:00:00,-87.93826,-64.75909,4.9886,JJA,SAt,53113.404081133456,14.753723355870404,intensification
3036,19950620,1995-07-13 13:00:00,-87.0433,-64.4421,5.0064,JJA,SAt,55355.95528884479,15.37665424690133,intensification
3037,19950620,1995-07-13 14:00:00,-86.12241,-64.10378,5.02412,JJA,SAt,58231.259954767986,16.175349987435553,intensification
3038,19950620,1995-07-13 15:00:00,-85.2937,-63.75299,5.04528,JJA,SAt,56227.50112885325,15.618750313570347,intensification
3039,19950620,1995-07-13 16:00:00,-84.47635,-63.42984,5.07818,JJA,SAt,54084.17471315001,15.023381864763891,intensification
3040,19950620,1995-07-13 17:00:00,-83.63165,-63.15704,5.16702,JJA,SAt,51980.6125891461,14.439059052540582,intensification
3041,19950620,1995-07-13 18:00:00,-82.79037,-62.91352,5.26447,JJA,SAt,50323.31982911156,13.97869995253099,intensification
3042,19950620,1995-07-13 19:00:00,-81.87668,-62.73531,5.3793,JJA,SAt,50455.2517004829,14.015347694578583,intensification
3043,19950620,1995-07-13 20:00:00,-80.97076,-62.52905,5.49313,JJA,SAt,51675.29399095142,14.354248330819837,intensification
3044,19950620,1995-07-13 21:00:00,-80.11124,-62.24571,5.57435,JJA,SAt,54358.58435881215,15.099606766336708,intensification
3045,19950620,1995-07-13 22:00:00,-79.01358,-62.10357,5.70547,JJA,SAt,59123.21666933709,16.423115741482526,intensification
3046,19950620,1995-07-13 23:00:00,-78.16492,-61.79198,5.70737,JJA,SAt,56300.958118587645,15.639155032941012,intensification
3047,19950620,1995-07-14 00:00:00,-77.409,-61.49863,5.76628,JJA,SAt,51551.40127515486,14.319833687543015,mature
3048,19950620,1995-07-14 01:00:00,-76.6648,-61.25928,5.79602,JJA,SAt,47744.62821519216,13.262396726442267,mature
3049,19950620,1995-07-14 02:00:00,-75.99814,-61.06557,5.80719,JJA,SAt,41741.178229995116,11.594771730554198,mature
3050,19950620,1995-07-14 03:00:00,-75.31494,-60.90915,5.84517,JJA,SAt,40743.67436125671,11.317687322571308,mature
3051,19950620,1995-07-14 04:00:00,-74.54105,-60.8311,5.86204,JJA,SAt,42779.02703557203,11.883063065436675,mature
3052,19950620,1995-07-14 05:00:00,-73.84552,-60.76926,5.8526,JJA,SAt,38351.901023687366,10.653305839913157,mature
3053,19950620,1995-07-14 06:00:00,-73.03439,-60.75389,5.83226,JJA,SAt,44087.500708122105,12.246527974478363,mature
3054,19950620,1995-07-14 07:00:00,-72.25552,-60.70137,5.83191,JJA,SAt,42747.808770099866,11.87439132502774,mature
3055,19950620,1995-07-14 08:00:00,-71.51703,-60.67695,5.81443,JJA,SAt,40291.290320237385,11.192025088954829,mature
3056,19950620,1995-07-14 09:00:00,-70.77579,-60.65992,5.79164,JJA,SAt,40419.759436926586,11.227710954701829,decay
3057,19950620,1995-07-14 10:00:00,-70.01956,-60.72304,5.43595,JJA,SAt,41756.454185085626,11.599015051412675,decay
3058,19950620,1995-07-14 11:00:00,-69.3782,-60.67034,5.4324,JJA,SAt,35392.76843863673,9.83132456628798,decay
3059,19950620,1995-07-14 12:00:00,-68.83939,-60.67124,5.40153,JJA,SAt,29347.103487327004,8.151973190924167,decay
3060,19950620,1995-07-14 13:00:00,-68.28742,-60.68118,5.33675,JJA,SAt,30078.95567282798,8.355265464674439,decay
3061,19950620,1995-07-14 14:00:00,-67.8161,-60.75488,5.21837,JJA,SAt,26911.46125471826,7.475405904088405,decay
3062,19950620,1995-07-14 15:00:00,-67.36829,-60.80694,5.10066,JJA,SAt,24986.849014366864,6.940791392879684,decay
3063,19950620,1995-07-14 16:00:00,-66.78488,-60.85976,4.97963,JJA,SAt,32156.433379300055,8.932342605361127,decay
3064,19950620,1995-07-14 17:00:00,-66.17267,-60.8454,4.86173,JJA,SAt,33194.67900582771,9.220744168285476,decay
3065,19950620,1995-07-14 18:00:00,-65.52216,-60.82256,4.72337,JJA,SAt,35342.37261394393,9.817325726095536,decay
3066,19950620,1995-07-14 19:00:00,-64.88382,-60.82911,4.60238,JJA,SAt,34607.99652677376,9.613332368548265,decay
3067,19950620,1995-07-14 20:00:00,-64.27243,-60.84603,4.50413,JJA,SAt,33180.77917801276,9.216883105003545,decay
3068,19950620,1995-07-14 21:00:00,-63.58496,-60.94593,4.39678,JJA,SAt,38805.45296062189,10.779292489061637,decay
3069,19950620,1995-07-14 22:00:00,-63.18481,-61.45112,4.11181,JJA,SAt,60125.53559877609,16.701537666326693,decay
3070,19950620,1995-07-14 23:00:00,-62.58939,-61.57177,3.99572,JJA,SAt,34311.30777540116,9.530918826500322,decay
3071,19950620,1995-07-15 00:00:00,-62.19833,-61.73948,3.92783,JJA,SAt,27820.382501627544,7.727884028229873,decay
3072,19950620,1995-07-15 01:00:00,-61.69412,-61.80504,3.84772,JJA,SAt,27501.49957969742,7.63930543880484,decay
3073,19950620,1995-07-15 02:00:00,-61.1348,-61.83566,3.75837,JJA,SAt,29566.78085838856,8.21299468288571,decay
3074,19950620,1995-07-15 03:00:00,-60.42114,-61.90068,3.66332,JJA,SAt,38108.16320122631,10.58560088922953,decay
3075,19950620,1995-07-15 04:00:00,-59.66824,-61.96763,3.64137,JJA,SAt,40085.60766856376,11.134891019045488,decay
3076,19950620,1995-07-15 05:00:00,-58.82983,-61.99427,3.63962,JJA,SAt,43894.58293000346,12.19293970277874,decay
3077,19950620,1995-07-15 06:00:00,-57.64304,-61.97255,3.59595,JJA,SAt,62033.81472052177,17.231615200144937,decay
3078,19950620,1995-07-15 07:00:00,-56.51746,-61.94553,3.54277,JJA,SAt,58913.478512904876,16.364855142473576,decay
3079,19950620,1995-07-15 08:00:00,-55.32581,-61.98062,3.50178,JJA,SAt,62404.22267454591,17.334506298484975,decay
3080,19950620,1995-07-15 09:00:00,-54.24158,-62.04375,3.50902,JJA,SAt,57010.47540678564,15.836243168551567,decay
3081,19950620,1995-07-15 10:00:00,-53.98941,-62.28208,3.33959,JJA,SAt,29559.226263374047,8.210896184270569,decay
3082,19950620,1995-07-15 11:00:00,-52.90784,-62.41719,3.29955,JJA,SAt,57797.98287894554,16.054995244151538,decay
3083,19950620,1995-07-15 12:00:00,-52.10748,-62.61596,3.27698,JJA,SAt,46640.038431652065,12.955566231014462,decay
3084,19950620,1995-07-15 13:00:00,-51.28381,-62.81182,3.25349,JJA,SAt,47298.84790146328,13.138568861517578,decay
3085,19950620,1995-07-15 14:00:00,-50.40167,-63.01772,3.25954,JJA,SAt,50187.60204512514,13.941000568090317,decay
3086,19950620,1995-07-15 15:00:00,-49.50168,-63.24402,3.2693,JJA,SAt,51757.131289726356,14.376980913812877,decay
3087,19950620,1995-07-15 16:00:00,-48.70361,-63.4852,3.30412,JJA,SAt,47978.19056759023,13.327275157663953,decay
3088,19950620,1995-07-15 17:00:00,-47.95261,-63.72951,3.32291,JJA,SAt,45998.95530239928,12.777487583999799,decay
3089,19950620,1995-07-15 18:00:00,-47.22116,-63.97537,3.33734,JJA,SAt,45078.061629812684,12.521683786059079,decay
3090,19950620,1995-07-15 19:00:00,-46.5123,-64.17886,3.34617,JJA,SAt,41222.513129783256,11.45069809160646,decay
3091,19950620,1995-07-15 20:00:00,-45.90576,-64.38212,3.34775,JJA,SAt,36979.117036434116,10.271976954565032,decay
3092,19950620,1995-07-15 21:00:00,-45.31949,-64.60661,3.37618,JJA,SAt,37564.199883149,10.434499967541388,decay
3093,19950620,1995-07-15 22:00:00,-44.93784,-64.76811,3.27065,JJA,SAt,25528.591646134453,7.09127545725957,intensification 2
3094,19950620,1995-07-15 23:00:00,-44.83096,-65.00352,3.28173,JJA,SAt,26657.979980922104,7.404994439145029,intensification 2
3095,19950620,1995-07-16 00:00:00,-45.11005,-65.26675,3.26942,JJA,SAt,32046.77278274248,8.901881328539577,intensification 2
3096,19950620,1995-07-16 01:00:00,-45.66715,-65.48662,3.27719,JJA,SAt,35551.027114930956,9.875285309703044,intensification 2
3097,19950620,1995-07-16 02:00:00,-46.14279,-65.65071,3.27594,JJA,SAt,28485.479633907034,7.912633231640843,intensification 2
3098,19950620,1995-07-16 03:00:00,-46.44043,-65.78517,3.24229,JJA,SAt,20218.150555740318,5.616152932150088,intensification 2
3099,19950620,1995-07-16 04:00:00,-46.69357,-65.86925,3.20705,JJA,SAt,14841.28848219476,4.122580133942988,intensification 2
3100,19950620,1995-07-16 05:00:00,-46.90906,-65.94215,3.19429,JJA,SAt,12704.193452280848,3.5289426256335688,intensification 2
3101,19950620,1995-07-16 06:00:00,-46.96756,-66.01956,3.20391,JJA,SAt,9005.645566071034,2.5015682127975096,intensification 2
3102,19950620,1995-07-16 07:00:00,-46.88821,-66.12109,3.24353,JJA,SAt,11843.31850089403,3.2898106946927865,intensification 2
3103,19950620,1995-07-16 08:00:00,-46.64053,-66.25613,3.28708,JJA,SAt,18684.328675238023,5.1900912986772285,intensification 2
3104,19950620,1995-07-16 09:00:00,-46.31171,-66.3976,3.32397,JJA,SAt,21516.974450278387,5.976937347299552,intensification 2
3105,19950620,1995-07-16 10:00:00,-45.52628,-66.79923,3.46535,JJA,SAt,56547.10320177725,15.707528667160348,intensification 2
3106,19950620,1995-07-16 11:00:00,-45.02261,-66.91647,3.48598,JJA,SAt,25581.794436115935,7.106054010032204,intensification 2
3107,19950620,1995-07-16 12:00:00,-44.68176,-67.00261,3.47813,JJA,SAt,17657.328300011162,4.904813416669767,intensification 2
3108,19950620,1995-07-16 13:00:00,-44.53989,-67.04263,3.47391,JJA,SAt,7597.727783976407,2.1104799399934464,intensification 2
3109,19950620,1995-07-16 14:00:00,-44.461,-67.05109,3.50415,JJA,SAt,3547.9419312111195,0.985539425336422,intensification 2
3110,19950620,1995-07-16 15:00:00,-44.41614,-67.05172,3.52629,JJA,SAt,1946.1902600775898,0.5406084055771083,intensification 2
3111,19950620,1995-07-16 16:00:00,-44.3269,-67.10763,3.559,JJA,SAt,7320.156630065107,2.0333768416847517,intensification 2
3112,19950620,1995-07-16 17:00:00,-44.09695,-67.24157,3.62251,JJA,SAt,17894.13806542472,4.970593907062422,intensification 2
3113,19950620,1995-07-16 18:00:00,-43.74188,-67.43272,3.67644,JJA,SAt,26138.00713391152,7.260557537197644,mature 2
3114,19950620,1995-07-16 19:00:00,-43.40552,-67.6324,3.73957,JJA,SAt,26406.198373566032,7.335055103768342,mature 2
3115,19950620,1995-07-16 20:00:00,-43.11581,-67.853,3.79422,JJA,SAt,27396.732963093826,7.610203600859396,mature 2
3116,19950620,1995-07-16 21:00:00,-42.88058,-68.0763,3.85893,JJA,SAt,26698.707730183996,7.416307702828888,mature 2
3117,19950620,1995-07-16 22:00:00,-41.69311,-68.68587,3.78724,JJA,SAt,83428.98187680442,23.174717188001228,mature 2
3118,19950620,1995-07-16 23:00:00,-41.6861,-68.80447,3.74936,JJA,SAt,13190.763910555756,3.6641010862654877,decay 2
3119,19950620,1995-07-17 00:00:00,-41.67456,-68.89442,3.71808,JJA,SAt,10012.708350461444,2.781307875128179,decay 2
3120,19950620,1995-07-17 01:00:00,-41.57529,-68.98206,3.69622,JJA,SAt,10521.590111498617,2.922663919860727,decay 2
3121,19950620,1995-07-17 02:00:00,-41.45483,-69.09491,3.68964,JJA,SAt,13432.142877767194,3.731150799379776,incipient
3122,19950620,1995-07-17 03:00:00,-41.29593,-69.2514,3.67339,JJA,SAt,18500.163095801945,5.138934193278318,incipient
3123,19950620,1995-07-17 04:00:00,-41.13492,-69.43337,3.70733,JJA,SAt,21197.01330518335,5.888059251439819,incipient
3124,19950620,1995-07-17 05:00:00,-40.89221,-69.60635,3.72841,JJA,SAt,21427.31245659811,5.9520312379439195,incipient
3125,19950620,1995-07-17 06:00:00,-40.65796,-69.83013,3.71674,JJA,SAt,26470.662690420544,7.3529618584501515,incipient
3126,19950620,1995-07-17 07:00:00,-40.42978,-70.06139,3.683,JJA,SAt,27146.92676451879,7.540812990144109,incipient
3127,19950620,1995-07-17 08:00:00,-40.2637,-70.24203,3.62148,JJA,SAt,21042.180697297696,5.845050193693805,intensification
3128,19950620,1995-07-17 09:00:00,-40.21017,-70.37044,3.56256,JJA,SAt,14418.76490071402,4.0052124724205616,intensification
3129,19950620,1995-07-17 10:00:00,-40.51495,-70.70393,3.58279,JJA,SAt,38763.48517705235,10.767634771403431,intensification
3130,19950620,1995-07-17 11:00:00,-40.61057,-70.78086,3.50895,JJA,SAt,9245.122860513151,2.568089683475875,intensification
3131,19950620,1995-07-17 12:00:00,-40.66946,-70.86286,3.40841,JJA,SAt,9368.313403587488,2.6023092787743023,intensification
3132,19950620,1995-07-17 13:00:00,-40.61276,-70.95023,3.31864,JJA,SAt,9931.601858593354,2.7587782940537093,intensification
3133,19950620,1995-07-17 14:00:00,-40.50284,-71.08307,3.25584,JJA,SAt,15296.88721500419,4.249135337501164,intensification
3134,19950620,1995-07-17 15:00:00,-40.29529,-71.243,3.19268,JJA,SAt,19281.453020999426,5.3559591724998405,intensification
3135,19950620,1995-07-17 16:00:00,-40.0495,-71.42567,3.11075,JJA,SAt,22115.299521763412,6.143138756045392,intensification
3136,19950620,1995-07-17 17:00:00,-39.9071,-71.61185,3.01224,JJA,SAt,21302.075497686725,5.917243193801868,intensification
3137,19950620,1995-07-17 18:00:00,-39.8945,-71.80167,2.92043,JJA,SAt,21111.631417977987,5.864342060549441,intensification
3138,19950620,1995-07-17 19:00:00,-39.99612,-72.00655,2.79228,JJA,SAt,23050.413650997565,6.402892680832657,intensification
3139,19950621,1995-07-13 02:00:00,-9.31485,-33.7378,3.84549,JJA,SAt,,,intensification
3140,19950621,1995-07-13 03:00:00,-9.16824,-33.2713,3.75811,JJA,SAt,53624.05419562843,14.895570609896787,intensification
3141,19950621,1995-07-13 04:00:00,-8.97873,-32.97031,3.68924,JJA,SAt,37836.79647921386,10.510221244226072,intensification
3142,19950621,1995-07-13 05:00:00,-8.72559,-32.91572,3.60531,JJA,SAt,24389.51518658542,6.774865329607061,intensification
3143,19950621,1995-07-13 06:00:00,-8.50296,-32.72847,3.63249,JJA,SAt,29433.048125797737,8.175846701610482,intensification
3144,19950621,1995-07-13 07:00:00,-8.22379,-32.57299,3.74915,JJA,SAt,31337.368147974204,8.70482448554839,intensification
3145,19950621,1995-07-13 08:00:00,-7.91363,-32.50088,3.78874,JJA,SAt,30160.51626259805,8.377921184055014,intensification
3146,19950621,1995-07-13 09:00:00,-7.75617,-32.18661,3.81916,JJA,SAt,37947.13451076362,10.54087069743434,intensification
3147,19950621,1995-07-13 10:00:00,-7.43341,-32.9201,4.08467,JJA,SAt,86989.61670475343,24.16378241798706,intensification
3148,19950621,1995-07-13 11:00:00,-7.36185,-32.72587,3.83952,JJA,SAt,22608.875620645576,6.280243227957104,intensification
3149,19950621,1995-07-13 12:00:00,-7.29627,-32.50325,3.65925,JJA,SAt,25504.91603494058,7.084698898594605,intensification
3150,19950621,1995-07-13 13:00:00,-7.08145,-32.23357,3.65232,JJA,SAt,36142.395192651435,10.039554220180953,intensification
3151,19950621,1995-07-13 14:00:00,-6.94046,-31.92854,3.45491,JJA,SAt,36426.19807871375,10.118388355198265,intensification
3152,19950621,1995-07-13 15:00:00,-6.80984,-31.6251,3.37999,JJA,SAt,35929.23495621644,9.980343043393455,intensification
3153,19950621,1995-07-13 16:00:00,-6.64322,-31.53484,3.28416,JJA,SAt,18704.35838240272,5.195655106222977,intensification
3154,19950621,1995-07-13 17:00:00,-6.49771,-31.11783,3.40138,JJA,SAt,48385.4611861846,13.440405885051277,intensification
3155,19950621,1995-07-13 18:00:00,-6.46985,-30.96925,3.21408,JJA,SAt,16733.2093280595,4.64811370223875,intensification
3156,19950621,1995-07-13 19:00:00,-6.31995,-30.55984,3.18477,JJA,SAt,47724.23462428959,13.256731840080441,intensification
3157,19950621,1995-07-13 20:00:00,-6.12057,-30.29843,3.16169,JJA,SAt,34790.098674583955,9.663916298495543,intensification
3158,19950621,1995-07-13 21:00:00,-6.08926,-29.98332,3.04399,JJA,SAt,35167.79959932655,9.768833222035154,intensification
3159,19950621,1995-07-13 22:00:00,-5.992,-29.30793,3.20295,JJA,SAt,75685.92889117631,21.023869136437867,intensification
3160,19950621,1995-07-13 23:00:00,-5.80539,-29.14532,3.2024,JJA,SAt,25590.163299995478,7.108378694443188,intensification
3161,19950621,1995-07-14 00:00:00,-5.63391,-28.98604,3.2217,JJA,SAt,24319.820531964473,6.755505703323465,mature
3162,19950621,1995-07-14 01:00:00,-5.46075,-28.82751,3.15934,JJA,SAt,24389.49655572873,6.774860154369091,mature
3163,19950621,1995-07-14 02:00:00,-5.36145,-28.66175,3.15546,JJA,SAt,20819.45262949471,5.783181285970753,mature
3164,19950621,1995-07-14 03:00:00,-5.2951,-28.46332,3.10555,JJA,SAt,22996.268525919586,6.3878523683109965,mature
3165,19950621,1995-07-14 04:00:00,-5.16071,-28.20987,3.0823,JJA,SAt,31100.568418159975,8.639046782822215,mature
3166,19950621,1995-07-14 05:00:00,-5.16303,-27.82735,2.95799,JJA,SAt,42534.953090954674,11.81526474748741,mature
3167,19950621,1995-07-14 06:00:00,-5.14569,-27.51563,2.95768,JJA,SAt,34703.767697962474,9.639935471656242,mature
3168,19950621,1995-07-14 07:00:00,-5.10776,-27.19808,2.8819,JJA,SAt,35508.139858762195,9.8633721829895,mature
3169,19950621,1995-07-14 08:00:00,-5.02496,-26.89111,2.74831,JJA,SAt,35104.736814069605,9.751315781686001,mature
3170,19950621,1995-07-14 09:00:00,-5.03928,-26.59527,2.6936,JJA,SAt,32926.67311290873,9.14629808691909,decay
3171,19950621,1995-07-14 10:00:00,-5.39535,-26.11499,2.47097,JJA,SAt,64115.03573739485,17.809732149276346,decay
3172,19950621,1995-07-14 11:00:00,-5.4708,-25.88586,2.44733,JJA,SAt,26570.565630066398,7.380712675018444,decay
3173,19950621,1995-07-14 12:00:00,-5.52075,-25.62635,2.38232,JJA,SAt,29286.622529365453,8.135172924823737,decay
3174,19950621,1995-07-14 13:00:00,-5.71039,-25.33168,2.28416,JJA,SAt,37894.27010344359,10.526186139845441,decay
3175,19950621,1995-07-14 14:00:00,-5.83646,-25.03222,2.17727,JJA,SAt,35633.19561555415,9.898109893209485,decay
3176,19950621,1995-07-14 15:00:00,-5.89758,-24.6968,2.08668,JJA,SAt,37803.34553666393,10.500929315739981,decay
3177,19950621,1995-07-14 16:00:00,-6.01761,-24.3431,2.0476,JJA,SAt,41161.62472859231,11.433784646831198,decay
3178,19950621,1995-07-14 17:00:00,-6.16266,-23.98843,1.99545,JJA,SAt,42093.50123112388,11.692639230867744,decay
3179,19950621,1995-07-14 18:00:00,-6.27762,-23.68567,1.95645,JJA,SAt,35638.134622195634,9.899481839498787,decay
3180,19950621,1995-07-14 19:00:00,-6.52441,-23.36446,1.93139,JJA,SAt,43689.54568407794,12.135984912243872,decay
3181,19950621,1995-07-14 20:00:00,-6.55585,-23.07941,1.8447,JJA,SAt,31858.565094677495,8.849601415188193,decay
3182,19950621,1995-07-14 21:00:00,-6.75385,-22.77538,1.80555,JJA,SAt,39421.51956960677,10.950422102668547,decay
3183,19950621,1995-07-14 22:00:00,-7.35031,-22.22899,1.7155,JJA,SAt,86288.57234106859,23.969047872519052,decay
3184,19950621,1995-07-14 23:00:00,-7.43127,-22.1183,1.68121,JJA,SAt,14865.7288889944,4.1293691358317774,decay
3185,19950621,1995-07-15 00:00:00,-7.45779,-21.95031,1.6406,JJA,SAt,18878.607375159416,5.244057604210949,decay
3186,19950621,1995-07-15 01:00:00,-7.49722,-21.79044,1.58807,JJA,SAt,18236.469507552272,5.0656859743200755,decay
3187,19950621,1995-07-15 02:00:00,-7.66287,-21.50027,1.52258,JJA,SAt,36526.36688882028,10.146213024672301,decay
3188,19950621,1995-07-15 03:00:00,-7.83908,-21.10821,1.43746,JJA,SAt,47262.77784433567,13.128549401204353,decay
3189,19950621,1995-07-15 04:00:00,-8.10806,-20.5684,1.36682,JJA,SAt,66213.73778411602,18.392704940032228,decay
3190,19950621,1995-07-15 05:00:00,-8.53696,-19.59379,1.30801,JJA,SAt,117263.53154130594,32.57320320591832,decay
3191,19950622,1995-07-13 03:00:00,-5.89328,-39.47962,3.36176,JJA,SAt,,,intensification
3192,19950622,1995-07-13 04:00:00,-5.13742,-40.19635,3.13051,JJA,SAt,102549.56534467616,28.485990373521155,intensification
3193,19950622,1995-07-13 05:00:00,-4.41708,-40.84504,2.83705,JJA,SAt,94393.60270614468,26.2204451961513,intensification
3194,19950622,1995-07-13 06:00:00,-3.59277,-41.69412,2.63382,JJA,SAt,116874.94058837398,32.465261274548325,intensification
3195,19950622,1995-07-13 07:00:00,-3.02258,-42.32209,2.47734,JJA,SAt,84233.04932029037,23.398069255636216,intensification
3196,19950622,1995-07-13 08:00:00,-2.64749,-42.87824,2.33719,JJA,SAt,69042.46410390465,19.178462251084625,intensification
3197,19950622,1995-07-13 09:00:00,-2.42996,-43.66952,2.26793,JJA,SAt,89731.53326237801,24.925425906216116,intensification
3198,19950622,1995-07-13 10:00:00,-0.31082,-44.71877,1.83977,JJA,SAt,205307.2223457878,57.029783984941055,intensification
3199,19950622,1995-07-13 11:00:00,-0.61508,-45.3606,1.90774,JJA,SAt,75265.74276517835,20.907150768105097,intensification
3200,19950622,1995-07-13 12:00:00,-1.40311,-46.13328,2.08777,JJA,SAt,105454.56094836147,29.292933596767075,intensification
3201,19950622,1995-07-13 13:00:00,-1.19638,-46.73201,2.25514,JJA,SAt,68434.88547720108,19.009690410333633,intensification
3202,19950622,1995-07-13 14:00:00,-0.39169,-47.20311,2.45671,JJA,SAt,80450.9447390118,22.3474846497255,intensification
3203,19950622,1995-07-13 15:00:00,0.31749,-47.62853,2.60853,JJA,SAt,71309.19267370869,19.808109076030192,intensification
3204,19950622,1995-07-13 16:00:00,1.09223,-47.9962,2.80911,JJA,SAt,70840.17552753078,19.67782653542522,intensification
3205,19950622,1995-07-13 17:00:00,1.92931,-48.281,3.01288,JJA,SAt,69721.1248887279,19.366979135757752,intensification
3206,19950622,1995-07-13 18:00:00,2.80153,-48.58302,3.23752,JJA,SAt,72586.76954709998,20.162991540861103,intensification
3207,19950622,1995-07-13 19:00:00,3.65265,-48.88306,3.47578,JJA,SAt,70777.70183814582,19.66047273281828,intensification
3208,19950622,1995-07-13 20:00:00,4.5453,-49.20585,3.68003,JJA,SAt,74304.32387106518,20.64008996418477,intensification
3209,19950622,1995-07-13 21:00:00,5.48564,-49.63412,3.82476,JJA,SAt,83030.66640071689,23.064074000199135,intensification
3210,19950622,1995-07-13 22:00:00,5.6156,-49.80652,4.45411,JJA,SAt,21325.514601858547,5.923754056071819,intensification
3211,19950622,1995-07-13 23:00:00,6.50146,-50.11624,4.38321,JJA,SAt,72120.8314716253,20.033564297673692,intensification
3212,19950622,1995-07-14 00:00:00,7.48254,-50.52516,4.29765,JJA,SAt,83180.30871884273,23.105641310789647,mature
3213,19950622,1995-07-14 01:00:00,8.83701,-51.20675,4.20758,JJA,SAt,121568.08406691537,33.768912240809826,mature
3214,19950622,1995-07-14 02:00:00,10.17994,-51.98366,4.17575,JJA,SAt,126756.27494936057,35.21007637482238,mature
3215,19950622,1995-07-14 03:00:00,11.29884,-52.71396,4.22537,JJA,SAt,111219.53469088652,30.89431519191292,mature
3216,19950622,1995-07-14 04:00:00,12.20221,-53.18414,4.31017,JJA,SAt,79977.07024037729,22.215852844549246,mature
3217,19950622,1995-07-14 05:00:00,12.98824,-53.50185,4.37974,JJA,SAt,63014.93867006193,17.50414963057276,mature
3218,19950622,1995-07-14 06:00:00,13.76182,-53.78602,4.48085,JJA,SAt,59987.94510174044,16.66331808381679,mature
3219,19950622,1995-07-14 07:00:00,14.49212,-53.96589,4.6479,JJA,SAt,51883.35404447185,14.41204279013107,mature
3220,19950622,1995-07-14 08:00:00,15.20471,-54.1284,4.76066,JJA,SAt,49907.29699705241,13.86313805473678,mature
3221,19950622,1995-07-14 09:00:00,15.96732,-54.3323,4.91364,JJA,SAt,54506.006411107424,15.140557336418729,decay
3222,19950622,1995-07-14 10:00:00,17.28031,-54.97349,5.08821,JJA,SAt,110529.31726915002,30.70258813031945,decay
3223,19950622,1995-07-14 11:00:00,18.1303,-55.2286,5.24728,JJA,SAt,61063.06034396809,16.961961206657804,decay
3224,19950622,1995-07-14 12:00:00,18.97659,-55.59764,5.37953,JJA,SAt,67359.52972192918,18.71098047831366,decay
3225,19950622,1995-07-14 13:00:00,19.82688,-55.98121,5.51631,JJA,SAt,68152.84038128427,18.931344550356744,decay
3226,19950622,1995-07-14 14:00:00,20.64978,-56.25199,5.65157,JJA,SAt,59235.441209645884,16.454289224901633,decay
3227,19950622,1995-07-14 15:00:00,21.43173,-56.46732,5.85291,JJA,SAt,53790.248125797865,14.941735590499407,decay
3228,19950622,1995-07-14 16:00:00,22.21669,-56.68364,6.04762,JJA,SAt,53760.03536116305,14.933343155878624,decay
3229,19950622,1995-07-14 17:00:00,22.96956,-56.89317,6.24278,JJA,SAt,51432.95719328304,14.286932553689732,decay
3230,19950622,1995-07-14 18:00:00,23.73949,-57.09857,6.46564,JJA,SAt,51925.33656261117,14.423704600725324,decay
3231,19950622,1995-07-14 19:00:00,24.48878,-57.33855,6.7055,JJA,SAt,52412.07925204928,14.558910903347023,decay
3232,19950622,1995-07-14 20:00:00,25.22873,-57.64113,6.98453,JJA,SAt,55564.59270319237,15.434609084220103,decay
3233,19950622,1995-07-14 21:00:00,25.94854,-57.96923,7.21046,JJA,SAt,56120.83533826071,15.589120927294642,decay
3234,19950622,1995-07-14 22:00:00,26.69827,-59.00766,7.26045,JJA,SAt,123414.1785378142,34.28171626050394,decay
3235,19950622,1995-07-14 23:00:00,27.30113,-59.32869,7.42018,JJA,SAt,49544.18027598048,13.762272298883467,decay
3236,19950622,1995-07-15 00:00:00,27.8638,-59.61529,7.50896,JJA,SAt,45006.79753130281,12.501888203139668,decay
3237,19950622,1995-07-15 01:00:00,28.33981,-59.95008,7.49837,JJA,SAt,45776.02757950072,12.715563216527977,decay
3238,19950622,1995-07-15 02:00:00,28.67761,-60.32994,7.51726,JJA,SAt,46193.304573002446,12.83147349250068,decay
3239,19950622,1995-07-15 03:00:00,28.92335,-60.70934,7.53026,JJA,SAt,44278.68995585149,12.299636098847637,decay
3240,19950622,1995-07-15 04:00:00,28.97062,-61.15277,7.47,JJA,SAt,49373.32249853662,13.714811805149061,decay
3241,19950622,1995-07-15 05:00:00,28.79792,-61.67427,7.4351,JJA,SAt,58711.65183841572,16.3087921773377,decay
3242,19950622,1995-07-15 06:00:00,28.47829,-62.15617,7.32297,JJA,SAt,56136.29999146472,15.593416664295756,decay
3243,19950622,1995-07-15 07:00:00,28.0624,-62.54931,7.14668,JJA,SAt,48697.869050174304,13.52718584727064,decay
3244,19950622,1995-07-15 08:00:00,27.4246,-62.97212,6.88782,JJA,SAt,57131.292778062285,15.869803549461746,decay
3245,19950622,1995-07-15 09:00:00,26.39299,-63.47885,6.64824,JJA,SAt,76451.5714348944,21.236547620804,decay
3246,19950622,1995-07-15 10:00:00,24.85068,-64.32011,6.45463,JJA,SAt,120172.73369165415,33.38131491434837,decay
3247,19950622,1995-07-15 11:00:00,23.59653,-64.76061,6.36379,JJA,SAt,77412.01644715757,21.503337901988214,decay
3248,19950622,1995-07-15 12:00:00,22.52447,-65.05148,6.3022,JJA,SAt,60015.88954071583,16.67108042797662,decay
3249,19950622,1995-07-15 13:00:00,21.61876,-65.23798,6.32698,JJA,SAt,47137.59370959179,13.093776030442164,decay
3250,19950622,1995-07-15 14:00:00,20.87848,-65.34316,6.36553,JJA,SAt,36342.29080175469,10.09508077826519,decay
3251,19950622,1995-07-15 15:00:00,20.2228,-65.43033,6.35834,JJA,SAt,31875.012867479225,8.854170240966452,decay
3252,19950622,1995-07-15 16:00:00,19.63268,-65.50185,6.26209,JJA,SAt,28383.611640320112,7.884336566755587,decay
3253,19950622,1995-07-15 17:00:00,18.91053,-65.582,6.08618,JJA,SAt,34419.81256593811,9.56105904609392,decay
3254,19950622,1995-07-15 18:00:00,17.84205,-65.69666,5.90956,JJA,SAt,50637.17709117522,14.06588252532645,decay
3255,19950622,1995-07-15 19:00:00,16.31736,-65.82363,5.72823,JJA,SAt,71020.63451629232,19.727954032303423,decay
3256,19950622,1995-07-15 20:00:00,14.31198,-65.96675,5.57473,JJA,SAt,92445.8833282349,25.679412035620803,decay
3257,19950622,1995-07-15 21:00:00,12.45762,-66.14934,5.56253,JJA,SAt,86100.88623227595,23.916912842298874,decay
3258,19950622,1995-07-15 22:00:00,9.23409,-66.38216,5.2918,JJA,SAt,146557.65431906577,40.71045953307382,intensification 2
3259,19950622,1995-07-15 23:00:00,6.70698,-66.63371,5.15147,JJA,SAt,115444.3460798039,32.06787391105664,intensification 2
3260,19950622,1995-07-16 00:00:00,2.535,-66.98273,5.13816,JJA,SAt,186728.4704853121,51.86901957925336,intensification 2
3261,19950622,1995-07-16 01:00:00,0.71912,-67.10895,5.14304,JJA,SAt,79984.43151550555,22.217897643195986,intensification 2
3262,19950622,1995-07-16 02:00:00,-0.16327,-67.20203,5.14799,JJA,SAt,39472.973697790105,10.964714916052808,intensification 2
3263,19950622,1995-07-16 03:00:00,-0.78442,-67.33417,5.18011,JJA,SAt,30466.604604985896,8.462945723607193,intensification 2
3264,19950622,1995-07-16 04:00:00,-1.384,-67.48714,5.2018,JJA,SAt,30743.548084720795,8.539874467977999,intensification 2
3265,19950622,1995-07-16 05:00:00,-2.0578,-67.62625,5.10126,JJA,SAt,32517.802161541418,9.032722822650394,intensification 2
3266,19950622,1995-07-16 06:00:00,-2.70825,-67.76057,4.97837,JJA,SAt,31252.28935985133,8.681191488847592,intensification 2
3267,19950622,1995-07-16 07:00:00,-3.27246,-67.85103,4.78793,JJA,SAt,25745.04717881055,7.151401994114042,intensification 2
3268,19950622,1995-07-16 08:00:00,-3.8194,-67.92146,4.5749,JJA,SAt,24196.68444953728,6.721301235982578,intensification 2
3269,19950622,1995-07-16 09:00:00,-4.32629,-67.95277,4.31251,JJA,SAt,21455.832397460206,5.9599534437389465,intensification 2
3270,19950622,1995-07-16 10:00:00,-2.96332,-67.55687,3.5788,JJA,SAt,72314.59752954864,20.087388202652402,intensification 2
3271,19950623,1995-07-13 09:00:00,-111.31378,-73.01794,2.92017,JJA,SAt,,,intensification
3272,19950623,1995-07-13 10:00:00,-111.31474,-73.51018,3.30934,JJA,SAt,54734.67664214322,15.204076845039783,intensification
3273,19950623,1995-07-13 11:00:00,-109.50822,-73.44207,3.16936,JJA,SAt,57629.67548421532,16.00824319005981,intensification
3274,19950623,1995-07-13 12:00:00,-107.85722,-73.44012,3.2578,JJA,SAt,52320.138076157484,14.533371687821523,intensification
3275,19950623,1995-07-13 13:00:00,-106.67581,-73.48157,3.50932,JJA,SAt,37678.63279686318,10.46628688801755,intensification
3276,19950623,1995-07-13 14:00:00,-105.64789,-73.48605,3.806,JJA,SAt,32497.23833211335,9.027010647809263,intensification
3277,19950623,1995-07-13 15:00:00,-104.54292,-73.43884,4.02028,JJA,SAt,35364.645856258045,9.823512737849457,intensification
3278,19950623,1995-07-13 16:00:00,-103.4574,-73.35278,4.20305,JJA,SAt,35794.615806823625,9.942948835228785,intensification
3279,19950623,1995-07-13 17:00:00,-102.28442,-73.26312,4.34122,JJA,SAt,38766.17624782139,10.768382291061497,intensification
3280,19950623,1995-07-13 18:00:00,-101.15961,-73.17003,4.46249,JJA,SAt,37569.00203643592,10.435833899009978,intensification
3281,19950623,1995-07-13 19:00:00,-100.0152,-73.06115,4.59864,JJA,SAt,38891.2430860363,10.803123079454528,intensification
3282,19950623,1995-07-13 20:00:00,-99.04892,-72.92189,4.77994,JJA,SAt,35036.36295498573,9.732323043051592,intensification
3283,19950623,1995-07-13 21:00:00,-98.12274,-72.74863,4.98063,JJA,SAt,35984.515878314494,9.99569885508736,intensification
3284,19950623,1995-07-13 22:00:00,-97.23077,-72.39314,4.8745,JJA,SAt,49446.60639515444,13.735168443098456,intensification
3285,19950623,1995-07-13 23:00:00,-96.35379,-72.15291,5.05729,JJA,SAt,39938.69139887156,11.094080944130988,intensification
3286,19950623,1995-07-14 00:00:00,-95.4762,-71.86991,5.20831,JJA,SAt,43570.501296464594,12.102917026795721,mature
3287,19950623,1995-07-14 01:00:00,-94.64026,-71.58962,5.32247,JJA,SAt,42667.09615368038,11.851971153800106,mature
3288,19950623,1995-07-14 02:00:00,-93.83353,-71.30378,5.35976,JJA,SAt,42718.29428526698,11.866192857018605,mature
3289,19950623,1995-07-14 03:00:00,-93.05777,-71.01062,5.32252,JJA,SAt,42880.554908492806,11.911265252359113,mature
3290,19950623,1995-07-14 04:00:00,-92.35944,-70.72094,5.28743,JJA,SAt,41052.874072538754,11.403576131260765,mature
3291,19950623,1995-07-14 05:00:00,-91.73215,-70.41589,5.23654,JJA,SAt,41097.52880235613,11.415980222876703,mature
3292,19950623,1995-07-14 06:00:00,-91.19013,-70.06448,5.14769,JJA,SAt,44068.19076496302,12.241164101378617,mature
3293,19950623,1995-07-14 07:00:00,-90.6861,-69.70669,5.04674,JJA,SAt,44206.98468831032,12.279717968975088,mature
3294,19950623,1995-07-14 08:00:00,-90.16922,-69.31963,4.93206,JJA,SAt,47507.59708150983,13.196554744863843,mature
3295,19950623,1995-07-14 09:00:00,-89.63654,-69.00467,4.82106,JJA,SAt,40871.272422416325,11.353131228448978,decay
3296,19950623,1995-07-14 10:00:00,-89.00497,-68.23261,4.80582,JJA,SAt,89584.63796241701,24.884621656226948,decay
3297,19950623,1995-07-14 11:00:00,-88.41037,-67.89664,4.66007,JJA,SAt,44784.1017838433,12.440028273289807,decay
3298,19950623,1995-07-14 12:00:00,-87.72528,-67.35467,4.55316,JJA,SAt,66877.120704554,18.576977973487224,decay
3299,19950623,1995-07-14 13:00:00,-87.06104,-66.6821,4.44623,JJA,SAt,80152.67757970387,22.264632661028852,decay
3300,19950623,1995-07-14 14:00:00,-86.52869,-65.81626,4.37007,JJA,SAt,99184.2378156746,27.551177171020722,decay
3301,19950623,1995-07-14 15:00:00,-85.90201,-64.98016,4.28438,JJA,SAt,97389.95434893278,27.05276509692577,decay
3302,19950623,1995-07-14 16:00:00,-85.26385,-64.21923,4.14415,JJA,SAt,89918.77314114539,24.977436983651497,decay
3303,19950623,1995-07-14 17:00:00,-84.5509,-63.32311,3.99116,JJA,SAt,105622.85523984533,29.33968201106815,decay
3304,19950623,1995-07-14 18:00:00,-83.58673,-62.3099,3.87332,JJA,SAt,122846.40565018813,34.124001569496706,decay
3305,19950623,1995-07-14 19:00:00,-82.08084,-60.82624,3.89239,JJA,SAt,183217.50499427464,50.89375138729851,decay
3306,19950623,1995-07-14 20:00:00,-80.96057,-59.74845,4.00676,JJA,SAt,134809.8748704752,37.44718746402089,decay
3307,19950623,1995-07-14 21:00:00,-80.31863,-59.06454,4.12439,JJA,SAt,84278.26412136308,23.410628922600857,decay
3308,19950623,1995-07-14 22:00:00,-80.54324,-58.52691,4.3201,JJA,SAt,61166.05886150384,16.99057190597329,decay
3309,19950623,1995-07-14 23:00:00,-79.99292,-58.14388,4.40046,JJA,SAt,53346.43440636168,14.818454001767133,decay
3310,19950623,1995-07-15 00:00:00,-79.49686,-57.80466,4.48674,JJA,SAt,47732.2361328001,13.25895448133336,decay
3311,19950623,1995-07-15 01:00:00,-79.13235,-57.49549,4.48942,JJA,SAt,40647.51966948576,11.290977685968267,decay
3312,19950623,1995-07-15 02:00:00,-78.8223,-57.15803,4.43459,JJA,SAt,41885.94583730779,11.634984954807718,decay
3313,19950623,1995-07-15 03:00:00,-78.46854,-56.83743,4.32543,JJA,SAt,41592.06432506696,11.553351201407489,decay
3314,19950623,1995-07-15 04:00:00,-77.79138,-56.71941,4.24467,JJA,SAt,43290.34325623288,12.025095348953577,decay
3315,19950623,1995-07-15 05:00:00,-77.09067,-56.59009,4.06178,JJA,SAt,45178.11324286025,12.549475900794514,decay
3316,19950623,1995-07-15 06:00:00,-76.1441,-56.65255,3.95279,JJA,SAt,58322.0897976719,16.200580499353304,decay
3317,19950623,1995-07-15 07:00:00,-74.8204,-56.89037,3.87762,JJA,SAt,84879.41309620916,23.57761474894699,decay
3318,19950623,1995-07-15 08:00:00,-73.78381,-57.14367,3.81174,JJA,SAt,68778.93067798785,19.10525852166329,decay
3319,19950623,1995-07-15 09:00:00,-72.91995,-57.35694,3.79024,JJA,SAt,57118.919235064845,15.866366454184679,decay
3320,19950623,1995-07-15 10:00:00,-72.25391,-57.49804,4.18864,JJA,SAt,42847.30434342575,11.90202898428493,decay
3321,19950623,1995-07-15 11:00:00,-71.56287,-57.69787,4.11051,JJA,SAt,46787.99276060885,12.99666465572468,decay
3322,19950623,1995-07-15 12:00:00,-70.76636,-57.91727,4.11997,JJA,SAt,53119.04622668106,14.755290618522515,decay
3323,19950623,1995-07-15 13:00:00,-70.08829,-58.01895,4.08868,JJA,SAt,41557.82452733065,11.543840146480736,decay
3324,19950623,1995-07-15 14:00:00,-69.39081,-58.0236,4.07761,JJA,SAt,41077.24906529084,11.410346962580789,decay
3325,19950623,1995-07-15 15:00:00,-68.73129,-57.95036,4.03714,JJA,SAt,39719.64606964658,11.033235019346272,decay
3326,19950623,1995-07-15 16:00:00,-68.05429,-57.79568,4.04155,JJA,SAt,43571.37593515777,12.103159981988268,decay
3327,19950623,1995-07-15 17:00:00,-67.35846,-57.56844,4.06118,JJA,SAt,48471.510750899724,13.46430854191659,decay
3328,19950623,1995-07-15 18:00:00,-66.52789,-57.37382,4.02628,JJA,SAt,54171.56438389461,15.047656773304059,decay
3329,19950623,1995-07-15 19:00:00,-65.65503,-57.23403,4.00919,JJA,SAt,54684.15085373155,15.19004190381432,decay
3330,19950623,1995-07-15 20:00:00,-64.87836,-57.15905,3.98519,JJA,SAt,47524.09920819553,13.201138668943202,decay
3331,19950623,1995-07-15 21:00:00,-64.1611,-57.19505,3.90887,JJA,SAt,43415.94500507071,12.059984723630752,decay
3332,19950623,1995-07-15 22:00:00,-63.84229,-57.1133,4.06125,JJA,SAt,21267.931914695284,5.907758865193134,intensification 2
3333,19950623,1995-07-15 23:00:00,-63.24393,-57.13948,3.84356,JJA,SAt,36231.229769527075,10.064230491535298,intensification 2
3334,19950623,1995-07-16 00:00:00,-62.50903,-57.17226,3.60372,JJA,SAt,44469.22119546744,12.352561443185401,intensification 2
3335,19950623,1995-07-16 01:00:00,-61.5936,-57.19751,3.48631,JJA,SAt,55234.74885614258,15.342985793372938,intensification 2
3336,19950623,1995-07-16 02:00:00,-60.69717,-57.26111,3.48807,JJA,SAt,54414.9521405105,15.115264483475139,intensification 2
3337,19950623,1995-07-16 03:00:00,-59.93262,-57.34309,3.49178,JJA,SAt,46821.16648787015,13.00587957996393,intensification 2
3338,19950623,1995-07-16 04:00:00,-59.23004,-57.50592,3.53418,JJA,SAt,45793.554310205174,12.72043175283477,intensification 2
3339,19950623,1995-07-16 05:00:00,-58.65143,-57.63988,3.51587,JJA,SAt,37578.21056512937,10.438391823647047,intensification 2
3340,19950623,1995-07-16 06:00:00,-58.02704,-57.80886,3.38122,JJA,SAt,41563.98728716771,11.545552024213253,intensification 2
3341,19950623,1995-07-16 07:00:00,-57.30475,-58.05396,3.24193,JJA,SAt,50607.08272287456,14.057522978576268,intensification 2
3342,19950623,1995-07-16 08:00:00,-56.42313,-58.4003,3.0233,JJA,SAt,64401.31597843037,17.88925443845288,intensification 2
3343,19950623,1995-07-16 09:00:00,-55.23389,-58.9913,2.83431,JJA,SAt,95073.40231136761,26.409278419824336,intensification 2
3344,19950623,1995-07-16 10:00:00,-53.02463,-59.52032,2.7285,JJA,SAt,138667.63174428797,38.51878659563555,intensification 2
3345,19950623,1995-07-16 11:00:00,-51.65326,-60.09538,2.65845,JJA,SAt,99845.14816638772,27.734763379552145,intensification 2
3346,19950624,1995-07-13 12:00:00,-78.09634,-43.70139,1.06835,JJA,SAt,,,intensification
3347,19950624,1995-07-13 13:00:00,-78.44775,-43.5072,1.1318,JJA,SAt,35593.002879754735,9.886945244376316,intensification
3348,19950624,1995-07-13 14:00:00,-78.62473,-43.38974,1.20119,JJA,SAt,19357.38284517355,5.377050790325986,intensification
3349,19950624,1995-07-13 15:00:00,-78.6185,-43.23424,1.27175,JJA,SAt,17298.18113711027,4.805050315863964,intensification
3350,19950624,1995-07-13 16:00:00,-78.54694,-43.09007,1.34806,JJA,SAt,17049.345258448342,4.735929238457873,intensification
3351,19950624,1995-07-13 17:00:00,-78.27219,-42.9295,1.41723,JJA,SAt,28598.196831786277,7.943943564385077,intensification
3352,19950624,1995-07-13 18:00:00,-78.0098,-42.76658,1.48856,JJA,SAt,28031.418003949562,7.7865050010971,intensification
3353,19950624,1995-07-13 19:00:00,-77.72452,-42.54733,1.53384,JJA,SAt,33743.09914595788,9.37308309609941,intensification
3354,19950624,1995-07-13 20:00:00,-77.388,-42.31066,1.5512,JJA,SAt,38149.79284091611,10.597164678032254,intensification
3355,19950624,1995-07-13 21:00:00,-77.01791,-42.05051,1.60006,JJA,SAt,42032.58728277441,11.675718689659558,intensification
3356,19950624,1995-07-13 22:00:00,-77.4483,-42.2414,1.95671,JJA,SAt,41347.232715289516,11.485342420913755,intensification
3357,19950624,1995-07-13 23:00:00,-77.28995,-42.11163,1.96533,JJA,SAt,19454.770881218323,5.404103022560645,intensification
3358,19950624,1995-07-14 00:00:00,-77.02039,-41.94643,2.00967,JJA,SAt,28864.33473486427,8.01787075968452,mature
3359,19950624,1995-07-14 01:00:00,-76.75794,-41.81078,2.01941,JJA,SAt,26450.854176438155,7.347459493455043,mature
3360,19950624,1995-07-14 02:00:00,-76.5174,-41.67995,2.03459,JJA,SAt,24695.76396158256,6.859934433772934,mature
3361,19950624,1995-07-14 03:00:00,-76.27853,-41.5901,2.04738,JJA,SAt,22223.939126058704,6.173316423905195,mature
3362,19950624,1995-07-14 04:00:00,-76.05188,-41.50521,2.07321,JJA,SAt,21091.68927165454,5.8588025754595945,mature
3363,19950624,1995-07-14 05:00:00,-75.84076,-41.41295,2.09355,JJA,SAt,20365.78436742779,5.657162324285498,mature
3364,19950624,1995-07-14 06:00:00,-75.61362,-41.33381,2.08683,JJA,SAt,20896.4852285394,5.804579230149834,mature
3365,19950624,1995-07-14 07:00:00,-75.39484,-41.20538,2.10527,JJA,SAt,23200.668308884462,6.444630085801239,mature
3366,19950624,1995-07-14 08:00:00,-75.18424,-41.10597,2.08037,JJA,SAt,20810.255251814586,5.780626458837385,mature
3367,19950624,1995-07-14 09:00:00,-74.93607,-40.94578,2.04758,JJA,SAt,27398.49760007515,7.6106937777986525,decay
3368,19950624,1995-07-14 10:00:00,-75.27801,-40.92278,1.86322,JJA,SAt,28837.80710037043,8.01050197232512,decay
3369,19950624,1995-07-14 11:00:00,-75.0415,-40.78073,1.80355,JJA,SAt,25400.800332648974,7.055777870180271,decay
3370,19950624,1995-07-14 12:00:00,-74.85617,-40.67447,1.74234,JJA,SAt,19583.11381490276,5.439753837472989,decay
3371,19950624,1995-07-14 13:00:00,-74.75653,-40.50017,1.67033,JJA,SAt,21128.863354902034,5.869128709695009,decay
3372,19950624,1995-07-14 14:00:00,-74.5351,-40.31548,1.63709,JJA,SAt,27807.421025133288,7.72428361809258,decay
3373,19950624,1995-07-14 15:00:00,-74.47006,-40.12229,1.57951,JJA,SAt,22180.235646317284,6.161176568421467,decay
3374,19950624,1995-07-14 16:00:00,-74.46845,-39.92125,1.51586,JJA,SAt,22355.08001989702,6.209744449971395,decay
3375,19950624,1995-07-14 17:00:00,-74.51981,-39.71829,1.47934,JJA,SAt,22990.474909527307,6.386243030424252,decay
3376,19950624,1995-07-14 18:00:00,-74.49463,-39.62164,1.41822,JJA,SAt,10960.970787116441,3.0447141075323447,decay
3377,19950624,1995-07-14 19:00:00,-74.66608,-39.41645,1.39838,JJA,SAt,27145.099576387922,7.540305437885534,decay
3378,19950624,1995-07-14 20:00:00,-74.90234,-39.18368,1.35362,JJA,SAt,32912.156420501335,9.142265672361482,decay
3379,19950624,1995-07-14 21:00:00,-75.16394,-38.87364,1.26768,JJA,SAt,41220.60980549165,11.450169390414347,decay
3380,19950625,1995-07-13 19:00:00,-30.64331,-11.10347,1.74298,JJA,SAt,,,intensification
3381,19950625,1995-07-13 20:00:00,-30.97336,-10.95561,1.74217,JJA,SAt,39596.7551371009,10.999098649194694,intensification
3382,19950625,1995-07-13 21:00:00,-31.37186,-10.9679,1.75178,JJA,SAt,43524.208897689736,12.090058027136038,intensification
3383,19950625,1995-07-13 22:00:00,-31.55045,-10.78347,2.01862,JJA,SAt,28299.826769837764,7.861062991621601,intensification
3384,19950625,1995-07-13 23:00:00,-31.91953,-10.75731,1.9472,JJA,SAt,40421.71930318524,11.228255361995899,intensification
3385,19950625,1995-07-14 00:00:00,-31.88571,-10.70158,1.93036,JJA,SAt,7214.8230027122245,2.0041175007533956,mature
3386,19950625,1995-07-14 01:00:00,-32.17166,-10.62702,1.86161,JJA,SAt,32328.227059278866,8.980063072021908,mature
3387,19950625,1995-07-14 02:00:00,-32.63327,-10.66269,1.9389,JJA,SAt,50601.130576253854,14.05586960451496,mature
3388,19950625,1995-07-14 03:00:00,-32.95664,-10.61785,1.94886,JJA,SAt,35688.902558974856,9.913584044159682,mature
3389,19950625,1995-07-14 04:00:00,-33.27527,-10.58453,1.87842,JJA,SAt,35021.88139435809,9.728300387321692,mature
3390,19950625,1995-07-14 05:00:00,-33.66281,-10.43793,1.82922,JJA,SAt,45397.0818805797,12.61030052238325,mature
3391,19950625,1995-07-14 06:00:00,-33.82129,-10.38778,1.76833,JJA,SAt,18206.975922012694,5.057493311670193,mature
3392,19950625,1995-07-14 07:00:00,-33.96814,-10.34304,1.74592,JJA,SAt,16815.279508760515,4.6709109746556985,mature
3393,19950625,1995-07-14 08:00:00,-34.17142,-10.21246,1.66035,JJA,SAt,26561.062482104862,7.378072911695795,mature
3394,19950625,1995-07-14 09:00:00,-34.30975,-10.20584,1.63106,JJA,SAt,15155.97021416345,4.209991726156514,decay
3395,19950625,1995-07-14 10:00:00,-33.98917,-10.09609,1.66127,JJA,SAt,37150.53076392813,10.319591878868925,decay
3396,19950625,1995-07-14 11:00:00,-34.33514,-10.13089,1.64209,JJA,SAt,38069.57918042378,10.574883105673273,decay
3397,19950625,1995-07-14 12:00:00,-34.741,-10.04525,1.59023,JJA,SAt,45440.92173998794,12.622478261107762,decay
3398,19950625,1995-07-14 13:00:00,-34.96121,-10.19713,1.49873,JJA,SAt,29432.57113681561,8.175714204671003,decay
3399,19950625,1995-07-14 14:00:00,-35.32474,-10.14949,1.53834,JJA,SAt,40138.31729749218,11.149532582636718,decay
3400,19950625,1995-07-14 15:00:00,-35.71121,-10.25816,1.50365,JJA,SAt,43986.185905445185,12.218384973734773,decay
3401,19950625,1995-07-14 16:00:00,-35.65146,-10.31177,1.4585,JJA,SAt,8847.026325444542,2.4575073126234837,decay
3402,19950625,1995-07-14 17:00:00,-35.77506,-10.35201,1.39254,JJA,SAt,14242.007953140977,3.956113320316938,decay
3403,19950625,1995-07-14 18:00:00,-35.9801,-10.33615,1.37086,JJA,SAt,22498.110612993325,6.2494751702759235,decay
3404,19950625,1995-07-14 19:00:00,-36.35184,-10.25775,1.37747,JJA,SAt,41593.76195475629,11.553822765210082,decay
3405,19950625,1995-07-14 20:00:00,-36.2717,-10.19723,1.35576,JJA,SAt,11054.051514125153,3.0705698650347646,decay
3406,19950625,1995-07-14 21:00:00,-36.50855,-10.05449,1.30092,JJA,SAt,30398.921214033682,8.444144781676023,decay
3407,19950625,1995-07-14 22:00:00,-36.21799,-10.17616,1.1934,JJA,SAt,34564.41427494156,9.601226187483768,decay
3408,19950625,1995-07-14 23:00:00,-36.06457,-10.2574,1.13883,JJA,SAt,19065.04675201795,5.295846320004987,decay
3409,19950625,1995-07-15 00:00:00,-36.0571,-10.33061,1.08127,JJA,SAt,8181.512621262078,2.272642394795022,decay
3410,19950625,1995-07-15 01:00:00,-36.02158,-10.42719,1.05232,JJA,SAt,11420.34522374993,3.172318117708314,decay
3411,19950626,1995-07-13 22:00:00,-58.80188,-30.77076,3.28944,JJA,LA-PLATA,,,intensification
3412,19950626,1995-07-13 23:00:00,-58.952,-30.56423,3.3279,JJA,LA-PLATA,27084.10349535821,7.523362082043947,intensification
3413,19950626,1995-07-14 00:00:00,-58.97296,-30.5297,3.38827,JJA,LA-PLATA,4332.558083564283,1.2034883565456342,mature
3414,19950626,1995-07-14 01:00:00,-59.08676,-30.43346,3.46589,JJA,LA-PLATA,15278.804125838054,4.244112257177237,mature
3415,19950626,1995-07-14 02:00:00,-59.19586,-30.3899,3.47402,JJA,LA-PLATA,11529.063801850467,3.202517722736241,mature
3416,19950626,1995-07-14 03:00:00,-59.30139,-30.36332,3.50967,JJA,LA-PLATA,10546.13585311565,2.929482181421014,mature
3417,19950626,1995-07-14 04:00:00,-59.30725,-30.42601,3.52584,JJA,LA-PLATA,6993.441630204674,1.9426226750568538,mature
3418,19950626,1995-07-14 05:00:00,-59.04538,-30.73017,3.59451,JJA,LA-PLATA,42099.09704004197,11.69419362223388,mature
3419,19950626,1995-07-14 06:00:00,-58.66428,-31.09464,3.63891,JJA,LA-PLATA,54445.22759061602,15.123674330726672,mature
3420,19950626,1995-07-14 07:00:00,-58.18912,-31.44494,3.68975,JJA,LA-PLATA,59637.70774840657,16.566029930112936,mature
3421,19950626,1995-07-14 08:00:00,-57.60043,-31.78478,3.81684,JJA,LA-PLATA,67345.48435252142,18.707078986811506,mature
3422,19950626,1995-07-14 09:00:00,-56.96298,-32.12685,3.97971,JJA,LA-PLATA,71158.45634894837,19.76623787470788,decay
3423,19950626,1995-07-14 10:00:00,-57.10565,-32.10313,4.27211,JJA,LA-PLATA,13693.127470118094,3.8036465194772484,decay
3424,19950626,1995-07-14 11:00:00,-56.78409,-32.296,4.38856,JJA,LA-PLATA,37086.31380741892,10.301753835394145,decay
3425,19950626,1995-07-14 12:00:00,-56.37024,-32.52687,4.46081,JJA,LA-PLATA,46565.04621122221,12.934735058672835,decay
3426,19950626,1995-07-14 13:00:00,-56.07428,-32.66905,4.50795,JJA,LA-PLATA,31915.97680694404,8.86554911304001,decay
3427,19950626,1995-07-14 14:00:00,-55.67331,-32.84201,4.47363,JJA,LA-PLATA,42140.69766189506,11.705749350526405,decay
3428,19950626,1995-07-14 15:00:00,-55.28909,-32.99807,4.47366,JJA,LA-PLATA,39840.95323723329,11.066931454787024,decay
3429,19950626,1995-07-14 16:00:00,-53.65323,-33.64446,4.4149,JJA,LA-PLATA,168130.31044755536,46.70286401320982,decay
3430,19950626,1995-07-14 17:00:00,-51.85388,-34.21724,4.3962,JJA,LA-PLATA,177802.71143989707,49.389642066638075,decay
3431,19950626,1995-07-14 18:00:00,-50.74203,-34.49757,4.3654,JJA,LA-PLATA,106715.78652994827,29.64327403609674,decay
3432,19950626,1995-07-14 19:00:00,-50.02161,-34.67517,4.31881,JJA,LA-PLATA,68843.01451586354,19.123059587739874,decay
3433,19950626,1995-07-14 20:00:00,-49.31708,-34.85841,4.28009,JJA,LA-PLATA,67503.26850919117,18.75090791921977,decay
3434,19950626,1995-07-14 21:00:00,-48.81457,-35.02293,4.23791,JJA,LA-PLATA,49322.60795100744,13.7007244308354,decay
3435,19950626,1995-07-14 22:00:00,-48.06531,-35.41549,3.61513,JJA,LA-PLATA,80857.67697033248,22.460465825092356,decay
3436,19950626,1995-07-14 23:00:00,-47.60004,-35.6716,3.5479,JJA,LA-PLATA,50823.91716304029,14.117754767511192,decay
3437,19950626,1995-07-15 00:00:00,-46.96939,-35.91913,3.53092,JJA,LA-PLATA,63188.6813454188,17.552411484838554,decay
3438,19950626,1995-07-15 01:00:00,-45.8186,-36.18258,3.53801,JJA,LA-PLATA,107523.4480976339,29.86762447156497,decay
3439,19950626,1995-07-15 02:00:00,-45.27243,-36.32156,3.51872,JJA,LA-PLATA,51355.4894551202,14.26541373753339,decay
3440,19950626,1995-07-15 03:00:00,-44.28076,-36.5494,3.50155,JJA,LA-PLATA,92260.2391824594,25.627844217349832,decay
3441,19950626,1995-07-15 04:00:00,-43.4415,-36.74084,3.49765,JJA,LA-PLATA,77843.2017217867,21.623111589385193,decay
3442,19950626,1995-07-15 05:00:00,-43.32385,-36.831,3.42582,JJA,LA-PLATA,14500.9906710834,4.0280529641898335,decay
3443,19950626,1995-07-15 06:00:00,-43.27951,-36.85531,3.37463,JJA,LA-PLATA,4782.836020330682,1.3285655612029672,decay
3444,19950626,1995-07-15 07:00:00,-43.39096,-36.83593,3.31583,JJA,LA-PLATA,10148.731416514576,2.8190920601429377,decay
3445,19950626,1995-07-15 08:00:00,-45.41888,-36.38076,3.25072,JJA,LA-PLATA,187949.83827017,52.208288408380554,decay
3446,19950627,1995-07-14 14:00:00,22.75519,-34.37883,1.18543,JJA,SAt,,,decay
3447,19950627,1995-07-14 15:00:00,23.19648,-34.57212,1.19137,JJA,SAt,45806.500635914614,12.724027954420727,decay
3448,19950627,1995-07-14 16:00:00,23.15534,-34.78049,1.20896,JJA,SAt,23473.14907207551,6.520319186687642,decay
3449,19950627,1995-07-14 17:00:00,23.10357,-34.93966,1.31877,JJA,SAt,18318.399469443426,5.0884442970676185,decay
3450,19950627,1995-07-14 18:00:00,23.08186,-35.14433,1.44378,JJA,SAt,22843.95939934378,6.345544277595494,decay
3451,19950627,1995-07-14 19:00:00,23.11341,-35.37407,1.56033,JJA,SAt,25706.06974901081,7.14057493028078,decay
3452,19950627,1995-07-14 20:00:00,23.16236,-35.66025,1.59515,JJA,SAt,32128.722962957403,8.924645267488167,decay
3453,19950627,1995-07-14 21:00:00,23.34077,-35.94783,1.59996,JJA,SAt,35796.98531762611,9.943607032673919,decay
3454,19950627,1995-07-14 22:00:00,24.16019,-36.23058,1.83352,JJA,SAt,80061.78046769492,22.239383463248586,decay
3455,19950627,1995-07-14 23:00:00,24.21461,-36.59579,1.71015,JJA,SAt,40900.496203568946,11.361248945435818,decay
3456,19950627,1995-07-15 00:00:00,24.46037,-36.78639,1.6086,JJA,SAt,30485.249595318932,8.468124887588592,decay
3457,19950627,1995-07-15 01:00:00,24.70788,-36.95897,1.54636,JJA,SAt,29206.033164982102,8.112786990272806,decay
3458,19950627,1995-07-15 02:00:00,25.06344,-37.03969,1.46388,JJA,SAt,32826.45835250247,9.118460653472908,decay
3459,19950627,1995-07-15 03:00:00,25.31134,-37.13507,1.36538,JJA,SAt,24413.319969350756,6.781477769264099,decay
3460,19950627,1995-07-15 04:00:00,24.46881,-37.70036,1.35324,JJA,SAt,97403.00678775445,27.056390774376236,decay
3461,19950627,1995-07-15 05:00:00,24.15642,-38.09964,1.38773,JJA,SAt,52177.2777468559,14.493688263015528,decay
3462,19950627,1995-07-15 06:00:00,23.70759,-38.5022,1.46046,JJA,SAt,59478.0934297985,16.52169261938847,decay
3463,19950627,1995-07-15 07:00:00,24.12982,-38.48538,1.60036,JJA,SAt,36794.07575432218,10.220576598422827,decay
3464,19950627,1995-07-15 08:00:00,24.55953,-38.50558,1.74126,JJA,SAt,37464.006545170865,10.406668484769686,decay
3465,19950627,1995-07-15 09:00:00,24.72906,-38.73349,1.78983,JJA,SAt,29311.50672719081,8.142085201997446,decay
3466,19950627,1995-07-15 10:00:00,24.62286,-39.94698,1.96935,JJA,SAt,135242.81452965137,37.567448480458715,decay
3467,19950627,1995-07-15 11:00:00,24.67036,-40.68386,1.96969,JJA,SAt,82036.34283679134,22.78787301021982,decay
3468,19950627,1995-07-15 12:00:00,24.90407,-41.40733,1.95058,JJA,SAt,82799.31546804147,22.999809852233742,decay
3469,19950627,1995-07-15 13:00:00,25.26354,-41.95884,1.89619,JJA,SAt,68204.79686067234,18.945776905742317,decay
3470,19950627,1995-07-15 14:00:00,25.7019,-42.47798,1.85517,JJA,SAt,68083.51027541484,18.912086187615234,decay
3471,19950627,1995-07-15 15:00:00,26.09723,-42.94172,1.76935,JJA,SAt,60846.788544735326,16.901885706870925,decay
3472,19950627,1995-07-15 16:00:00,26.50913,-43.50177,1.72723,JJA,SAt,70654.50709038223,19.62625196955062,decay
3473,19950627,1995-07-15 17:00:00,27.08885,-44.05097,1.70863,JJA,SAt,76783.2201453086,21.328672262585723,decay
3474,19950627,1995-07-15 18:00:00,27.46179,-44.55231,1.63429,JJA,SAt,63154.219336141534,17.54283870448376,decay
3475,19950627,1995-07-15 19:00:00,27.81906,-45.03675,1.62476,JJA,SAt,60798.31128013113,16.888419800036424,decay
3476,19950628,1995-07-14 15:00:00,-27.07873,-51.62093,1.22697,JJA,SAt,,,decay
3477,19950628,1995-07-14 16:00:00,-26.3403,-51.45377,1.32853,JJA,SAt,54349.53904313052,15.097094178647367,decay
3478,19950628,1995-07-14 17:00:00,-25.55716,-51.27823,1.36199,JJA,SAt,57765.9552894814,16.04609869152261,decay
3479,19950628,1995-07-14 18:00:00,-24.89777,-51.12483,1.36997,JJA,SAt,49005.77450511873,13.612715140310758,decay
3480,19950628,1995-07-14 19:00:00,-24.27914,-51.02156,1.34611,JJA,SAt,44720.999051185376,12.422499736440383,decay
3481,19950628,1995-07-14 20:00:00,-23.52728,-50.87697,1.33481,JJA,SAt,55069.58849741701,15.29710791594917,decay
3482,19950628,1995-07-14 21:00:00,-22.78159,-50.67924,1.31611,JJA,SAt,56853.640834518206,15.792678009588391,decay
3483,19950628,1995-07-14 22:00:00,-23.35849,-50.76894,1.42272,JJA,SAt,41816.35747282121,11.615654853561448,decay
3484,19950628,1995-07-14 23:00:00,-22.832,-50.56452,1.36263,JJA,SAt,43514.884779578766,12.087467994327435,decay
3485,19950628,1995-07-15 00:00:00,-22.21896,-50.37594,1.26342,JJA,SAt,48188.25970307974,13.385627695299927,decay
3486,19950628,1995-07-15 01:00:00,-21.39792,-50.16003,1.21432,JJA,SAt,63101.10878434253,17.52808577342848,decay
3487,19950628,1995-07-15 02:00:00,-20.71158,-49.9806,1.18978,JJA,SAt,52891.40525703068,14.692057015841856,decay
3488,19950628,1995-07-15 03:00:00,-20.0842,-49.82738,1.19831,JJA,SAt,48052.877336538215,13.348021482371726,decay
3489,19950628,1995-07-15 04:00:00,-19.58792,-49.65762,1.25114,JJA,SAt,40348.84974097592,11.208013816937756,decay
3490,19950628,1995-07-15 05:00:00,-19.13437,-49.50598,1.30946,JJA,SAt,36789.963072915816,10.21943418692106,decay
3491,19950628,1995-07-15 06:00:00,-18.48145,-49.33099,1.37126,JJA,SAt,51080.404413219476,14.189001225894298,decay
3492,19950628,1995-07-15 07:00:00,-17.78391,-49.12156,1.40993,JJA,SAt,55750.70971323968,15.48630825367769,decay
3493,19950628,1995-07-15 08:00:00,-17.13736,-48.8861,1.40526,JJA,SAt,53942.31504047865,14.983976400132958,decay
3494,19950628,1995-07-15 09:00:00,-16.49057,-48.66713,1.36889,JJA,SAt,53283.182438425734,14.800884010673816,decay
3495,19950628,1995-07-15 10:00:00,-15.82532,-48.49828,1.36777,JJA,SAt,52413.61111170789,14.559336419918859,decay
3496,19950628,1995-07-15 11:00:00,-15.198,-48.17027,1.35075,JJA,SAt,58996.61985501931,16.387949959727585,decay
3497,19950628,1995-07-15 12:00:00,-14.58136,-47.93383,1.36912,JJA,SAt,52839.02883956154,14.677508010989317,decay
3498,19950628,1995-07-15 13:00:00,-14.18777,-47.73386,1.29957,JJA,SAt,36844.78315957291,10.234661988770252,decay
3499,19950628,1995-07-15 14:00:00,-13.43521,-47.60085,1.2811,JJA,SAt,58261.84120638315,16.183844779550874,decay
3500,19950628,1995-07-15 15:00:00,-12.70798,-47.4392,1.23561,JJA,SAt,57492.169447394546,15.970047068720707,decay
3501,19950628,1995-07-15 16:00:00,-12.03348,-47.26174,1.23212,JJA,SAt,54510.82224211789,15.14189506725497,decay
3502,19950628,1995-07-15 17:00:00,-11.33817,-47.01918,1.17342,JJA,SAt,59102.69150825323,16.41741430784812,decay
3503,19950628,1995-07-15 18:00:00,-10.63464,-46.7567,1.14999,JJA,SAt,60911.395866730265,16.91983218520285,decay
3504,19950628,1995-07-15 19:00:00,-9.92563,-46.47532,1.11813,JJA,SAt,62541.45435449346,17.372626209581515,decay
3505,19950628,1995-07-15 20:00:00,-9.13452,-46.18611,1.12655,JJA,SAt,68728.48039236151,19.091244553433754,decay
3506,19950629,1995-07-14 22:00:00,-57.98782,-31.58578,3.58657,JJA,LA-PLATA,,,decay
3507,19950629,1995-07-14 23:00:00,-58.13211,-31.58417,3.46797,JJA,LA-PLATA,13668.770925098344,3.7968808125273177,decay
3508,19950629,1995-07-15 00:00:00,-58.12204,-31.64187,3.36246,JJA,LA-PLATA,6486.432003295937,1.8017866675822047,decay
3509,19950629,1995-07-15 01:00:00,-57.94528,-31.74194,3.25093,JJA,LA-PLATA,20087.538071857016,5.579871686626949,decay
3510,19950629,1995-07-15 02:00:00,-57.73163,-31.88191,3.20383,JJA,LA-PLATA,25491.139142785436,7.080871984107065,decay
3511,19950629,1995-07-15 03:00:00,-57.4881,-32.01636,3.23907,JJA,LA-PLATA,27412.843078796566,7.614678632999047,decay
3512,19950629,1995-07-15 04:00:00,-57.17471,-32.23046,3.30454,JJA,LA-PLATA,37917.65916508329,10.532683101412026,decay
3513,19950629,1995-07-15 05:00:00,-56.90442,-32.4412,3.40635,JJA,LA-PLATA,34554.04709157408,9.598346414326134,decay
3514,19950629,1995-07-15 06:00:00,-56.5546,-32.69585,3.531,JJA,LA-PLATA,43317.48222715303,12.032633951986952,decay
3515,19950629,1995-07-15 07:00:00,-56.21616,-32.8976,3.63612,JJA,LA-PLATA,38781.17457209187,10.772548492247742,decay
3516,19950629,1995-07-15 08:00:00,-55.72467,-33.17173,3.81608,JJA,LA-PLATA,55029.77361104346,15.286048225289852,decay
3517,19950629,1995-07-15 09:00:00,-55.36029,-33.36916,3.90084,JJA,LA-PLATA,40367.452761271015,11.213181322575283,decay
3518,19950629,1995-07-15 10:00:00,-54.36313,-34.09911,4.00242,JJA,LA-PLATA,122842.8770608965,34.123021405804586,decay
3519,19950629,1995-07-15 11:00:00,-53.57602,-34.44522,4.09232,JJA,LA-PLATA,81927.95140670198,22.75776427963944,decay
3520,19950629,1995-07-15 12:00:00,-52.77399,-34.78935,4.06926,JJA,LA-PLATA,82769.50517280567,22.99152921466824,decay
3521,19950629,1995-07-15 13:00:00,-52.81921,-34.78334,4.19545,JJA,LA-PLATA,4183.343931476865,1.1620399809657957,decay
3522,19950629,1995-07-15 14:00:00,-52.25952,-34.98951,4.27826,JJA,LA-PLATA,55961.50269235623,15.544861858987842,decay
3523,19950629,1995-07-15 15:00:00,-51.89429,-35.1624,4.41947,JJA,LA-PLATA,38395.72022961889,10.665477841560802,decay
3524,19950629,1995-07-15 16:00:00,-51.8439,-35.22423,4.50816,JJA,LA-PLATA,8260.443852850507,2.2945677369029185,decay
3525,19950629,1995-07-15 17:00:00,-51.7063,-35.34042,4.56972,JJA,LA-PLATA,17969.972349823565,4.9916589860621015,decay
3526,19950629,1995-07-15 18:00:00,-51.45761,-35.50848,4.66743,JJA,LA-PLATA,29274.554873878806,8.131820798299668,decay
3527,19950629,1995-07-15 19:00:00,-50.90918,-35.80673,4.82959,JJA,LA-PLATA,59623.544515011745,16.562095698614375,decay
3528,19950629,1995-07-15 20:00:00,-50.32922,-36.11834,5.00904,JJA,LA-PLATA,62650.72458652023,17.402979051811176,decay
3529,19950629,1995-07-15 21:00:00,-49.60757,-36.48853,5.23983,JJA,LA-PLATA,76657.10324232749,21.293639789535412,decay
3530,19950629,1995-07-15 22:00:00,-48.1861,-37.02731,5.46797,JJA,LA-PLATA,140087.82814928374,38.91328559702326,intensification 2
3531,19950629,1995-07-15 23:00:00,-47.70471,-37.27471,5.66639,JJA,LA-PLATA,50764.42636611144,14.101229546142067,intensification 2
3532,19950629,1995-07-16 00:00:00,-47.25339,-37.52849,5.75054,JJA,LA-PLATA,48843.061638480955,13.567517121800265,intensification 2
3533,19950629,1995-07-16 01:00:00,-46.81583,-37.80542,5.74192,JJA,LA-PLATA,49310.47715399953,13.697354764999869,intensification 2
3534,19950629,1995-07-16 02:00:00,-46.33487,-38.10686,5.6526,JJA,LA-PLATA,53866.97226625464,14.9630478517374,intensification 2
3535,19950629,1995-07-16 03:00:00,-46.02014,-38.4351,5.63215,JJA,LA-PLATA,45684.15021109317,12.690041725303658,intensification 2
3536,19950629,1995-07-16 04:00:00,-45.63861,-38.85059,5.63571,JJA,LA-PLATA,56854.50971772288,15.792919366034134,intensification 2
3537,19950629,1995-07-16 05:00:00,-45.10519,-39.30005,5.67059,JJA,LA-PLATA,67955.83878958471,18.876621885995753,intensification 2
3538,19950629,1995-07-16 06:00:00,-44.73331,-39.62177,5.83399,JJA,LA-PLATA,47947.765851669246,13.318823847685902,intensification 2
3539,19950629,1995-07-16 07:00:00,-44.21356,-39.95676,6.05662,JJA,LA-PLATA,57962.296279032875,16.10063785528691,intensification 2
3540,19950629,1995-07-16 08:00:00,-43.80258,-40.21976,6.25946,JJA,LA-PLATA,45580.38864539124,12.661219068164234,intensification 2
3541,19950629,1995-07-16 09:00:00,-43.0621,-40.60596,6.43414,JJA,LA-PLATA,75988.71097403618,21.107975270565603,intensification 2
3542,19950629,1995-07-16 10:00:00,-42.07449,-40.92112,6.30241,JJA,LA-PLATA,90257.18282349865,25.071439673194067,intensification 2
3543,19950629,1995-07-16 11:00:00,-40.54037,-41.72507,6.53599,JJA,LA-PLATA,156212.7403583595,43.392427877322085,intensification 2
3544,19950629,1995-07-16 12:00:00,-39.49191,-42.32512,6.75467,JJA,LA-PLATA,109324.68060197115,30.367966833880875,intensification 2
3545,19950629,1995-07-16 13:00:00,-38.63995,-42.78064,6.90207,JJA,LA-PLATA,86229.52784382118,23.952646623283663,intensification 2
3546,19950629,1995-07-16 14:00:00,-37.87793,-43.16012,7.13601,JJA,LA-PLATA,74995.98857406377,20.832219048351046,intensification 2
3547,19950629,1995-07-16 15:00:00,-37.19498,-43.48582,7.42526,JJA,LA-PLATA,66058.79184064847,18.34966440018013,intensification 2
3548,19950629,1995-07-16 16:00:00,-36.52713,-43.78635,7.58795,JJA,LA-PLATA,63287.52289831676,17.579867471754657,intensification 2
3549,19950629,1995-07-16 17:00:00,-35.88065,-44.14883,7.92379,JJA,LA-PLATA,65584.85946161955,18.218016517116542,intensification 2
3550,19950629,1995-07-16 18:00:00,-35.11545,-44.60041,8.28593,JJA,LA-PLATA,78867.9987282377,21.90777742451047,mature 2
3551,19950629,1995-07-16 19:00:00,-34.39066,-45.02728,8.78752,JJA,LA-PLATA,74307.80984449168,20.641058290136577,mature 2
3552,19950629,1995-07-16 20:00:00,-33.64362,-45.45515,9.3309,JJA,LA-PLATA,75395.71915039992,20.943255319555533,mature 2
3553,19950629,1995-07-16 21:00:00,-32.89447,-45.78821,9.87451,JJA,LA-PLATA,69034.83053452586,19.17634181514607,mature 2
3554,19950629,1995-07-16 22:00:00,-31.6951,-46.16515,10.09456,JJA,LA-PLATA,101716.95491817694,28.254709699493596,mature 2
3555,19950629,1995-07-16 23:00:00,-30.8703,-46.51313,10.54128,JJA,LA-PLATA,74204.37521267214,20.61232644796448,decay 2
3556,19950629,1995-07-17 00:00:00,-30.07495,-46.88411,11.06318,JJA,LA-PLATA,73352.27406650301,20.375631685139727,decay 2
3557,19950629,1995-07-17 01:00:00,-29.24206,-47.2497,11.70015,JJA,LA-PLATA,75046.20098584113,20.846166940511427,decay 2
3558,19950629,1995-07-17 02:00:00,-28.52725,-47.64391,12.49531,JJA,LA-PLATA,69359.23831518642,19.266455087551783,incipient
3559,19950629,1995-07-17 03:00:00,-27.79932,-48.01843,13.16058,JJA,LA-PLATA,68460.41724171721,19.016782567143668,incipient
3560,19950629,1995-07-17 04:00:00,-27.05429,-48.32622,13.71906,JJA,LA-PLATA,64989.19603109138,18.052554453080937,incipient
3561,19950629,1995-07-17 05:00:00,-26.27322,-48.62046,14.16649,JJA,LA-PLATA,66225.4722914948,18.395964525415224,incipient
3562,19950629,1995-07-17 06:00:00,-25.4798,-48.89659,14.50721,JJA,LA-PLATA,65767.29814282863,18.268693928563508,incipient
3563,19950629,1995-07-17 07:00:00,-24.71738,-49.2128,14.86811,JJA,LA-PLATA,65748.80218065024,18.26355616129173,incipient
3564,19950629,1995-07-17 08:00:00,-24.00241,-49.50048,15.00822,JJA,LA-PLATA,60866.22571981901,16.907284922171947,intensification
3565,19950629,1995-07-17 09:00:00,-23.37384,-49.85415,15.08947,JJA,LA-PLATA,59933.86036461449,16.648294545726248,intensification
3566,19950629,1995-07-17 10:00:00,-22.83264,-50.31936,15.09923,JJA,LA-PLATA,64550.43096624952,17.930675268402645,intensification
3567,19950629,1995-07-17 11:00:00,-22.2565,-50.56231,15.03035,JJA,LA-PLATA,48933.39426140802,13.592609517057785,intensification
3568,19950629,1995-07-17 12:00:00,-21.75333,-50.88525,15.2805,JJA,LA-PLATA,50438.212329942595,14.010614536095165,intensification
3569,19950629,1995-07-17 13:00:00,-21.14731,-51.11214,15.3804,JJA,LA-PLATA,49345.647948544436,13.707124430151232,intensification
3570,19950629,1995-07-17 14:00:00,-20.56867,-51.32373,15.52721,JJA,LA-PLATA,46666.08451949114,12.962801255414204,intensification
3571,19950629,1995-07-17 15:00:00,-19.89612,-51.49294,15.47731,JJA,LA-PLATA,50299.259351338915,13.972016486483032,intensification
3572,19950629,1995-07-17 16:00:00,-19.32968,-51.66147,15.43047,JJA,LA-PLATA,43397.28826021999,12.054802294505553,intensification
3573,19950629,1995-07-17 17:00:00,-18.62463,-51.76904,15.4417,JJA,LA-PLATA,50023.958783119815,13.895544106422172,intensification
3574,19950629,1995-07-17 18:00:00,-18.00409,-51.8977,15.11957,JJA,LA-PLATA,44975.08709680595,12.493079749112765,intensification
3575,19950629,1995-07-17 19:00:00,-17.30151,-52.03917,14.83777,JJA,LA-PLATA,50636.68200436802,14.065745001213338,intensification
3576,19950629,1995-07-17 20:00:00,-16.66156,-52.13442,14.53818,JJA,LA-PLATA,44989.337920130354,12.497038311147321,intensification
3577,19950629,1995-07-17 21:00:00,-16.04099,-52.21987,14.22202,JJA,LA-PLATA,43368.492352885216,12.046803431357004,intensification
3578,19950629,1995-07-17 22:00:00,-15.67258,-52.41817,13.64431,JJA,LA-PLATA,33365.134727341916,9.2680929798172,intensification
3579,19950629,1995-07-17 23:00:00,-15.06519,-52.47397,13.44919,JJA,LA-PLATA,41630.268754845405,11.563963543012612,intensification
3580,19950629,1995-07-18 00:00:00,-14.43204,-52.50623,13.17141,JJA,LA-PLATA,43018.06447945497,11.94946235540416,intensification
3581,19950629,1995-07-18 01:00:00,-13.93835,-52.5634,12.86868,JJA,LA-PLATA,33991.68984819158,9.442136068942105,mature
3582,19950629,1995-07-18 02:00:00,-13.41278,-52.62013,12.53572,JJA,LA-PLATA,36058.17882121077,10.016160783669658,mature
3583,19950629,1995-07-18 03:00:00,-12.96963,-52.64712,12.17078,JJA,LA-PLATA,30056.295937213094,8.348971093670304,mature
3584,19950629,1995-07-18 04:00:00,-12.58517,-52.67948,11.89927,JJA,LA-PLATA,26176.280222631725,7.271188950731035,mature
3585,19950629,1995-07-18 05:00:00,-12.18457,-52.71632,11.61819,JJA,LA-PLATA,27303.907245652965,7.584418679348046,mature
3586,19950629,1995-07-18 06:00:00,-11.84,-52.7798,11.41443,JJA,LA-PLATA,24242.903118214377,6.734139755059549,mature
3587,19950629,1995-07-18 07:00:00,-11.46893,-52.81953,11.1553,JJA,LA-PLATA,25334.773284155108,7.037437023376419,decay
3588,19950629,1995-07-18 08:00:00,-11.09756,-52.80208,10.99127,JJA,LA-PLATA,25035.702841946884,6.9543619005408015,decay
3589,19950629,1995-07-18 09:00:00,-10.70139,-52.81813,10.87146,JJA,LA-PLATA,26687.412450105265,7.41317012502924,decay
3590,19950629,1995-07-18 10:00:00,-10.87698,-52.87004,10.25872,JJA,LA-PLATA,13129.531151577201,3.6470919865492224,decay
3591,19950629,1995-07-18 11:00:00,-10.59283,-52.87165,10.11773,JJA,LA-PLATA,19072.658299779567,5.297960638827657,decay
3592,19950629,1995-07-18 12:00:00,-10.31448,-52.88683,10.03019,JJA,LA-PLATA,18755.024451900612,5.209729014416837,decay
3593,19950629,1995-07-18 13:00:00,-9.99216,-52.90095,9.91952,JJA,LA-PLATA,21679.17460489442,6.021992945804005,incipient
3594,19950629,1995-07-18 14:00:00,-9.62552,-52.90058,9.85,JJA,LA-PLATA,24591.49792784953,6.830971646624869,incipient
3595,19950629,1995-07-18 15:00:00,-9.25211,-52.88957,9.80122,JJA,LA-PLATA,25078.731697411014,6.966314360391949,incipient
3596,19950629,1995-07-18 16:00:00,-8.90134,-52.88031,9.69852,JJA,LA-PLATA,23558.129082429812,6.5439247451193925,incipient
3597,19950629,1995-07-18 17:00:00,-8.52862,-52.84768,9.63012,JJA,LA-PLATA,25282.176549523683,7.022826819312134,incipient
3598,19950629,1995-07-18 18:00:00,-8.12588,-52.79572,9.54552,JJA,LA-PLATA,27671.924278613216,7.686645632948116,intensification
3599,19950629,1995-07-18 19:00:00,-7.76617,-52.73599,9.3993,JJA,LA-PLATA,25096.494134610137,6.971248370725038,intensification
3600,19950629,1995-07-18 20:00:00,-7.38586,-52.65535,9.26389,JJA,LA-PLATA,27152.23009339542,7.542286137054283,intensification
3601,19950629,1995-07-18 21:00:00,-6.93408,-52.56807,9.13291,JJA,LA-PLATA,32010.41899888608,8.891783055246133,intensification
3602,19950629,1995-07-18 22:00:00,-6.36298,-52.38938,8.60506,JJA,LA-PLATA,43482.23950824029,12.07839986340008,intensification
3603,19950629,1995-07-18 23:00:00,-5.89969,-52.28766,8.49751,JJA,LA-PLATA,33446.248105281215,9.290624473689226,intensification
3604,19950629,1995-07-19 00:00:00,-5.40994,-52.18219,8.36659,JJA,LA-PLATA,35353.14808208843,9.820318911691231,intensification
3605,19950629,1995-07-19 01:00:00,-4.94742,-52.11404,8.2132,JJA,LA-PLATA,32455.57395764028,9.015437210455634,intensification
3606,19950629,1995-07-19 02:00:00,-4.49719,-52.05631,8.05534,JJA,LA-PLATA,31425.95709839586,8.729432527332182,intensification
3607,19950629,1995-07-19 03:00:00,-4.05493,-51.99857,7.91664,JJA,LA-PLATA,30931.52464624028,8.592090179511189,intensification
3608,19950629,1995-07-19 04:00:00,-3.48126,-51.90726,7.74048,JJA,LA-PLATA,40603.70324961357,11.278806458225992,intensification
3609,19950629,1995-07-19 05:00:00,-2.94574,-51.79109,7.55697,JJA,LA-PLATA,38986.39562262188,10.82955433961719,intensification
3610,19950629,1995-07-19 06:00:00,-2.3111,-51.68614,7.33887,JJA,LA-PLATA,45230.97197456302,12.564158881823062,intensification
3611,19950629,1995-07-19 07:00:00,-1.61868,-51.56578,7.20428,JJA,LA-PLATA,49635.26345422705,13.787573181729737,intensification
3612,19950629,1995-07-19 08:00:00,-0.98181,-51.42648,6.99217,JJA,LA-PLATA,46729.85680097353,12.980515778048204,intensification
3613,19950629,1995-07-19 09:00:00,-0.36404,-51.26836,6.72416,JJA,LA-PLATA,46367.968666689645,12.879991296302679,intensification
3614,19950629,1995-07-19 10:00:00,0.93971,-50.98585,6.0975,JJA,LA-PLATA,96251.64802274875,26.736568895207984,intensification
3615,19950629,1995-07-19 11:00:00,1.82214,-50.85389,5.87131,JJA,LA-PLATA,63572.79385649135,17.65910940458093,intensification
3616,19950629,1995-07-19 12:00:00,2.93236,-50.74687,5.70886,JJA,LA-PLATA,78925.50709317088,21.92375197032524,intensification
3617,19950629,1995-07-19 13:00:00,4.2746,-50.67506,5.54331,JJA,LA-PLATA,94845.68874927974,26.346024652577704,intensification
3618,19950629,1995-07-19 14:00:00,5.46723,-50.62163,5.42256,JJA,LA-PLATA,84296.73128513659,23.41575869031572,intensification
3619,19950629,1995-07-19 15:00:00,6.99667,-50.60887,5.25022,JJA,LA-PLATA,107918.64250259016,29.977400695163933,intensification
3620,19950629,1995-07-19 16:00:00,9.54273,-50.79563,5.15728,JJA,LA-PLATA,180496.80255335398,50.13800070926499,intensification
3621,19950629,1995-07-19 17:00:00,11.24914,-50.9768,5.23049,JJA,LA-PLATA,121383.05137240623,33.717514270112844,intensification
3622,19950629,1995-07-19 18:00:00,12.57849,-51.13596,5.21536,JJA,LA-PLATA,94580.40938689809,26.272335940805025,intensification
3623,19950629,1995-07-19 19:00:00,13.59161,-51.25911,5.27254,JJA,LA-PLATA,71908.44236101328,19.974567322503688,intensification
3624,19950629,1995-07-19 20:00:00,14.10372,-51.3075,5.38205,JJA,LA-PLATA,36020.907445796896,10.005807623832471,intensification
3625,19950629,1995-07-19 21:00:00,14.83431,-51.35364,5.50387,JJA,LA-PLATA,51018.0486833522,14.171680189820055,intensification
3626,19950629,1995-07-19 22:00:00,15.08068,-51.52678,5.67761,JJA,LA-PLATA,25734.178694012975,7.14838297055916,intensification
3627,19950629,1995-07-19 23:00:00,15.67008,-51.53603,5.71224,JJA,LA-PLATA,40783.344222680615,11.328706728522393,intensification
3628,19950629,1995-07-20 00:00:00,16.35998,-51.55109,5.76612,JJA,LA-PLATA,47738.81428150073,13.260781744861314,intensification
3629,19950629,1995-07-20 01:00:00,17.09884,-51.62979,5.84807,JJA,LA-PLATA,51787.24774013801,14.38534659448278,intensification
3630,19950629,1995-07-20 02:00:00,17.86856,-51.73493,5.93403,JJA,LA-PLATA,54339.266404747046,15.094240667985291,intensification
3631,19950629,1995-07-20 03:00:00,18.67152,-51.83017,5.98041,JJA,LA-PLATA,56241.827292085756,15.622729803357155,intensification
3632,19950629,1995-07-20 04:00:00,19.42466,-51.92825,6.05261,JJA,LA-PLATA,52835.43162446488,14.676508784573578,intensification
3633,19950629,1995-07-20 05:00:00,20.16559,-51.99505,6.14127,JJA,LA-PLATA,51306.70751452822,14.251863198480061,intensification
3634,19950629,1995-07-20 06:00:00,20.8648,-52.0035,6.20036,JJA,LA-PLATA,47876.69969097773,13.299083247493813,intensification
3635,19950629,1995-07-20 07:00:00,21.5085,-52.04181,6.2778,JJA,LA-PLATA,44249.825665300945,12.291618240361373,intensification
3636,19950629,1995-07-20 08:00:00,22.1,-52.11796,6.34035,JJA,LA-PLATA,41298.1693916076,11.471713719891,intensification
3637,19950629,1995-07-20 09:00:00,22.66096,-52.19791,6.28842,JJA,LA-PLATA,39285.835952608315,10.912732209057864,intensification
3638,19950629,1995-07-20 10:00:00,23.1003,-52.61299,6.07981,JJA,LA-PLATA,54940.76114561466,15.261322540448518,intensification
3639,19950629,1995-07-20 11:00:00,23.47196,-52.88446,6.08269,JJA,LA-PLATA,39204.24379194564,10.8900677199849,intensification
3640,19950629,1995-07-20 12:00:00,23.81856,-53.1389,6.07574,JJA,LA-PLATA,36580.48665334526,10.161246292595905,mature
3641,19950629,1995-07-20 13:00:00,24.07656,-53.4102,6.05817,JJA,LA-PLATA,34703.812486816394,9.639947913004553,mature
3642,19950629,1995-07-20 14:00:00,24.19121,-53.76536,5.98715,JJA,LA-PLATA,40210.52111693709,11.169589199149192,mature
3643,19950629,1995-07-20 15:00:00,24.07093,-54.27259,5.95028,JJA,LA-PLATA,56946.19515380793,15.818387542724425,mature
3644,19950629,1995-07-20 16:00:00,23.68572,-54.9909,5.91671,JJA,LA-PLATA,83631.76022962046,23.231044508227903,mature
3645,19950629,1995-07-20 17:00:00,23.29815,-55.65239,5.96255,JJA,LA-PLATA,77533.51456080537,21.53708737800149,mature
3646,19950629,1995-07-20 18:00:00,23.01074,-56.04084,6.01768,JJA,LA-PLATA,46771.78087504785,12.992161354179958,mature
3647,19950629,1995-07-20 19:00:00,22.78169,-56.35146,6.17799,JJA,LA-PLATA,37332.986328969666,10.370273980269351,mature
3648,19950629,1995-07-20 20:00:00,22.63078,-56.60428,6.38021,JJA,LA-PLATA,29600.384385402638,8.222328995945178,mature
3649,19950629,1995-07-20 21:00:00,22.63428,-56.75626,6.58475,JJA,LA-PLATA,16900.780964835252,4.6946613791209035,decay
3650,19950629,1995-07-20 22:00:00,22.8324,-56.95487,6.74019,JJA,LA-PLATA,25155.55555235483,6.987654320098564,decay
3651,19950629,1995-07-20 23:00:00,22.87279,-56.95234,6.96117,JJA,LA-PLATA,2465.2198498461853,0.6847832916239404,decay
3652,19950629,1995-07-21 00:00:00,22.8449,-56.97485,7.11588,JJA,LA-PLATA,3020.5122322773514,0.8390311756325975,decay
3653,19950629,1995-07-21 01:00:00,22.82411,-56.9876,7.25806,JJA,LA-PLATA,1896.5307217224206,0.5268140893673391,decay
3654,19950629,1995-07-21 02:00:00,22.75251,-57.03605,7.4018,JJA,LA-PLATA,6914.810236942976,1.920780621373049,decay
3655,19950629,1995-07-21 03:00:00,22.76563,-57.07328,7.52579,JJA,LA-PLATA,4215.134788592141,1.1708707746089282,decay
3656,19950629,1995-07-21 04:00:00,22.75616,-57.11526,7.49966,JJA,LA-PLATA,4702.892037858483,1.306358899405134,decay
3657,19950629,1995-07-21 05:00:00,22.76228,-57.12121,7.49164,JJA,LA-PLATA,757.7773071606474,0.21049369643351318,decay
3658,19950629,1995-07-21 06:00:00,22.74617,-57.06359,7.48988,JJA,LA-PLATA,6480.5537537839755,1.8001538204955487,decay
3659,19950629,1995-07-21 07:00:00,22.72607,-57.01072,7.60389,JJA,LA-PLATA,6003.339799280439,1.667594388689011,decay
3660,19950629,1995-07-21 08:00:00,22.67582,-56.95066,7.66421,JJA,LA-PLATA,7339.712882489547,2.0388091340248744,decay
3661,19950629,1995-07-21 09:00:00,22.53798,-56.86933,7.68446,JJA,LA-PLATA,12321.00062628177,3.4225001739671583,decay
3662,19950629,1995-07-21 10:00:00,22.70232,-56.82553,7.40491,JJA,LA-PLATA,11117.023161548903,3.0880619893191397,decay
3663,19950629,1995-07-21 11:00:00,22.63738,-56.78396,7.43975,JJA,LA-PLATA,6082.451823780568,1.6895699510501576,decay
3664,19950629,1995-07-21 12:00:00,22.63997,-56.70944,7.48186,JJA,LA-PLATA,8287.762320067504,2.302156200018751,decay
3665,19950629,1995-07-21 13:00:00,22.70444,-56.61798,7.5159,JJA,LA-PLATA,10906.297919358152,3.029527199821709,decay
3666,19950629,1995-07-21 14:00:00,22.68576,-56.49774,7.39595,JJA,LA-PLATA,13419.009130214145,3.727502536170596,decay
3667,19950629,1995-07-21 15:00:00,22.66745,-56.34296,7.32209,JJA,LA-PLATA,17247.575400319183,4.790993166755329,decay
3668,19950629,1995-07-21 16:00:00,22.68745,-56.16956,7.20344,JJA,LA-PLATA,19320.760067557963,5.3668777965438785,decay
3669,19950629,1995-07-21 17:00:00,22.64498,-55.94966,7.06234,JJA,LA-PLATA,24593.546560898765,6.831540711360768,intensification 2
3670,19950629,1995-07-21 18:00:00,22.66491,-55.73029,6.92731,JJA,LA-PLATA,24424.58424653223,6.784606735147842,intensification 2
3671,19950629,1995-07-21 19:00:00,22.75344,-55.46179,6.83194,JJA,LA-PLATA,30369.568613259955,8.4359912814611,intensification 2
3672,19950629,1995-07-21 20:00:00,22.93841,-55.20673,6.72166,JJA,LA-PLATA,30679.433155147253,8.522064765318682,intensification 2
3673,19950629,1995-07-21 21:00:00,23.15913,-54.99507,6.57332,JJA,LA-PLATA,27406.09243479524,7.612803454109788,intensification 2
3674,19950629,1995-07-21 22:00:00,23.80551,-54.95737,6.74047,JJA,LA-PLATA,41462.13715316069,11.517260320322414,intensification 2
3675,19950629,1995-07-21 23:00:00,24.13358,-54.80831,6.66832,JJA,LA-PLATA,26741.15842091483,7.428099561365231,intensification 2
3676,19950629,1995-07-22 00:00:00,24.49802,-54.67976,6.57423,JJA,LA-PLATA,27413.283018323662,7.614800838423239,intensification 2
3677,19950629,1995-07-22 01:00:00,24.93541,-54.56573,6.48452,JJA,LA-PLATA,30881.02703983931,8.57806306662203,intensification 2
3678,19950629,1995-07-22 02:00:00,25.37826,-54.43793,6.41035,JJA,LA-PLATA,31930.610597329436,8.869614054813733,intensification 2
3679,19950629,1995-07-22 03:00:00,25.92524,-54.34044,6.37559,JJA,LA-PLATA,37036.77314140553,10.287992539279314,intensification 2
3680,19950629,1995-07-22 04:00:00,26.52039,-54.26456,6.32024,JJA,LA-PLATA,39526.02787651844,10.979452187921789,intensification 2
3681,19950629,1995-07-22 05:00:00,27.16136,-54.22477,6.20464,JJA,LA-PLATA,41880.66051790505,11.633516810529182,intensification 2
3682,19950629,1995-07-22 06:00:00,27.86172,-54.25991,6.11004,JJA,LA-PLATA,45675.07003619411,12.687519454498364,intensification 2
3683,19950629,1995-07-22 07:00:00,28.69696,-54.34517,6.03752,JJA,LA-PLATA,55015.4666894556,15.282074080404334,intensification 2
3684,19950629,1995-07-22 08:00:00,29.5528,-54.50743,6.08865,JJA,LA-PLATA,58227.72155555131,16.174367098764254,intensification 2
3685,19950629,1995-07-22 09:00:00,30.46831,-54.76784,6.06611,JJA,LA-PLATA,65646.95480509567,18.235265223637686,intensification 2
3686,19950630,1995-07-15 10:00:00,-80.44403,-48.9604,3.07562,JJA,SAt,,,decay
3687,19950630,1995-07-15 11:00:00,-79.96314,-48.36871,3.16383,JJA,SAt,74672.23882135999,20.742288561488888,decay
3688,19950630,1995-07-15 12:00:00,-79.50363,-47.85288,3.25033,JJA,SAt,66736.55024557238,18.537930623770105,decay
3689,19950630,1995-07-15 13:00:00,-79.07541,-47.47573,3.35514,JJA,SAt,52792.72977098835,14.664647158607876,decay
3690,19950630,1995-07-15 14:00:00,-78.70837,-47.11916,3.40818,JJA,SAt,48354.417046613285,13.431782512948136,decay
3691,19950630,1995-07-15 15:00:00,-78.44608,-46.77565,3.43686,JJA,SAt,43074.31219593777,11.965086721093824,decay
3692,19950630,1995-07-15 16:00:00,-78.24481,-46.4612,3.44114,JJA,SAt,38195.10326318295,10.609750906439709,decay
3693,19950630,1995-07-15 17:00:00,-78.08624,-46.13722,3.42618,JJA,SAt,38028.90632775941,10.563585091044281,decay
3694,19950630,1995-07-15 18:00:00,-77.9509,-45.87291,3.39628,JJA,SAt,31193.525317332405,8.664868143703446,decay
3695,19950630,1995-07-15 19:00:00,-77.64774,-45.65349,3.36616,JJA,SAt,33886.92253850504,9.413034038473622,decay
3696,19950630,1995-07-15 20:00:00,-77.3822,-45.35112,3.42476,JJA,SAt,39480.49793482969,10.966804981897136,decay
3697,19950630,1995-07-15 21:00:00,-77.0415,-45.07965,3.41923,JJA,SAt,40291.510041414855,11.192086122615237,decay
3698,19950630,1995-07-15 22:00:00,-76.83368,-44.8975,3.58816,JJA,SAt,26025.761326838958,7.229378146344155,intensification 2
3699,19950630,1995-07-15 23:00:00,-76.46503,-44.65253,3.5732,JJA,SAt,39859.18498161298,11.071995828225829,intensification 2
3700,19950630,1995-07-16 00:00:00,-76.07105,-44.40663,3.53127,JJA,SAt,41508.793267609944,11.530220352113874,intensification 2
3701,19950630,1995-07-16 01:00:00,-75.66492,-44.19785,3.4072,JJA,SAt,39792.90320375942,11.053584223266506,intensification 2
3702,19950630,1995-07-16 02:00:00,-75.25491,-43.9935,3.2492,JJA,SAt,39854.61678831346,11.070726885642628,intensification 2
3703,19950630,1995-07-16 03:00:00,-74.8526,-43.77599,3.0214,JJA,SAt,40305.17017370919,11.19588060380811,intensification 2
3704,19950630,1995-07-16 04:00:00,-74.4729,-43.59377,2.79061,JJA,SAt,36643.436689225986,10.178732413673885,intensification 2
3705,19950630,1995-07-16 05:00:00,-74.14883,-43.42237,2.54703,JJA,SAt,32346.465415230065,8.985129282008351,intensification 2
3706,19950630,1995-07-16 06:00:00,-73.77374,-43.25101,2.27475,JJA,SAt,35823.49720484563,9.950971445790454,intensification 2
3707,19950630,1995-07-16 07:00:00,-73.46213,-43.0367,2.13923,JJA,SAt,34742.43279591015,9.650675776641709,intensification 2
3708,19950630,1995-07-16 08:00:00,-73.07489,-42.88068,1.93474,JJA,SAt,35972.48367627139,9.992356576742052,intensification 2
3709,19950630,1995-07-16 09:00:00,-72.49228,-42.65656,1.73982,JJA,SAt,53691.37354343451,14.914270428731808,intensification 2
3710,19950630,1995-07-16 10:00:00,-70.79919,-42.4013,1.86567,JJA,SAt,141609.0267539538,39.33584076498717,intensification 2
3711,19950631,1995-07-15 10:00:00,-33.2966,-37.80717,2.74379,JJA,SAt,,,decay
3712,19950631,1995-07-15 11:00:00,-32.39297,-37.88438,2.84364,JJA,SAt,79807.73363687884,22.16881489913301,decay
3713,19950631,1995-07-15 12:00:00,-31.46738,-37.8994,3.09262,JJA,SAt,81239.1524932363,22.566431248121194,decay
3714,19950631,1995-07-15 13:00:00,-30.52213,-37.86869,3.23502,JJA,SAt,83026.25393072626,23.06284831409063,decay
3715,19950631,1995-07-15 14:00:00,-29.96512,-37.87538,3.35224,JJA,SAt,48897.4726958839,13.582631304412194,decay
3716,19950631,1995-07-15 15:00:00,-29.72159,-37.90106,3.24202,JJA,SAt,21561.210142170934,5.989225039491926,decay
3717,19950631,1995-07-15 16:00:00,-29.12155,-37.88561,3.16543,JJA,SAt,52681.56754088928,14.633768761358134,decay
3718,19950631,1995-07-15 17:00:00,-28.50696,-37.83166,3.1641,JJA,SAt,54288.1813871318,15.080050385314388,decay
3719,19950631,1995-07-15 18:00:00,-27.93594,-37.76452,3.12652,JJA,SAt,50724.20875117804,14.090057986438344,decay
3720,19950631,1995-07-15 19:00:00,-27.43512,-37.69777,3.09673,JJA,SAt,44664.67481496428,12.406854115267857,decay
3721,19950631,1995-07-15 20:00:00,-27.14255,-37.70713,3.01598,JJA,SAt,25760.529886281307,7.1557027461892515,decay
3722,19950631,1995-07-15 21:00:00,-26.88825,-37.76299,2.97647,JJA,SAt,23209.35307895461,6.447042521931836,decay
3723,19950631,1995-07-15 22:00:00,-26.41483,-37.69485,3.0262,JJA,SAt,42319.07030642636,11.755297307340655,intensification 2
3724,19950631,1995-07-15 23:00:00,-26.18814,-37.80561,2.86703,JJA,SAt,23428.94415820562,6.508040043946005,intensification 2
3725,19950631,1995-07-16 00:00:00,-25.92493,-37.9182,2.78365,JJA,SAt,26280.229930835194,7.300063869676443,intensification 2
3726,19950631,1995-07-16 01:00:00,-25.73599,-38.0625,2.70403,JJA,SAt,23056.70956438503,6.404641545662508,intensification 2
3727,19950631,1995-07-16 02:00:00,-25.58792,-38.20268,2.69672,JJA,SAt,20265.45283538262,5.62929245427295,intensification 2
3728,19950631,1995-07-16 03:00:00,-25.3374,-38.33018,2.67746,JJA,SAt,26064.36527552099,7.240101465422498,intensification 2
3729,19950631,1995-07-16 04:00:00,-25.2182,-38.48054,2.70527,JJA,SAt,19682.917343088033,5.467477039746676,intensification 2
3730,19950631,1995-07-16 05:00:00,-24.75797,-38.5288,2.78193,JJA,SAt,40405.509912993744,11.223752753609373,intensification 2
3731,19950631,1995-07-16 06:00:00,-24.42017,-38.56235,2.81551,JJA,SAt,29613.38948628626,8.225941523968405,intensification 2
3732,19950631,1995-07-16 07:00:00,-24.18933,-38.61132,2.82253,JJA,SAt,20789.724931675075,5.774923592131965,intensification 2
3733,19950631,1995-07-16 08:00:00,-24.08911,-38.73091,2.96484,JJA,SAt,15891.270208950928,4.4142417247085906,intensification 2
3734,19950631,1995-07-16 09:00:00,-24.07318,-38.88452,3.0963,JJA,SAt,17136.359113885817,4.760099753857172,intensification 2
3735,19950631,1995-07-16 10:00:00,-23.14896,-38.8957,3.07422,JJA,SAt,79999.50831495551,22.222085643043197,intensification 2
3736,19950631,1995-07-16 11:00:00,-22.91644,-39.01921,3.13008,JJA,SAt,24348.20265431269,6.763389626197969,intensification 2
3737,19950631,1995-07-16 12:00:00,-22.76718,-39.20222,3.22387,JJA,SAt,24082.338459268998,6.689538460908055,intensification 2
3738,19950631,1995-07-16 13:00:00,-22.31522,-39.28165,3.30853,JJA,SAt,39911.62181587611,11.086561615521141,intensification 2
3739,19950631,1995-07-16 14:00:00,-21.86169,-39.3939,3.35658,JJA,SAt,40952.33252337886,11.375647923160793,intensification 2
3740,19950631,1995-07-16 15:00:00,-21.3501,-39.48015,3.3901,JJA,SAt,44969.128257004035,12.491424515834455,intensification 2
3741,19950631,1995-07-16 16:00:00,-20.8472,-39.55682,3.36365,JJA,SAt,43972.07215836339,12.214464488434276,intensification 2
3742,19950631,1995-07-16 17:00:00,-20.27014,-39.60259,3.40623,JJA,SAt,49716.512438698686,13.81014234408297,intensification 2
3743,19950631,1995-07-16 18:00:00,-19.6279,-39.59445,3.42353,JJA,SAt,55033.881573586725,15.287189325996312,mature 2
3744,19950631,1995-07-16 19:00:00,-19.14658,-39.6649,3.36073,JJA,SAt,41958.22884420957,11.65506356783599,mature 2
3745,19950631,1995-07-16 20:00:00,-18.45129,-39.5289,3.32273,JJA,SAt,61462.487462976635,17.072913184160175,mature 2
3746,19950631,1995-07-16 21:00:00,-17.91721,-39.51489,3.25122,JJA,SAt,45836.49809214989,12.732360581152749,mature 2
3747,19950631,1995-07-16 22:00:00,-17.67593,-39.60403,2.8042,JJA,SAt,22936.57617679674,6.371271160221317,mature 2
3748,19950631,1995-07-16 23:00:00,-17.2915,-39.70672,2.66593,JJA,SAt,34835.15393596301,9.676431648878614,decay 2
3749,19950631,1995-07-17 00:00:00,-16.87274,-39.69841,2.3602,JJA,SAt,35836.91238333952,9.954697884260979,decay 2
3750,19950631,1995-07-17 01:00:00,-16.5581,-39.83593,2.15704,JJA,SAt,30935.843809296442,8.59328994702679,decay 2
3751,19950631,1995-07-17 02:00:00,-16.31693,-40.12324,1.85556,JJA,SAt,37985.55432441353,10.551542867892648,incipient
3752,19950632,1995-07-15 10:00:00,-64.97092,-44.58439,1.28583,JJA,LA-PLATA,,,decay
3753,19950632,1995-07-15 11:00:00,-64.82425,-44.67238,1.33657,JJA,LA-PLATA,15180.38714931043,4.2167742081417865,decay
3754,19950632,1995-07-15 12:00:00,-64.6387,-44.78814,1.37003,JJA,LA-PLATA,19507.316852269447,5.418699125630402,decay
3755,19950632,1995-07-15 13:00:00,-64.53015,-44.92703,1.38827,JJA,LA-PLATA,17655.61514473107,4.904337540203075,decay
3756,19950632,1995-07-15 14:00:00,-64.32983,-45.05235,1.40609,JJA,LA-PLATA,21032.141420618045,5.842261505727235,decay
3757,19950632,1995-07-15 15:00:00,-63.9874,-45.26202,1.38933,JJA,LA-PLATA,35559.59447618822,9.877665132274506,decay
3758,19950632,1995-07-15 16:00:00,-63.71606,-45.53021,1.4353,JJA,LA-PLATA,36581.201095267155,10.161444748685321,decay
3759,19950632,1995-07-15 17:00:00,-63.45041,-45.63533,1.55878,JJA,LA-PLATA,23749.293920930766,6.597026089147435,decay
3760,19950632,1995-07-15 18:00:00,-63.1185,-45.77776,1.67964,JJA,LA-PLATA,30250.35233105834,8.402875647516206,decay
3761,19950632,1995-07-15 19:00:00,-62.87268,-46.00558,1.76937,JJA,LA-PLATA,31680.891870519452,8.800247741810958,decay
3762,19950632,1995-07-15 20:00:00,-62.55704,-46.10723,1.84621,JJA,LA-PLATA,26850.884618035056,7.4585790605652935,decay
3763,19950632,1995-07-15 21:00:00,-62.39127,-46.16932,1.927,JJA,LA-PLATA,14519.037447564971,4.0330659576569365,decay
3764,19950632,1995-07-15 22:00:00,-61.8045,-45.76665,2.13942,JJA,LA-PLATA,63728.78753423156,17.702440981730987,intensification 2
3765,19950632,1995-07-15 23:00:00,-61.78503,-45.85737,2.20789,JJA,LA-PLATA,10199.860831263246,2.833294675350902,intensification 2
3766,19950632,1995-07-16 00:00:00,-61.80075,-45.98042,2.2118,JJA,LA-PLATA,13736.485900886377,3.8156905280239934,intensification 2
3767,19950632,1995-07-16 01:00:00,-61.88834,-46.11031,2.2463,JJA,LA-PLATA,15946.888509624645,4.429691252673512,intensification 2
3768,19950632,1995-07-16 02:00:00,-61.88309,-46.22924,2.26321,JJA,LA-PLATA,13230.60933884362,3.6751692607898945,intensification 2
3769,19950632,1995-07-16 03:00:00,-61.85977,-46.30246,2.28584,JJA,LA-PLATA,8336.716385118001,2.315754551421667,intensification 2
3770,19950632,1995-07-16 04:00:00,-61.74301,-46.34753,2.32513,JJA,LA-PLATA,10271.31779386936,2.853143831630378,intensification 2
3771,19950632,1995-07-16 05:00:00,-61.52112,-46.3144,2.39688,JJA,LA-PLATA,17430.28846401301,4.841746795559169,intensification 2
3772,19950632,1995-07-16 06:00:00,-61.21314,-46.41647,2.42912,JJA,LA-PLATA,26215.742659554253,7.28215073876507,intensification 2
3773,19950632,1995-07-16 07:00:00,-60.71878,-46.7126,2.44788,JJA,LA-PLATA,50126.328106666064,13.923980029629462,intensification 2
3774,19950632,1995-07-16 08:00:00,-59.95685,-47.5909,2.54035,JJA,LA-PLATA,113390.21163979024,31.497281011052845,intensification 2
3775,19950632,1995-07-16 09:00:00,-59.24799,-48.39133,2.71289,JJA,LA-PLATA,103460.81342534519,28.739114840373663,intensification 2
3776,19950632,1995-07-16 10:00:00,-58.565,-49.06721,2.88849,JJA,LA-PLATA,90319.04295361515,25.088623042670875,intensification 2
3777,19950632,1995-07-16 11:00:00,-58.2135,-48.88931,2.98299,JJA,LA-PLATA,32394.446598649047,8.998457388513625,intensification 2
3778,19950632,1995-07-16 12:00:00,-57.88895,-48.71355,2.98794,JJA,LA-PLATA,30773.049319041795,8.548069255289388,intensification 2
3779,19950632,1995-07-16 13:00:00,-57.59445,-48.47752,2.95907,JJA,LA-PLATA,34027.620126635506,9.452116701843195,intensification 2
3780,19950632,1995-07-16 14:00:00,-57.21524,-48.34406,2.88439,JJA,LA-PLATA,31680.115219536892,8.800032005426914,intensification 2
3781,19950632,1995-07-16 15:00:00,-56.92673,-47.99367,2.78419,JJA,LA-PLATA,44449.85018678634,12.347180607440649,intensification 2
3782,19950633,1995-07-15 10:00:00,4.33613,-45.72259,8.4996,JJA,SAt,,,decay
3783,19950633,1995-07-15 11:00:00,5.34447,-45.64841,8.75239,JJA,SAt,78760.91024034112,21.878030622316977,decay
3784,19950633,1995-07-15 12:00:00,6.18572,-45.64841,8.82134,JJA,SAt,65391.7203184115,18.164366755114305,decay
3785,19950633,1995-07-15 13:00:00,6.8966,-45.86041,8.81682,JJA,SAt,59979.750729855725,16.661041869404368,decay
3786,19950633,1995-07-15 14:00:00,7.60147,-46.12766,8.84812,JJA,SAt,62032.70212176276,17.231306144934102,decay
3787,19950633,1995-07-15 15:00:00,8.2653,-46.45153,9.0819,JJA,SAt,62438.605612732776,17.344057114647992,decay
3788,19950633,1995-07-15 16:00:00,8.93648,-46.82787,9.38435,JJA,SAt,66157.19964994428,18.3769999027623,decay
3789,19950633,1995-07-15 17:00:00,9.69962,-47.15178,9.73171,JJA,SAt,68173.95509630752,18.93720974897431,decay
3790,19950633,1995-07-15 18:00:00,10.41597,-47.45324,10.03825,JJA,SAt,63571.40017756639,17.65872227154622,decay
3791,19950633,1995-07-15 19:00:00,11.06191,-47.73459,10.36266,JJA,SAt,57661.98437819579,16.017217882832163,decay
3792,19950633,1995-07-15 20:00:00,11.73178,-47.98653,10.56635,JJA,SAt,57291.68775761214,15.914357710447817,decay
3793,19950633,1995-07-15 21:00:00,12.29063,-48.22483,10.77871,JJA,SAt,49233.9877300806,13.676107702800167,decay
3794,19950633,1995-07-15 22:00:00,12.83523,-48.37058,11.08685,JJA,SAt,43423.637555571404,12.062121543214278,intensification 2
3795,19950633,1995-07-15 23:00:00,13.31359,-48.53799,11.23949,JJA,SAt,39887.46627578577,11.079851743273826,intensification 2
3796,19950633,1995-07-16 00:00:00,13.84272,-48.69338,11.2927,JJA,SAt,42562.179354589956,11.82282759849721,intensification 2
3797,19950633,1995-07-16 01:00:00,14.37295,-48.84395,11.27707,JJA,SAt,42313.0965876861,11.753637941023918,intensification 2
3798,19950633,1995-07-16 02:00:00,14.97697,-48.98754,11.263,JJA,SAt,46937.01859355644,13.038060720432343,intensification 2
3799,19950633,1995-07-16 03:00:00,15.49945,-49.08493,11.26726,JJA,SAt,39596.97807596095,10.99916057665582,intensification 2
3800,19950633,1995-07-16 04:00:00,16.0398,-49.17719,11.28594,JJA,SAt,40631.32705108754,11.286479736413204,intensification 2
3801,19950633,1995-07-16 05:00:00,16.62602,-49.3051,11.2466,JJA,SAt,44871.28255243345,12.464245153453735,intensification 2
3802,19950633,1995-07-16 06:00:00,17.22039,-49.45604,11.16872,JJA,SAt,46184.771620316445,12.82910322786568,intensification 2
3803,19950633,1995-07-16 07:00:00,17.8426,-49.63327,11.14356,JJA,SAt,49027.084922448754,13.618634700680209,intensification 2
3804,19950633,1995-07-16 08:00:00,18.54834,-49.89127,11.11137,JJA,SAt,58246.20750768332,16.17950208546759,intensification 2
3805,19950633,1995-07-16 09:00:00,19.18596,-50.0849,11.00366,JJA,SAt,50413.75626623949,14.003821185066526,intensification 2
3806,19950633,1995-07-16 10:00:00,19.95,-50.28263,11.34333,JJA,SAt,58675.3383818473,16.298705106068695,intensification 2
3807,19950633,1995-07-16 11:00:00,20.57454,-50.55214,11.36256,JJA,SAt,53442.85272034315,14.845236866761987,intensification 2
3808,19950633,1995-07-16 12:00:00,21.27279,-50.8516,11.34956,JJA,SAt,59387.868580279166,16.49663016118866,intensification 2
3809,19950633,1995-07-16 13:00:00,21.9859,-51.19755,11.41016,JJA,SAt,62986.0810913234,17.496133636478724,intensification 2
3810,19950633,1995-07-16 14:00:00,22.67508,-51.50154,11.48913,JJA,SAt,58595.08537849709,16.27641260513808,intensification 2
3811,19950633,1995-07-16 15:00:00,23.30086,-51.73016,11.50269,JJA,SAt,50130.203945583016,13.925056651550838,intensification 2
3812,19950633,1995-07-16 16:00:00,23.90668,-52.03328,11.55115,JJA,SAt,53527.31432833147,14.86869842453652,intensification 2
3813,19950633,1995-07-16 17:00:00,24.43735,-52.24287,11.48517,JJA,SAt,43067.125908560956,11.96309053015582,intensification 2
3814,19950633,1995-07-16 18:00:00,24.95738,-52.48632,11.50204,JJA,SAt,44492.415769716776,12.359004380476883,mature 2
3815,19950633,1995-07-16 19:00:00,25.41847,-52.70943,11.38691,JJA,SAt,39815.84771795051,11.059957699430699,mature 2
3816,19950633,1995-07-16 20:00:00,25.92513,-52.97268,11.39445,JJA,SAt,44887.260536961934,12.468683482489427,mature 2
3817,19950633,1995-07-16 21:00:00,26.40788,-53.33892,11.37744,JJA,SAt,51908.74290384813,14.419095251068924,mature 2
3818,19950633,1995-07-16 22:00:00,27.26581,-53.54402,11.17133,JJA,SAt,61228.325666287215,17.007868240635336,mature 2
3819,19950633,1995-07-16 23:00:00,27.72378,-53.80477,11.20808,JJA,SAt,41840.584148868205,11.622384485796724,decay 2
3820,19950633,1995-07-17 00:00:00,28.1597,-54.04634,11.30036,JJA,SAt,39194.11072708507,10.887252979745853,decay 2
3821,19950633,1995-07-17 01:00:00,28.58544,-54.31974,11.28603,JJA,SAt,41129.91056413768,11.424975156704912,decay 2
3822,19950633,1995-07-17 02:00:00,28.99978,-54.526,11.12705,JJA,SAt,35277.705251125735,9.799362569757148,incipient
3823,19950633,1995-07-17 03:00:00,29.49524,-54.76799,10.98981,JJA,SAt,41715.645736570135,11.587679371269482,incipient
3824,19950633,1995-07-17 04:00:00,30.05446,-54.95345,10.78753,JJA,SAt,41306.12988091427,11.473924966920631,incipient
3825,19950633,1995-07-17 05:00:00,30.60142,-55.1293,10.59391,JJA,SAt,39959.36833426657,11.09982453729627,incipient
3826,19950633,1995-07-17 06:00:00,31.15484,-55.23893,10.44843,JJA,SAt,37188.93159548496,10.3302587765236,incipient
3827,19950633,1995-07-17 07:00:00,31.67737,-55.33161,10.36255,JJA,SAt,34656.591301148095,9.626830916985583,incipient
3828,19950633,1995-07-17 08:00:00,32.19368,-55.50719,10.17693,JJA,SAt,37985.710584947934,10.551586273596648,intensification
3829,19950633,1995-07-17 09:00:00,32.76628,-55.6931,10.06071,JJA,SAt,41488.255290043104,11.524515358345306,intensification
3830,19950633,1995-07-17 10:00:00,33.78027,-56.10241,9.40695,JJA,SAt,77894.36602362955,21.637323895452653,intensification
3831,19950633,1995-07-17 11:00:00,34.69049,-56.33907,9.28087,JJA,SAt,62121.73198391391,17.25603666219831,intensification
3832,19950633,1995-07-17 12:00:00,35.84491,-56.68251,9.10056,JJA,SAt,80467.36153040412,22.3520448695567,intensification
3833,19950633,1995-07-17 13:00:00,37.00674,-57.05139,9.002,JJA,SAt,81660.3583285647,22.683432869045753,intensification
3834,19950633,1995-07-17 14:00:00,38.0902,-57.40547,8.95403,JJA,SAt,76174.73309079326,21.159648080775906,intensification
3835,19950633,1995-07-17 15:00:00,38.99113,-57.71138,8.85515,JJA,SAt,63599.91170216857,17.66664213949127,intensification
3836,19950633,1995-07-17 16:00:00,39.95496,-58.05881,8.77202,JJA,SAt,68836.8546272329,19.121348507564694,intensification
3837,19950633,1995-07-17 17:00:00,40.83706,-58.41119,8.80443,JJA,SAt,64818.41452143027,18.005115144841742,intensification
3838,19950633,1995-07-17 18:00:00,41.43924,-58.70271,8.86613,JJA,SAt,47652.968233988904,13.236935620552474,intensification
3839,19950633,1995-07-17 19:00:00,41.84215,-58.9328,8.94613,JJA,SAt,34534.88718720761,9.59302421866878,intensification
3840,19950633,1995-07-17 20:00:00,42.14456,-59.12682,9.02946,JJA,SAt,27656.16347716567,7.6822676325460195,intensification
3841,19950633,1995-07-17 21:00:00,42.31309,-59.25036,9.09426,JJA,SAt,16758.331865407796,4.655092184835499,intensification
3842,19950633,1995-07-17 22:00:00,42.52516,-59.38751,8.59053,JJA,SAt,19425.620883137497,5.396005800871527,intensification
3843,19950633,1995-07-17 23:00:00,42.70094,-59.47105,8.54266,JJA,SAt,13605.67402106236,3.779353894739544,intensification
3844,19950633,1995-07-18 00:00:00,43.08646,-59.55261,8.42276,JJA,SAt,23564.514338907084,6.54569842747419,intensification
3845,19950633,1995-07-18 01:00:00,43.46696,-59.62685,8.35381,JJA,SAt,22952.55743910135,6.375710399750375,mature
3846,19950633,1995-07-18 02:00:00,43.66676,-59.68246,8.29526,JJA,SAt,12814.752103496801,3.559653362082445,mature
3847,19950633,1995-07-18 03:00:00,43.76315,-59.71465,8.19748,JJA,SAt,6485.0799404989675,1.8014110945830466,mature
3848,19950633,1995-07-18 04:00:00,43.80334,-59.74136,8.13815,JJA,SAt,3727.75892649663,1.0354885906935083,mature
3849,19950633,1995-07-18 05:00:00,43.85878,-59.78715,8.08493,JJA,SAt,5963.31264756256,1.6564757354340445,mature
3850,19950633,1995-07-18 06:00:00,43.90044,-59.80525,8.07963,JJA,SAt,3079.2327041754534,0.8553424178265149,mature
3851,19950633,1995-07-18 07:00:00,44.00398,-59.83395,8.05593,JJA,SAt,6609.429502173065,1.835952639492518,decay
3852,19950633,1995-07-18 08:00:00,44.17944,-59.864,8.01271,JJA,SAt,10353.649276704104,2.876013687973362,decay
3853,19950633,1995-07-18 09:00:00,44.42813,-59.90162,7.97138,JJA,SAt,14492.349801603059,4.025652722667516,decay
3854,19950633,1995-07-18 10:00:00,44.70606,-59.90458,7.41525,JJA,SAt,15500.95002759173,4.305819452108814,decay
3855,19950633,1995-07-18 11:00:00,44.81108,-59.85395,7.37538,JJA,SAt,8126.258396075016,2.2572939989097267,decay
3856,19950633,1995-07-18 12:00:00,44.93807,-59.78501,7.34627,JJA,SAt,10447.850226511804,2.902180618475501,decay
3857,19950633,1995-07-18 13:00:00,45.07597,-59.69427,7.32274,JJA,SAt,12708.809951380552,3.5302249864945976,incipient
3858,19950633,1995-07-18 14:00:00,45.23893,-59.63592,7.26191,JJA,SAt,11218.356752080226,3.116210208911174,incipient
3859,19950633,1995-07-18 15:00:00,45.45234,-59.61071,7.23235,JJA,SAt,12322.991169004366,3.4230531025012128,incipient
3860,19950633,1995-07-18 16:00:00,45.73047,-59.626,7.20689,JJA,SAt,15733.521146018425,4.370422540560674,incipient
3861,19950633,1995-07-18 17:00:00,46.03843,-59.65969,7.18091,JJA,SAt,17707.137504123148,4.918649306700875,incipient
3862,19950633,1995-07-18 18:00:00,46.41,-59.70057,7.20816,JJA,SAt,21347.368033000563,5.929824453611268,intensification
3863,19950633,1995-07-18 19:00:00,46.79322,-59.75376,7.20214,JJA,SAt,22280.87562195448,6.189132117209578,intensification
3864,19950633,1995-07-18 20:00:00,47.17152,-59.77793,7.15079,JJA,SAt,21351.049409495787,5.930847058193274,intensification
3865,19950633,1995-07-18 21:00:00,47.48715,-59.77357,7.05702,JJA,SAt,17673.712337346442,4.90936453815179,intensification
3866,19950633,1995-07-18 22:00:00,48.62132,-59.80209,6.50994,JJA,SAt,63539.48152105703,17.649855978071397,intensification
3867,19950633,1995-07-18 23:00:00,49.045,-59.85984,6.34627,JJA,SAt,24531.17337620593,6.81421482672387,intensification
3868,19950633,1995-07-19 00:00:00,49.42006,-59.91466,6.20667,JJA,SAt,21793.27638660005,6.05368788516668,intensification
3869,19950633,1995-07-19 01:00:00,49.68517,-59.97105,6.10556,JJA,SAt,16041.16335677537,4.455878710215381,intensification
3870,19950633,1995-07-19 02:00:00,49.93309,-59.99072,6.01736,JJA,SAt,13964.054145208558,3.8789039292245993,intensification
3871,19950633,1995-07-19 03:00:00,50.1176,-60.0203,5.92332,JJA,SAt,10771.078607373593,2.991966279825998,intensification
3872,19950633,1995-07-19 04:00:00,50.34537,-60.03905,5.84187,JJA,SAt,12822.716492000824,3.561865692222451,intensification
3873,19950633,1995-07-19 05:00:00,50.6979,-60.04622,5.72393,JJA,SAt,19590.741017033368,5.441872504731491,intensification
3874,19950633,1995-07-19 06:00:00,51.05618,-60.05509,5.61533,JJA,SAt,19913.392758250768,5.531497988402991,intensification
3875,19950633,1995-07-19 07:00:00,51.35926,-60.06153,5.52098,JJA,SAt,16836.012864097214,4.676670240027004,intensification
3876,19950633,1995-07-19 08:00:00,51.59684,-60.07826,5.43194,JJA,SAt,13311.566405857919,3.697657334960533,intensification
3877,19950633,1995-07-19 09:00:00,51.73237,-60.11238,5.3318,JJA,SAt,8416.98138761631,2.338050385448975,intensification
3878,19950633,1995-07-19 10:00:00,52.78531,-60.20028,5.32636,JJA,SAt,59077.469371282146,16.410408158689485,intensification
3879,19950633,1995-07-19 11:00:00,52.71664,-60.18846,5.2392,JJA,SAt,4016.556426299867,1.1157101184166296,intensification
3880,19950633,1995-07-19 12:00:00,52.73403,-60.16539,5.15521,JJA,SAt,2739.601005741905,0.7610002793727514,intensification
3881,19950633,1995-07-19 13:00:00,52.84797,-60.14227,5.06472,JJA,SAt,6809.2579841861725,1.8914605511628257,intensification
3882,19950633,1995-07-19 14:00:00,52.998,-60.07849,4.98881,JJA,SAt,10927.494760152522,3.0354152111534782,intensification
3883,19950633,1995-07-19 15:00:00,53.15066,-59.98921,4.87941,JJA,SAt,13055.48345446499,3.6265231817958306,intensification
3884,19950633,1995-07-19 16:00:00,53.32429,-59.87928,4.79194,JJA,SAt,15587.712414330033,4.329920115091676,intensification
3885,19950633,1995-07-19 17:00:00,53.54743,-59.79541,4.71977,JJA,SAt,15569.14692395536,4.324763034432045,intensification
3886,19950633,1995-07-19 18:00:00,53.77196,-59.74694,4.6338,JJA,SAt,13676.324938295527,3.7989791495265353,intensification
3887,19950633,1995-07-19 19:00:00,53.95513,-59.73356,4.56485,JJA,SAt,10370.931270180636,2.8808142417168434,intensification
3888,19950633,1995-07-19 20:00:00,54.14897,-59.72788,4.45229,JJA,SAt,10882.975244904725,3.023048679140201,intensification
3889,19950633,1995-07-19 21:00:00,54.41119,-59.70233,4.34978,JJA,SAt,14976.101548068867,4.160028207796907,intensification
3890,19950633,1995-07-19 22:00:00,55.22335,-59.81351,4.15153,JJA,SAt,47133.95862189894,13.092766283860817,intensification
3891,19950634,1995-07-15 22:00:00,-86.26984,-71.64717,4.3435,JJA,SAt,,,intensification 2
3892,19950634,1995-07-15 23:00:00,-84.15805,-71.24149,4.48306,JJA,SAt,87279.11511951809,24.24419864431058,intensification 2
3893,19950634,1995-07-16 00:00:00,-83.59293,-71.01075,4.68487,JJA,SAt,32733.391070358542,9.092608630655151,intensification 2
3894,19950634,1995-07-16 01:00:00,-83.31357,-70.81197,4.94117,JJA,SAt,24326.010064129387,6.7572250178137185,intensification 2
3895,19950634,1995-07-16 02:00:00,-83.13205,-70.55932,5.11662,JJA,SAt,28875.721163388745,8.021033656496874,intensification 2
3896,19950634,1995-07-16 03:00:00,-82.77347,-70.27434,5.21551,JJA,SAt,34391.06582468352,9.553073840189867,intensification 2
3897,19950634,1995-07-16 04:00:00,-82.0921,-69.92161,5.23797,JJA,SAt,46941.353379029926,13.039264827508314,intensification 2
3898,19950634,1995-07-16 05:00:00,-81.33731,-69.62851,5.25868,JJA,SAt,43634.809671023526,12.120780464173201,intensification 2
3899,19950634,1995-07-16 06:00:00,-80.64169,-69.44085,5.28744,JJA,SAt,34158.59285630153,9.488498015639315,intensification 2
3900,19950634,1995-07-16 07:00:00,-80.06769,-69.30968,5.35471,JJA,SAt,26799.00310352437,7.444167528756769,intensification 2
3901,19950634,1995-07-16 08:00:00,-79.6738,-69.18477,5.42548,JJA,SAt,20827.028455035736,5.785285681954371,intensification 2
3902,19950634,1995-07-16 09:00:00,-79.44665,-69.04901,5.45721,JJA,SAt,17576.887292165655,4.882468692268238,intensification 2
3903,19950634,1995-07-16 10:00:00,-78.58218,-68.20282,5.82325,JJA,SAt,100400.11854938544,27.888921819273733,intensification 2
3904,19950634,1995-07-16 11:00:00,-78.18012,-67.94608,5.79278,JJA,SAt,33070.691084262304,9.186303078961751,intensification 2
3905,19950634,1995-07-16 12:00:00,-77.965,-67.80984,5.73618,JJA,SAt,17624.998273568744,4.895832853769096,intensification 2
3906,19950634,1995-07-16 13:00:00,-78.31369,-67.90516,5.63408,JJA,SAt,18052.813975697856,5.01467054880496,intensification 2
3907,19950634,1995-07-16 14:00:00,-78.98663,-68.06941,5.56313,JJA,SAt,33468.54837816314,9.296818993934206,intensification 2
3908,19950634,1995-07-16 15:00:00,-79.67355,-68.21169,5.51598,JJA,SAt,32543.568989787247,9.039880274940902,intensification 2
3909,19950634,1995-07-16 16:00:00,-80.11645,-68.23417,5.5136,JJA,SAt,18441.091232736846,5.1225253424269015,intensification 2
3910,19950634,1995-07-16 17:00:00,-80.39148,-68.12399,5.47678,JJA,SAt,16712.82169656744,4.642450471268734,intensification 2
3911,19950634,1995-07-16 18:00:00,-80.29315,-67.88126,5.49046,JJA,SAt,27299.31650119839,7.583143472555109,mature 2
3912,19950634,1995-07-16 19:00:00,-79.96951,-67.54564,5.47754,JJA,SAt,39736.381693800104,11.037883803833362,mature 2
3913,19950634,1995-07-16 20:00:00,-79.51672,-67.17142,5.457,JJA,SAt,45903.72784363675,12.75103551212132,mature 2
3914,19950634,1995-07-16 21:00:00,-79.13895,-66.79073,5.40407,JJA,SAt,45405.8683472246,12.612741207562388,mature 2
3915,19950634,1995-07-16 22:00:00,-78.26627,-66.12498,5.27993,JJA,SAt,83559.1220010489,23.210867222513585,mature 2
3916,19950634,1995-07-16 23:00:00,-77.67615,-65.67464,5.17757,JJA,SAt,56792.87172090493,15.775797700251369,decay 2
3917,19950634,1995-07-17 00:00:00,-76.80582,-65.09479,5.08393,JJA,SAt,76038.43750137657,21.121788194826824,decay 2
3918,19950634,1995-07-17 01:00:00,-75.06338,-64.09913,5.04909,JJA,SAt,138428.9408877835,38.452483579939866,decay 2
3919,19950634,1995-07-17 02:00:00,-72.13287,-62.72982,5.08013,JJA,SAt,210792.59421332463,58.55349839259017,incipient
3920,19950634,1995-07-17 03:00:00,-69.91937,-61.89994,5.13133,JJA,SAt,146930.03124857735,40.81389756904926,incipient
3921,19950634,1995-07-17 04:00:00,-69.15649,-61.52867,5.08251,JJA,SAt,57620.12598092567,16.005590550257132,incipient
3922,19950634,1995-07-17 05:00:00,-70.26459,-61.53701,5.08112,JJA,SAt,58737.78563614195,16.316051565594986,incipient
3923,19950634,1995-07-17 06:00:00,-70.10556,-61.16479,4.99511,JJA,SAt,42248.41816228454,11.735671711745706,incipient
3924,19950634,1995-07-17 07:00:00,-70.44428,-60.96916,4.8887,JJA,SAt,28376.23068054755,7.882286300152097,incipient
3925,19950634,1995-07-17 08:00:00,-69.87598,-60.44748,4.87913,JJA,SAt,65732.4190106161,18.259005280726694,intensification
3926,19950634,1995-07-17 09:00:00,-69.08035,-59.85825,4.88739,JJA,SAt,78938.52591780778,21.92736831050216,intensification
3927,19950634,1995-07-17 10:00:00,-68.1546,-59.38499,4.91824,JJA,SAt,74020.57227928672,20.561270077579643,intensification
3928,19950634,1995-07-17 11:00:00,-67.25174,-58.94358,4.93866,JJA,SAt,71112.77676092292,19.753549100256368,intensification
3929,19950634,1995-07-17 12:00:00,-65.63654,-58.51097,4.90914,JJA,SAt,104908.25361706007,29.141181560294463,intensification
3930,19950634,1995-07-17 13:00:00,-64.13178,-57.97848,4.91761,JJA,SAt,106111.4662644104,29.475407295669555,intensification
3931,19950634,1995-07-17 14:00:00,-63.27634,-57.44814,4.88002,JJA,SAt,77839.55629216973,21.622098970047148,intensification
3932,19950634,1995-07-17 15:00:00,-61.77792,-56.90937,4.8977,JJA,SAt,108369.99262698437,30.10277572971788,intensification
3933,19950634,1995-07-17 16:00:00,-60.24744,-56.36496,4.9627,JJA,SAt,111457.21617278036,30.960337825772324,intensification
3934,19950634,1995-07-17 17:00:00,-58.80987,-55.67762,5.16139,JJA,SAt,117565.52588624181,32.65709052395606,intensification
3935,19950634,1995-07-17 18:00:00,-57.60828,-55.38618,5.25136,JJA,SAt,82266.94619235581,22.851929497876615,intensification
3936,19950634,1995-07-17 19:00:00,-56.2742,-55.27417,5.37237,JJA,SAt,85297.30643268098,23.693696231300272,intensification
3937,19950634,1995-07-17 20:00:00,-55.18021,-55.1428,5.43153,JJA,SAt,70930.07358299472,19.702798217498533,intensification
3938,19950634,1995-07-17 21:00:00,-54.24939,-55.06705,5.50966,JJA,SAt,59806.93168629703,16.613036579526952,intensification
3939,19950634,1995-07-17 22:00:00,-54.00055,-54.54,5.7777,JJA,SAt,60736.535907912454,16.871259974420127,intensification
3940,19950634,1995-07-17 23:00:00,-53.16956,-54.51565,5.65902,JJA,SAt,53689.579149887824,14.91377198607995,intensification
3941,19950634,1995-07-18 00:00:00,-51.96435,-54.60955,5.58138,JJA,SAt,78400.11685129197,21.777810236469993,intensification
3942,19950634,1995-07-18 01:00:00,-50.46225,-54.92405,5.57048,JJA,SAt,102505.46517417948,28.473740326160968,mature
3943,19950634,1995-07-18 02:00:00,-48.98538,-55.44001,5.881,JJA,SAt,109921.51422289385,30.533753950803845,mature
3944,19950634,1995-07-18 03:00:00,-47.7489,-55.91846,6.1307,JJA,SAt,94018.12119447671,26.11614477624353,mature
3945,19950634,1995-07-18 04:00:00,-46.86591,-56.16763,6.25936,JJA,SAt,61443.42738316143,17.06761871754484,mature
3946,19950634,1995-07-18 05:00:00,-46.06873,-56.29922,6.35295,JJA,SAt,51394.99221590919,14.27638672664144,mature
3947,19950634,1995-07-18 06:00:00,-45.3504,-56.56712,6.60721,JJA,SAt,53270.659530028424,14.797405425007895,mature
3948,19950634,1995-07-18 07:00:00,-44.72415,-56.9282,6.72062,JJA,SAt,55407.243891076934,15.390901080854704,decay
3949,19950634,1995-07-18 08:00:00,-44.06821,-57.3825,6.73794,JJA,SAt,64161.160905754616,17.82254469604295,decay
3950,19950634,1995-07-18 09:00:00,-43.52506,-57.8765,6.80024,JJA,SAt,63740.55706425348,17.705710295625966,decay
3951,19950634,1995-07-18 10:00:00,-42.78043,-58.32637,6.53242,JJA,SAt,66456.83065784235,18.460230738289543,decay
3952,19950634,1995-07-18 11:00:00,-42.29141,-58.85829,6.55418,JJA,SAt,65584.15812747866,18.217821702077405,decay
3953,19950634,1995-07-18 12:00:00,-41.83752,-59.179,6.64787,JJA,SAt,44121.179425012524,12.25588317361459,decay
3954,19950634,1995-07-18 13:00:00,-41.35867,-59.40724,6.64304,JJA,SAt,37193.70754871375,10.331585430198263,incipient
3955,19950634,1995-07-18 14:00:00,-40.96289,-59.62567,6.53089,JJA,SAt,32989.898728074244,9.163860757798401,incipient
3956,19950634,1995-07-18 15:00:00,-40.57434,-59.79308,6.38734,JJA,SAt,28660.222178708973,7.961172827419159,incipient
3957,19950634,1995-07-18 16:00:00,-40.06863,-59.97026,6.1836,JJA,SAt,34414.03164548478,9.559453234856882,incipient
3958,19950634,1995-07-18 17:00:00,-39.56674,-60.16278,5.89364,JJA,SAt,35124.86250392069,9.756906251089081,incipient
3959,19950634,1995-07-18 18:00:00,-38.89883,-60.26622,5.64129,JJA,SAt,38644.30400756291,10.734528890989697,intensification
3960,19950634,1995-07-18 19:00:00,-38.25998,-60.3986,5.45241,JJA,SAt,38117.68067660596,10.588244632390545,intensification
3961,19950634,1995-07-18 20:00:00,-37.51623,-60.46436,5.33526,JJA,SAt,41459.8136928658,11.516614914684943,intensification
3962,19950634,1995-07-18 21:00:00,-36.78143,-60.51418,5.18199,JJA,SAt,40626.591534288265,11.285164315080074,intensification
3963,19950634,1995-07-18 22:00:00,-35.31799,-60.2984,5.00836,JJA,SAt,83865.68489997521,23.29602358332645,intensification
3964,19950634,1995-07-18 23:00:00,-34.89005,-60.36167,4.8694,JJA,SAt,24582.805032506178,6.828556953473938,intensification
3965,19950634,1995-07-19 00:00:00,-34.79028,-60.53255,4.70822,JJA,SAt,19773.19499557795,5.492554165438319,intensification
3966,19950634,1995-07-19 01:00:00,-34.45541,-60.60001,4.5821,JJA,SAt,19776.149523122465,5.493374867534018,intensification
3967,19950634,1995-07-19 02:00:00,-34.68372,-60.79509,4.33842,JJA,SAt,24998.31802707538,6.943977229743161,intensification
3968,19950634,1995-07-19 03:00:00,-34.51056,-60.83524,4.23789,JJA,SAt,10396.444157822969,2.887901154950825,intensification
3969,19950634,1995-07-19 04:00:00,-34.5184,-60.83533,4.1247,JJA,SAt,424.9502783747597,0.1180417439929888,intensification
3970,19950634,1995-07-19 05:00:00,-34.88141,-60.79513,3.95713,JJA,SAt,20184.2189646644,5.606727490184555,intensification
3971,19950634,1995-07-19 06:00:00,-34.84946,-60.6326,3.8828,JJA,SAt,18155.9016837791,5.043306023271972,intensification
3972,19950634,1995-07-19 07:00:00,-35.03769,-60.49416,3.76439,JJA,SAt,18514.312548319154,5.142864596755321,intensification
3973,19950634,1995-07-19 08:00:00,-34.92636,-60.31403,3.65467,JJA,SAt,20941.90183042871,5.817194952896863,intensification
3974,19950634,1995-07-19 09:00:00,-34.69821,-60.23151,3.54336,JJA,SAt,15570.729003395621,4.325202500943228,intensification
3975,19950634,1995-07-19 10:00:00,-34.49182,-61.34296,2.98158,JJA,SAt,124094.11963066181,34.47058878629495,intensification
3976,19950634,1995-07-19 11:00:00,-34.68448,-61.49901,2.9407,JJA,SAt,20152.256028139214,5.5978488967053375,intensification
3977,19950634,1995-07-19 12:00:00,-34.70676,-61.72054,2.88996,JJA,SAt,24661.195253250673,6.850332014791854,intensification
3978,19950634,1995-07-19 13:00:00,-34.87268,-61.85799,2.96067,JJA,SAt,17597.022984361625,4.888061940100451,intensification
3979,19950634,1995-07-19 14:00:00,-34.82214,-61.98225,3.03957,JJA,SAt,14068.034888404456,3.9077874690012377,intensification
3980,19950634,1995-07-19 15:00:00,-34.78754,-62.12591,3.10685,JJA,SAt,16075.715997856183,4.465476666071162,intensification
3981,19950634,1995-07-19 16:00:00,-34.71417,-62.19163,3.17967,JJA,SAt,8241.378763153676,2.289271878653799,intensification
3982,19950634,1995-07-19 17:00:00,-34.57428,-62.27273,3.14178,JJA,SAt,11568.971387748272,3.213603163263409,intensification
3983,19950634,1995-07-19 18:00:00,-34.62436,-62.29597,3.02526,JJA,SAt,3658.617023440979,1.0162825065113832,intensification
3984,19950634,1995-07-19 19:00:00,-34.54419,-62.31529,2.95903,JJA,SAt,4666.917186031651,1.296365885008792,intensification
3985,19950634,1995-07-19 20:00:00,-34.74124,-62.33742,2.83483,JJA,SAt,10469.51496873522,2.90819860242645,intensification
3986,19950634,1995-07-19 21:00:00,-34.90057,-62.32177,2.77464,JJA,SAt,8409.392095283687,2.335942248689913,intensification
3987,19950634,1995-07-19 22:00:00,-34.1525,-62.35247,2.79542,JJA,SAt,38768.99489746603,10.769165249296119,intensification
3988,19950635,1995-07-16 05:00:00,-1.19891,-42.18569,1.09883,JJA,SAt,,,intensification 2
3989,19950635,1995-07-16 06:00:00,-0.30151,-41.9262,1.17686,JJA,SAt,79510.27201947622,22.086186672076728,intensification 2
3990,19950635,1995-07-16 07:00:00,0.4972,-41.60194,1.26243,JJA,SAt,75421.1145358972,20.950309593304777,intensification 2
3991,19950635,1995-07-16 08:00:00,1.249,-41.48001,1.31002,JJA,SAt,64022.242996162735,17.783956387822982,intensification 2
3992,19950635,1995-07-16 09:00:00,2.11371,-41.34668,1.35233,JJA,SAt,73617.44086517907,20.44928912921641,intensification 2
3993,19950635,1995-07-16 10:00:00,3.06371,-41.00544,1.57885,JJA,SAt,88099.85399554443,24.47218166542901,intensification 2
3994,19950635,1995-07-16 11:00:00,4.09007,-40.80555,1.61778,JJA,SAt,89072.62549924306,24.742395972011963,intensification 2
3995,19950635,1995-07-16 12:00:00,5.18784,-40.72416,1.57223,JJA,SAt,92894.01855458533,25.80389404294037,intensification 2
3996,19950635,1995-07-16 13:00:00,6.25201,-40.23251,1.6032,JJA,SAt,105308.75990376221,29.252433306600615,intensification 2
3997,19950635,1995-07-16 14:00:00,7.76896,-40.05947,1.6344,JJA,SAt,130363.7515696986,36.212153213805166,intensification 2
3998,19950635,1995-07-16 15:00:00,8.91927,-39.52034,1.72335,JJA,SAt,115123.2267167953,31.978674087998694,intensification 2
3999,19950635,1995-07-16 16:00:00,9.93743,-39.454,1.8166,JJA,SAt,87685.48601001063,24.357079447225175,intensification 2
4000,19950635,1995-07-16 17:00:00,10.85552,-39.18264,1.88408,JJA,SAt,84545.64571457732,23.484901587382588,intensification 2
4001,19950635,1995-07-16 18:00:00,11.45923,-38.77437,1.9379,JJA,SAt,69167.97086967008,19.213325241575024,mature 2
4002,19950635,1995-07-16 19:00:00,12.20917,-38.58619,1.99684,JJA,SAt,68377.8131984226,18.993836999561836,mature 2
4003,19950635,1995-07-16 20:00:00,12.86605,-38.18861,2.0454,JJA,SAt,72334.04090078424,20.092789139106735,mature 2
4004,19950635,1995-07-16 21:00:00,12.74105,-37.47969,2.09889,JJA,SAt,79589.08680333683,22.108079667593564,mature 2
4005,19950635,1995-07-16 22:00:00,13.04077,-36.36309,2.52582,JJA,SAt,126986.81201777923,35.27411444938312,mature 2
4006,19950635,1995-07-16 23:00:00,13.50227,-36.08054,2.57304,JJA,SAt,51970.71189585373,14.43630885995937,decay 2
4007,19950635,1995-07-17 00:00:00,14.12154,-35.97648,2.62471,JJA,SAt,56877.8776953681,15.799410470935584,decay 2
4008,19950635,1995-07-17 01:00:00,14.78973,-36.12105,2.63137,JJA,SAt,62185.89399415542,17.27385944282095,decay 2
4009,19950635,1995-07-17 02:00:00,15.53072,-36.19451,2.69163,JJA,SAt,67024.32554388902,18.617868206635837,incipient
4010,19950635,1995-07-17 03:00:00,16.47278,-36.31415,2.83083,JJA,SAt,85513.1357455208,23.753648818200222,incipient
4011,19950635,1995-07-17 04:00:00,17.23427,-36.47815,2.89416,JJA,SAt,70554.11585747177,19.59836551596438,incipient
4012,19950635,1995-07-17 05:00:00,17.99971,-36.7456,2.96731,JJA,SAt,74511.51429156506,20.697642858768074,incipient
4013,19950635,1995-07-17 06:00:00,18.99172,-37.12039,3.02324,JJA,SAt,97524.41344485429,27.090114845792858,incipient
4014,19950636,1995-07-17 00:00:00,-58.6889,-26.66911,1.63736,JJA,LA-PLATA,,,decay 2
4015,19950636,1995-07-17 01:00:00,-58.13562,-27.21149,1.69381,JJA,LA-PLATA,81518.64164200473,22.64406712277909,decay 2
4016,19950636,1995-07-17 02:00:00,-57.50671,-27.79441,1.81924,JJA,LA-PLATA,89715.21694829542,24.920893596748726,incipient
4017,19950636,1995-07-17 03:00:00,-57.07776,-28.23368,1.9673,JJA,LA-PLATA,64489.65494476262,17.91379304021184,incipient
4018,19950636,1995-07-17 04:00:00,-56.75638,-28.52164,2.1459,JJA,LA-PLATA,44875.779327028285,12.465494257507856,incipient
4019,19950636,1995-07-17 05:00:00,-56.57773,-28.67385,2.33668,JJA,LA-PLATA,24303.529387559167,6.750980385433102,incipient
4020,19950636,1995-07-17 06:00:00,-56.39279,-28.73765,2.56295,JJA,LA-PLATA,19382.00009392326,5.383888914978683,incipient
4021,19950636,1995-07-17 07:00:00,-56.25995,-28.69793,2.74582,JJA,LA-PLATA,13686.480659953848,3.8018001833205135,incipient
4022,19950636,1995-07-17 08:00:00,-56.17874,-28.61153,2.89542,JJA,LA-PLATA,12453.597009938047,3.4593325027605686,intensification
4023,19950636,1995-07-17 09:00:00,-56.07696,-28.49602,3.01932,JJA,LA-PLATA,16241.70959774079,4.511585999372442,intensification
4024,19950636,1995-07-17 10:00:00,-56.78207,-28.05306,3.36237,JJA,LA-PLATA,84816.95112287192,23.560264200797757,intensification
4025,19950636,1995-07-17 11:00:00,-56.92065,-27.71571,3.46447,JJA,LA-PLATA,39907.839483394804,11.085510967609668,intensification
4026,19950636,1995-07-17 12:00:00,-57.05676,-27.38295,3.49281,JJA,LA-PLATA,39359.29850604741,10.933138473902059,intensification
4027,19950636,1995-07-17 13:00:00,-57.24274,-27.05014,3.52983,JJA,LA-PLATA,41324.48385794399,11.47902329387333,intensification
4028,19950636,1995-07-17 14:00:00,-57.42886,-26.81482,3.46541,JJA,LA-PLATA,32017.501355058605,8.893750376405167,intensification
4029,19950636,1995-07-17 15:00:00,-57.47418,-26.66453,3.37669,JJA,LA-PLATA,17306.89417478718,4.80747060410755,intensification
4030,19950636,1995-07-17 16:00:00,-57.56985,-26.6042,3.27944,JJA,LA-PLATA,11637.318777866305,3.232588549407307,intensification
4031,19950636,1995-07-17 17:00:00,-57.47217,-26.71689,3.12632,JJA,LA-PLATA,15850.42898460831,4.402896940168975,intensification
4032,19950636,1995-07-17 18:00:00,-57.17722,-26.90322,2.96774,JJA,LA-PLATA,35862.195007749586,9.961720835485997,intensification
4033,19950636,1995-07-17 19:00:00,-56.8179,-27.08218,2.76451,JJA,LA-PLATA,40786.00699522814,11.329446387563372,intensification
4034,19950636,1995-07-17 20:00:00,-56.45349,-27.3069,2.61963,JJA,LA-PLATA,43856.24650740083,12.18229069650023,intensification
4035,19950636,1995-07-17 21:00:00,-55.7919,-27.64812,2.55958,JJA,LA-PLATA,75493.79535342268,20.97049870928408,intensification
4036,19950636,1995-07-17 22:00:00,-55.35495,-27.81047,2.61287,JJA,LA-PLATA,46641.973249611205,12.956103680447557,intensification
4037,19950636,1995-07-17 23:00:00,-54.5802,-28.20812,2.63101,JJA,LA-PLATA,87976.52256379157,24.43792293438655,intensification
4038,19950636,1995-07-18 00:00:00,-54.28113,-28.38645,2.58147,JJA,LA-PLATA,35363.65670962851,9.823237974896808,intensification
4039,19950636,1995-07-18 01:00:00,-54.08298,-28.48403,2.58267,JJA,LA-PLATA,22206.450222734977,6.16845839520416,mature
4040,19950636,1995-07-18 02:00:00,-54.20496,-28.47893,2.55736,JJA,LA-PLATA,11935.47371630993,3.3154093656416475,mature
4041,19950636,1995-07-18 03:00:00,-54.50171,-28.41667,2.51454,JJA,LA-PLATA,29827.321517720164,8.285367088255601,mature
4042,19950636,1995-07-18 04:00:00,-55.13086,-28.24361,2.44586,JJA,LA-PLATA,64515.95090538373,17.921097473717705,mature
4043,19950636,1995-07-18 05:00:00,-55.53934,-28.16921,2.39177,JJA,LA-PLATA,40873.2217145158,11.353672698476611,mature
4044,19950636,1995-07-18 06:00:00,-55.61325,-28.19635,2.39349,JJA,LA-PLATA,7847.563624251874,2.1798787845144094,mature
4045,19950636,1995-07-18 07:00:00,-55.7103,-28.23529,2.37859,JJA,LA-PLATA,10448.56520334659,2.9023792231518306,decay
4046,19950636,1995-07-18 08:00:00,-55.6597,-28.33722,2.37811,JJA,LA-PLATA,12369.73765918063,3.436038238661286,decay
4047,19950636,1995-07-18 09:00:00,-55.70203,-28.34723,2.37496,JJA,LA-PLATA,4289.587567122834,1.191552101978565,decay
4048,19950636,1995-07-18 10:00:00,-56.38135,-28.40998,2.94967,JJA,LA-PLATA,66824.64561880412,18.562401560778923,decay
4049,19950636,1995-07-18 11:00:00,-56.35873,-28.45073,2.95489,JJA,LA-PLATA,5042.242886309411,1.4006230239748363,decay
4050,19950636,1995-07-18 12:00:00,-56.30609,-28.52367,2.97881,JJA,LA-PLATA,9604.60112795354,2.667944757764872,decay
4051,19950636,1995-07-18 13:00:00,-56.35034,-28.56701,2.98875,JJA,LA-PLATA,6473.52638994489,1.7982017749846917,incipient
4052,19950636,1995-07-18 14:00:00,-56.43643,-28.60847,2.98352,JJA,LA-PLATA,9586.950824196123,2.6630418956100343,incipient
4053,19950636,1995-07-18 15:00:00,-56.47119,-28.60167,3.01103,JJA,LA-PLATA,3476.585817070758,0.965718282519655,incipient
4054,19950636,1995-07-18 16:00:00,-56.4866,-28.72973,3.0214,JJA,LA-PLATA,14318.795911229414,3.9774433086748373,incipient
4055,19950636,1995-07-18 17:00:00,-56.44247,-28.87047,3.07426,JJA,LA-PLATA,16229.615385568646,4.50822649599129,incipient
4056,19950636,1995-07-18 18:00:00,-56.18405,-28.93505,3.15251,JJA,LA-PLATA,26160.696384496154,7.266860106804487,intensification
4057,19950636,1995-07-18 19:00:00,-55.87445,-29.11536,3.22781,JJA,LA-PLATA,36168.122170026174,10.046700602785048,intensification
4058,19950636,1995-07-18 20:00:00,-55.50043,-29.32848,3.24831,JJA,LA-PLATA,43347.565830377214,12.040990508438115,intensification
4059,19950636,1995-07-18 21:00:00,-55.19409,-29.49478,3.28773,JJA,LA-PLATA,34963.43137796602,9.712064271657228,intensification
4060,19950636,1995-07-18 22:00:00,-54.74533,-29.70885,3.61072,JJA,LA-PLATA,49487.650181954035,13.746569494987233,intensification
4061,19950636,1995-07-18 23:00:00,-54.46246,-29.8586,3.60103,JJA,LA-PLATA,31976.570253630878,8.882380626008578,intensification
4062,19950636,1995-07-19 00:00:00,-54.0387,-30.05593,3.65293,JJA,LA-PLATA,46347.68699938798,12.874357499829994,intensification
4063,19950636,1995-07-19 01:00:00,-53.54501,-30.29565,3.67455,JJA,LA-PLATA,54430.35938029305,15.119544272303624,intensification
4064,19950636,1995-07-19 02:00:00,-52.83395,-30.6697,3.71886,JJA,LA-PLATA,79829.06421976395,22.174740061045544,intensification
4065,19950636,1995-07-19 03:00:00,-52.18137,-31.00705,3.81842,JJA,LA-PLATA,72725.01991201006,20.201394420002796,intensification
4066,19950636,1995-07-19 04:00:00,-51.35049,-31.4086,4.08131,JJA,LA-PLATA,90762.28806438085,25.211746684550235,intensification
4067,19950636,1995-07-19 05:00:00,-50.70004,-31.68727,4.30529,JJA,LA-PLATA,68987.58334293771,19.163217595260473,intensification
4068,19950636,1995-07-19 06:00:00,-50.25818,-31.88696,4.42585,JJA,LA-PLATA,47299.15144357266,13.138653178770182,intensification
4069,19950636,1995-07-19 07:00:00,-49.93845,-31.99643,4.53413,JJA,LA-PLATA,32532.38500296539,9.03677361193483,intensification
4070,19950636,1995-07-19 08:00:00,-49.46072,-32.22329,4.69167,JJA,LA-PLATA,51583.955953118224,14.32887665364395,intensification
4071,19950636,1995-07-19 09:00:00,-48.7222,-32.47285,4.99172,JJA,LA-PLATA,74719.68820286602,20.755468945240562,intensification
4072,19950636,1995-07-19 10:00:00,-49.19488,-32.56046,4.48298,JJA,LA-PLATA,45378.15909771135,12.605044193808709,intensification
4073,19950636,1995-07-19 11:00:00,-48.48111,-32.90832,4.62754,JJA,LA-PLATA,77158.42963793762,21.432897121649336,intensification
4074,19950636,1995-07-19 12:00:00,-47.74439,-33.29059,5.21708,JJA,LA-PLATA,80723.48492925115,22.42319025812532,intensification
4075,19950636,1995-07-19 13:00:00,-48.11069,-33.37061,5.00711,JJA,LA-PLATA,35175.08963993446,9.770858233315126,intensification
4076,19950636,1995-07-19 14:00:00,-47.21323,-33.77451,5.07716,JJA,LA-PLATA,94500.00998099922,26.250002772499784,intensification
4077,19950636,1995-07-19 15:00:00,-47.07455,-33.93776,5.03174,JJA,LA-PLATA,22214.980803632538,6.170828001009038,intensification
4078,19950636,1995-07-19 16:00:00,-46.979,-34.04224,4.68409,JJA,LA-PLATA,14579.912992624437,4.0499758312845655,intensification
4079,19950636,1995-07-19 17:00:00,-46.04849,-34.34247,4.72144,JJA,LA-PLATA,91864.41331220928,25.5178925867248,intensification
4080,19950636,1995-07-19 18:00:00,-45.59604,-34.50507,4.70474,JJA,LA-PLATA,45267.30912826042,12.574252535627895,intensification
4081,19950636,1995-07-19 19:00:00,-45.45972,-34.56814,4.51096,JJA,LA-PLATA,14321.350901297326,3.9781530281381463,intensification
4082,19950636,1995-07-19 20:00:00,-44.87262,-34.77584,4.46511,JJA,LA-PLATA,58446.365024410945,16.235101395669705,intensification
4083,19950636,1995-07-19 21:00:00,-44.1926,-35.05015,4.39586,JJA,LA-PLATA,69101.82849452611,19.194952359590587,intensification
4084,19950636,1995-07-19 22:00:00,-42.41876,-35.78108,3.96726,JJA,LA-PLATA,180121.15275434652,50.033653542874035,intensification
4085,19950636,1995-07-19 23:00:00,-41.41437,-36.22712,3.92889,JJA,LA-PLATA,103066.2823711381,28.629522880871697,intensification
4086,19950636,1995-07-20 00:00:00,-40.73029,-36.56624,3.82642,JJA,LA-PLATA,71907.89094894237,19.97441415248399,intensification
4087,19950636,1995-07-20 01:00:00,-40.18262,-36.90008,3.76088,JJA,LA-PLATA,61318.52113329377,17.032922537026046,intensification
4088,19950636,1995-07-20 02:00:00,-39.25558,-37.29474,3.82344,JJA,LA-PLATA,93197.4361710595,25.888176714183192,intensification
4089,19950636,1995-07-20 03:00:00,-38.5741,-37.62833,3.7747,JJA,LA-PLATA,70666.82026306471,19.629672295295755,intensification
4090,19950636,1995-07-20 04:00:00,-38.0557,-37.95952,3.85219,JJA,LA-PLATA,58575.458777304746,16.27096077147354,intensification
4091,19950636,1995-07-20 05:00:00,-37.48248,-38.27921,3.98493,JJA,LA-PLATA,61466.95610229192,17.07415447285887,intensification
4092,19950636,1995-07-20 06:00:00,-37.12387,-38.53469,3.98969,JJA,LA-PLATA,42230.42627021739,11.730673963949274,intensification
4093,19950636,1995-07-20 07:00:00,-36.43384,-38.8114,4.0407,JJA,LA-PLATA,67343.12525319224,18.70642368144229,intensification
4094,19950636,1995-07-20 08:00:00,-35.80121,-39.03222,4.03516,JJA,LA-PLATA,59984.50050935756,16.66236125259932,intensification
4095,19950636,1995-07-20 09:00:00,-35.06824,-39.22741,4.05549,JJA,LA-PLATA,66844.57217756104,18.56793671598918,intensification
4096,19950636,1995-07-20 10:00:00,-34.7308,-39.39562,3.67288,JJA,LA-PLATA,34534.62637045343,9.592951769570396,intensification
4097,19950636,1995-07-20 11:00:00,-34.2615,-39.57136,3.71898,JJA,LA-PLATA,44766.152216958195,12.435042282488387,intensification
4098,19950636,1995-07-20 12:00:00,-33.67078,-39.73522,3.73634,JJA,LA-PLATA,53754.34018615638,14.931761162821218,mature
4099,19950636,1995-07-20 13:00:00,-33.17099,-39.88464,3.71209,JJA,LA-PLATA,45809.68613657995,12.724912815716653,mature
4100,19950636,1995-07-20 14:00:00,-32.75092,-39.99533,3.72587,JJA,LA-PLATA,37869.11031075106,10.51919730854196,mature
4101,19950636,1995-07-20 15:00:00,-32.21585,-40.1388,3.76961,JJA,LA-PLATA,48246.42449939387,13.401784583164964,mature
4102,19950636,1995-07-20 16:00:00,-31.60785,-40.2798,3.83907,JJA,LA-PLATA,53958.47872701846,14.988466313060684,mature
4103,19950636,1995-07-20 17:00:00,-31.01361,-40.4253,3.86384,JJA,LA-PLATA,52890.427006443395,14.69178527956761,mature
4104,19950636,1995-07-20 18:00:00,-30.4473,-40.56088,3.96956,JJA,LA-PLATA,50205.23271673925,13.945897976872015,mature
4105,19950636,1995-07-20 19:00:00,-29.84613,-40.69568,4.01387,JJA,LA-PLATA,52901.43500602553,14.694843057229313,mature
4106,19950636,1995-07-20 20:00:00,-29.2431,-40.83036,4.18117,JJA,LA-PLATA,52949.59054308043,14.708219595300118,mature
4107,19950636,1995-07-20 21:00:00,-28.69537,-40.96829,4.29794,JJA,LA-PLATA,48523.16386370722,13.47865662880756,decay
4108,19950636,1995-07-20 22:00:00,-27.77124,-41.21199,4.12879,JJA,LA-PLATA,82050.2285862267,22.79173016284075,decay
4109,19950636,1995-07-20 23:00:00,-27.05618,-41.29904,4.25159,JJA,LA-PLATA,60553.071301124786,16.820297583645775,decay
4110,19950636,1995-07-21 00:00:00,-26.24686,-41.41475,4.40918,JJA,LA-PLATA,68763.21790343226,19.100893862064517,decay
4111,19950636,1995-07-21 01:00:00,-25.33316,-41.50909,4.7097,JJA,LA-PLATA,76856.72086850427,21.349089130140076,decay
4112,19950636,1995-07-21 02:00:00,-24.61862,-41.57807,4.97161,JJA,LA-PLATA,59959.41345959634,16.655392627665652,decay
4113,19950636,1995-07-21 03:00:00,-23.81949,-41.63238,5.14761,JJA,LA-PLATA,66717.08639317071,18.532523998102977,decay
4114,19950636,1995-07-21 04:00:00,-22.98108,-41.6771,5.29753,JJA,LA-PLATA,69832.84836086987,19.398013433574963,decay
4115,19950636,1995-07-21 05:00:00,-22.17047,-41.70246,5.56506,JJA,LA-PLATA,67368.35276872064,18.71343132464462,decay
4116,19950636,1995-07-21 06:00:00,-21.29971,-41.67186,5.64839,JJA,LA-PLATA,72386.80356520995,20.10744543478054,decay
4117,19950636,1995-07-21 07:00:00,-20.43564,-41.61531,5.68796,JJA,LA-PLATA,72074.65807197626,20.02073835332674,decay
4118,19950636,1995-07-21 08:00:00,-19.60495,-41.52889,5.76894,JJA,LA-PLATA,69767.61363002541,19.37989267500706,decay
4119,19950636,1995-07-21 09:00:00,-18.74121,-41.42199,5.90668,JJA,LA-PLATA,72934.53537541458,20.259593159837383,decay
4120,19950636,1995-07-21 10:00:00,-17.85419,-41.45342,5.92915,JJA,LA-PLATA,74024.43194429234,20.562342206747875,decay
4121,19950636,1995-07-21 11:00:00,-17.0878,-41.3714,6.06171,JJA,LA-PLATA,64558.586239744545,17.932940622151264,decay
4122,19950636,1995-07-21 12:00:00,-16.32513,-41.29082,6.27689,JJA,LA-PLATA,64307.72003532219,17.863255565367275,decay
4123,19950636,1995-07-21 13:00:00,-15.64713,-41.15975,6.33788,JJA,LA-PLATA,58545.73052625751,16.26270292396042,decay
4124,19950636,1995-07-21 14:00:00,-14.94656,-41.0682,6.47583,JJA,LA-PLATA,59566.19552053267,16.546165422370184,decay
4125,19950636,1995-07-21 15:00:00,-14.24411,-40.9319,6.56206,JJA,LA-PLATA,60866.46886482251,16.9073524624507,decay
4126,19950636,1995-07-21 16:00:00,-13.53674,-40.76928,6.57563,JJA,LA-PLATA,62183.813137947676,17.27328142720769,decay
4127,19950636,1995-07-21 17:00:00,-12.82242,-40.61349,6.54872,JJA,LA-PLATA,62667.20028319839,17.407555634221776,intensification 2
4128,19950636,1995-07-21 18:00:00,-12.09598,-40.45474,6.56061,JJA,LA-PLATA,63878.91828817057,17.74414396893627,intensification 2
4129,19950636,1995-07-21 19:00:00,-11.39981,-40.29765,6.56443,JJA,LA-PLATA,61504.4295064138,17.084563751781612,intensification 2
4130,19950636,1995-07-21 20:00:00,-10.74237,-40.09763,6.56074,JJA,LA-PLATA,60104.85459816944,16.695792943935956,intensification 2
4131,19950636,1995-07-21 21:00:00,-10.0647,-39.89333,6.50042,JJA,LA-PLATA,62036.8022667178,17.23244507408828,intensification 2
4132,19950636,1995-07-21 22:00:00,-9.72336,-39.68208,6.04273,JJA,LA-PLATA,37448.77097026391,10.402436380628865,intensification 2
4133,19950636,1995-07-21 23:00:00,-9.14285,-39.44737,6.00846,JJA,LA-PLATA,56190.378953111525,15.608438598086535,intensification 2
4134,19950636,1995-07-22 00:00:00,-8.62631,-39.21899,5.84968,JJA,LA-PLATA,51171.54841838809,14.214319005107804,intensification 2
4135,19950636,1995-07-22 01:00:00,-8.06631,-39.03438,5.7828,JJA,LA-PLATA,52486.17188118349,14.579492189217635,intensification 2
4136,19950636,1995-07-22 02:00:00,-7.46201,-38.79316,5.68691,JJA,LA-PLATA,58762.620714079545,16.32295019835543,intensification 2
4137,19950636,1995-07-22 03:00:00,-6.86026,-38.5739,5.46584,JJA,LA-PLATA,57641.71700539243,16.01158805705345,intensification 2
4138,19950636,1995-07-22 04:00:00,-6.28714,-38.39572,5.3781,JJA,LA-PLATA,53675.04877253522,14.909735770148673,intensification 2
4139,19950636,1995-07-22 05:00:00,-5.77466,-38.22643,5.25117,JJA,LA-PLATA,48514.64349503462,13.476289859731839,intensification 2
4140,19950636,1995-07-22 06:00:00,-5.26413,-38.06769,5.22478,JJA,LA-PLATA,48006.92047604958,13.33525568779155,intensification 2
4141,19950636,1995-07-22 07:00:00,-4.76721,-37.95803,5.12312,JJA,LA-PLATA,45209.32933878716,12.558147038551988,intensification 2
4142,19950636,1995-07-22 08:00:00,-4.32809,-37.81788,4.98999,JJA,LA-PLATA,41567.480136658516,11.546522260182922,intensification 2
4143,19950636,1995-07-22 09:00:00,-3.82831,-37.73049,4.96871,JJA,LA-PLATA,44988.60993185869,12.49683609218297,intensification 2
4144,19950636,1995-07-22 10:00:00,-3.58789,-37.81182,4.53364,JJA,LA-PLATA,22985.656633231334,6.384904620342037,intensification 2
4145,19950636,1995-07-22 11:00:00,-3.17462,-37.75349,4.51857,JJA,LA-PLATA,36893.557611262346,10.248210447572873,intensification 2
4146,19950636,1995-07-22 12:00:00,-2.79215,-37.69306,4.51681,JJA,LA-PLATA,34303.73596748149,9.528815546522635,intensification 2
4147,19950636,1995-07-22 13:00:00,-2.36295,-37.63204,4.55275,JJA,LA-PLATA,38384.56990746484,10.662380529851344,intensification 2
4148,19950636,1995-07-22 14:00:00,-1.93903,-37.56943,4.57626,JJA,LA-PLATA,37989.76220294702,10.55271172304084,intensification 2
4149,19950636,1995-07-22 15:00:00,-1.44983,-37.50465,4.54138,JJA,LA-PLATA,43731.59604272971,12.14766556742492,intensification 2
4150,19950636,1995-07-22 16:00:00,-0.90506,-37.48923,4.51789,JJA,LA-PLATA,48090.44873862146,13.358457982950405,intensification 2
4151,19950636,1995-07-22 17:00:00,-0.41376,-37.44594,4.44707,JJA,LA-PLATA,43626.14117556842,12.118372548769004,intensification 2
4152,19950636,1995-07-22 18:00:00,0.20459,-37.48037,4.3708,JJA,LA-PLATA,54709.898102316794,15.197193917310221,intensification 2
4153,19950636,1995-07-22 19:00:00,0.7797,-37.4491,4.33195,JJA,LA-PLATA,50877.2990591225,14.132583071978473,intensification 2
4154,19950636,1995-07-22 20:00:00,1.43848,-37.5097,4.20382,JJA,LA-PLATA,58520.737995849144,16.25576055440254,intensification 2
4155,19950636,1995-07-22 21:00:00,2.1502,-37.68093,4.03927,JJA,LA-PLATA,65532.28166023861,18.203411572288502,intensification 2
4156,19950636,1995-07-22 22:00:00,2.62399,-37.40017,4.36494,JJA,LA-PLATA,52150.32238572515,14.48620066270143,intensification 2
4157,19950636,1995-07-22 23:00:00,3.1633,-37.44813,4.23236,JJA,LA-PLATA,47922.1790284583,13.31171639679397,intensification 2
4158,19950636,1995-07-23 00:00:00,3.88024,-37.68222,4.05909,JJA,LA-PLATA,68341.90769822759,18.983863249507664,intensification 2
4159,19950636,1995-07-23 01:00:00,4.62934,-37.92336,3.79412,JJA,LA-PLATA,71066.65425090783,19.74073729191884,intensification 2
4160,19950636,1995-07-23 02:00:00,5.4198,-38.28013,3.66721,JJA,LA-PLATA,79735.09705821748,22.148638071727078,intensification 2
4161,19950636,1995-07-23 03:00:00,6.10795,-38.45946,3.71644,JJA,LA-PLATA,63219.39466062708,17.5609429612853,intensification 2
4162,19950636,1995-07-23 04:00:00,6.95423,-38.82686,3.53926,JJA,LA-PLATA,84088.73575779313,23.357982154942533,intensification 2
4163,19950636,1995-07-23 05:00:00,7.669,-39.05778,3.3551,JJA,LA-PLATA,66937.49334059482,18.59374815016523,intensification 2
4164,19950636,1995-07-23 06:00:00,8.40467,-39.17569,3.4768,JJA,LA-PLATA,64807.635357395186,18.002120932609774,intensification 2
4165,19950636,1995-07-23 07:00:00,9.10215,-39.2506,3.39963,JJA,LA-PLATA,60665.02638248762,16.85139621735767,intensification 2
4166,19950636,1995-07-23 08:00:00,9.86553,-39.45089,3.05652,JJA,LA-PLATA,69314.21467906983,19.253948521963842,intensification 2
4167,19950636,1995-07-23 09:00:00,10.59725,-39.53906,3.04777,JJA,LA-PLATA,63547.391728929586,17.652053258035995,intensification 2
4168,19950636,1995-07-23 10:00:00,11.17189,-39.77558,2.74576,JJA,LA-PLATA,55781.69760390549,15.49491600108486,intensification 2
4169,19950636,1995-07-23 11:00:00,11.84671,-40.00531,2.59477,JJA,LA-PLATA,62985.89025723377,17.49608062700938,intensification 2
4170,19950636,1995-07-23 12:00:00,12.51106,-40.22188,2.4849,JJA,LA-PLATA,61413.47593385097,17.05929887051416,intensification 2
4171,19950636,1995-07-23 13:00:00,13.26043,-40.54543,2.38948,JJA,LA-PLATA,72958.44979284516,20.2662360535681,intensification 2
4172,19950636,1995-07-23 14:00:00,13.97558,-40.92677,2.44342,JJA,LA-PLATA,73679.25307468507,20.466459187412518,intensification 2
4173,19950636,1995-07-23 15:00:00,14.66564,-41.24096,2.48699,JJA,LA-PLATA,67568.6223629026,18.769061767472945,intensification 2
4174,19950636,1995-07-23 16:00:00,15.34934,-41.67352,2.5148,JJA,LA-PLATA,74563.35891851489,20.712044144031914,mature 2
4175,19950636,1995-07-23 17:00:00,16.06481,-42.17914,2.60891,JJA,LA-PLATA,81635.72645919892,22.676590683110813,mature 2
4176,19950636,1995-07-23 18:00:00,16.84104,-42.59042,2.66703,JJA,LA-PLATA,78459.49660099797,21.794304611388323,mature 2
4177,19950636,1995-07-23 19:00:00,17.58192,-43.16259,2.78985,JJA,LA-PLATA,87706.36715207335,24.362879764464818,mature 2
4178,19950636,1995-07-23 20:00:00,18.44093,-43.68555,2.88649,JJA,LA-PLATA,90520.49000051353,25.1445805556982,mature 2
4179,19950636,1995-07-23 21:00:00,19.28066,-44.42411,3.04017,JJA,LA-PLATA,106053.06350180671,29.45918430605742,mature 2
4180,19950636,1995-07-23 22:00:00,20.63368,-44.98528,3.21493,JJA,LA-PLATA,123803.03511710254,34.389731976972925,mature 2
4181,19950636,1995-07-23 23:00:00,21.65801,-45.38485,3.53936,JJA,LA-PLATA,91752.96457349368,25.486934603748242,mature 2
4182,19950636,1995-07-24 00:00:00,22.61222,-45.76979,3.83404,JJA,LA-PLATA,85717.71598443633,23.810476662343426,mature 2
4183,19950636,1995-07-24 01:00:00,23.55992,-46.05362,4.24284,JJA,LA-PLATA,79822.99412648276,22.17305392402299,mature 2
4184,19950636,1995-07-24 02:00:00,24.56895,-46.29292,4.53726,JJA,LA-PLATA,82125.12253349206,22.81253403708113,mature 2
4185,19950636,1995-07-24 03:00:00,25.54174,-46.57638,4.75964,JJA,LA-PLATA,80937.09639870367,22.482526777417686,mature 2
4186,19950636,1995-07-24 04:00:00,26.49837,-46.81653,5.00271,JJA,LA-PLATA,77689.81132143376,21.580503144842712,mature 2
4187,19950636,1995-07-24 05:00:00,27.45076,-47.05002,5.22014,JJA,LA-PLATA,76833.37175470783,21.34260326519662,mature 2
4188,19950636,1995-07-24 06:00:00,28.42413,-47.30914,5.36937,JJA,LA-PLATA,79007.35267565986,21.94648685434996,mature 2
4189,19950636,1995-07-24 07:00:00,29.36986,-47.5817,5.52288,JJA,LA-PLATA,77307.02357461445,21.47417321517068,mature 2
4190,19950636,1995-07-24 08:00:00,30.35041,-47.82937,5.69955,JJA,LA-PLATA,78369.7877763085,21.769385493419026,mature 2
4191,19950636,1995-07-24 09:00:00,31.34144,-48.03127,5.79483,JJA,LA-PLATA,77173.14228053801,21.436983966816115,mature 2
4192,19950636,1995-07-24 10:00:00,32.82425,-48.20763,6.38753,JJA,LA-PLATA,111802.72523926274,31.056312566461873,decay 2
4193,19950636,1995-07-24 11:00:00,33.82661,-48.42326,6.53743,JJA,LA-PLATA,77903.33187730733,21.639814410363147,decay 2
4194,19950636,1995-07-24 12:00:00,34.79525,-48.64924,6.65401,JJA,LA-PLATA,75615.00130463492,21.004167029065254,decay 2
4195,19950636,1995-07-24 13:00:00,35.72767,-48.81489,6.74058,JJA,LA-PLATA,70822.37194233881,19.672881095094112,decay 2
4196,19950636,1995-07-24 14:00:00,36.70675,-48.98667,6.80554,JJA,LA-PLATA,74071.175158662,20.575326432961663,decay 2
4197,19950636,1995-07-24 15:00:00,37.62512,-49.17265,6.86049,JJA,LA-PLATA,70011.74615911288,19.447707266420245,decay 2
4198,19950636,1995-07-24 16:00:00,38.5695,-49.32214,6.84493,JJA,LA-PLATA,70536.25364753713,19.593403790982535,decay 2
4199,19950636,1995-07-24 17:00:00,39.52484,-49.47949,6.74986,JJA,LA-PLATA,71309.2534273341,19.80812595203725,decay 2
4200,19950636,1995-07-24 18:00:00,40.43727,-49.63076,6.67169,JJA,LA-PLATA,67932.13847954437,18.870038466540105,decay 2
4201,19950636,1995-07-24 19:00:00,41.3803,-49.74574,6.56927,JJA,LA-PLATA,69032.73859882366,19.17576072189546,decay 2
4202,19950636,1995-07-24 20:00:00,42.37319,-49.83012,6.45466,JJA,LA-PLATA,71893.51566547509,19.970421018187526,decay 2
4203,19950636,1995-07-24 21:00:00,43.38568,-49.90656,6.32478,JJA,LA-PLATA,73061.05707553378,20.29473807653716,decay 2
4204,19950636,1995-07-24 22:00:00,43.22949,-50.50547,6.28861,JJA,LA-PLATA,67517.11354221926,18.75475376172757,decay 2
4205,19950636,1995-07-24 23:00:00,44.06202,-50.61438,6.17845,JJA,LA-PLATA,60042.688690132236,16.678524636147845,decay 2
4206,19950636,1995-07-25 00:00:00,44.89507,-50.70255,6.02476,JJA,LA-PLATA,59535.15248408474,16.537542356690206,decay 2
4207,19950636,1995-07-25 01:00:00,45.61802,-50.82965,5.87706,JJA,LA-PLATA,52772.13978488107,14.658927718022518,decay 2
4208,19950636,1995-07-25 02:00:00,46.17065,-50.97366,5.75006,JJA,LA-PLATA,41931.42034037341,11.647616761214836,decay 2
4209,19950636,1995-07-25 03:00:00,46.57129,-51.13383,5.69667,JJA,LA-PLATA,33186.99151982155,9.218608755505986,decay 2
4210,19950636,1995-07-25 04:00:00,46.93417,-51.27534,5.60479,JJA,LA-PLATA,29778.098461018046,8.271694016949457,decay 2
4211,19950636,1995-07-25 05:00:00,47.37877,-51.39386,5.4957,JJA,LA-PLATA,33581.0264084527,9.328062891236861,decay 2
4212,19950636,1995-07-25 06:00:00,47.90286,-51.48515,5.40412,JJA,LA-PLATA,37717.49646424572,10.477082351179366,decay 2
4213,19950636,1995-07-25 07:00:00,48.4248,-51.55813,5.26868,JJA,LA-PLATA,37012.30743779512,10.281196510498644,decay 2
4214,19950636,1995-07-25 08:00:00,49.0053,-51.6026,5.16548,JJA,LA-PLATA,40415.17716349355,11.22643810097043,decay 2
4215,19950636,1995-07-25 09:00:00,49.60931,-51.63691,5.05033,JJA,LA-PLATA,41873.99739098323,11.631665941939787,decay 2
4216,19950636,1995-07-25 10:00:00,50.00807,-51.44932,5.31536,JJA,LA-PLATA,34576.67573361979,9.60463214822772,decay 2
4217,19950636,1995-07-25 11:00:00,50.74463,-51.43491,5.21113,JJA,LA-PLATA,51074.75565694139,14.187432126928163,decay 2
4218,19950636,1995-07-25 12:00:00,51.64468,-51.38954,5.13665,JJA,LA-PLATA,62625.02086158508,17.39583912821808,decay 2
4219,19950636,1995-07-25 13:00:00,52.50366,-51.32777,5.08823,JJA,LA-PLATA,60037.13762768648,16.676982674357358,decay 2
4220,19950636,1995-07-25 14:00:00,53.31923,-51.27084,5.02882,JJA,LA-PLATA,57054.43960263736,15.848455445177043,decay 2
4221,19950636,1995-07-25 15:00:00,54.12975,-51.20297,5.00422,JJA,LA-PLATA,56930.06668937692,15.813907413715812,decay 2
4222,19950636,1995-07-25 16:00:00,54.92662,-51.11349,4.93052,JJA,LA-PLATA,56455.83515608284,15.682176432245233,decay 2
4223,19950636,1995-07-25 17:00:00,55.87938,-50.9797,4.83472,JJA,LA-PLATA,68245.30802229502,18.95703000619306,decay 2
4224,19950636,1995-07-25 18:00:00,56.73042,-50.84092,4.69036,JJA,LA-PLATA,61631.35415665912,17.11982059907198,decay 2
4225,19950636,1995-07-25 19:00:00,57.56612,-50.68348,4.53938,JJA,LA-PLATA,61330.53614485654,17.036260040237927,decay 2
4226,19950636,1995-07-25 20:00:00,58.46248,-50.52247,4.39572,JJA,LA-PLATA,65744.31603631421,18.26231001008728,decay 2
4227,19950636,1995-07-25 21:00:00,59.50654,-50.30834,4.23595,JJA,LA-PLATA,77713.81472939954,21.58717075816654,decay 2
4228,19950636,1995-07-25 22:00:00,60.53577,-50.20754,3.76904,JJA,LA-PLATA,74021.49581579836,20.561526615499545,decay 2
4229,19950636,1995-07-25 23:00:00,61.63688,-49.98197,3.6096,JJA,LA-PLATA,82453.0579276609,22.90362720212803,decay 2
4230,19950636,1995-07-26 00:00:00,62.96448,-49.67101,3.56525,JJA,LA-PLATA,101313.2015408332,28.142555983564776,decay 2
4231,19950636,1995-07-26 01:00:00,64.06689,-49.41051,3.58508,JJA,LA-PLATA,84653.61828841003,23.514893969002785,decay 2
4232,19950636,1995-07-26 02:00:00,65.02915,-49.16382,3.66531,JJA,LA-PLATA,74988.21292061874,20.830059144616317,decay 2
4233,19950636,1995-07-26 03:00:00,65.97611,-48.86919,3.70931,JJA,LA-PLATA,76434.61881830342,21.23183856063984,decay 2
4234,19950636,1995-07-26 04:00:00,66.84795,-48.57902,3.7035,JJA,LA-PLATA,71630.51147686788,19.897364299129965,decay 2
4235,19950636,1995-07-26 05:00:00,67.64712,-48.27077,3.63888,JJA,LA-PLATA,68207.31844447617,18.946477345687825,decay 2
4236,19950636,1995-07-26 06:00:00,68.57795,-47.85317,3.56086,JJA,LA-PLATA,83313.48836143174,23.14263565595326,decay 2
4237,19950636,1995-07-26 07:00:00,69.53818,-47.35545,3.48622,JJA,LA-PLATA,90804.65665656085,25.22351573793357,decay 2
4238,19950636,1995-07-26 08:00:00,70.61355,-46.85019,3.37515,JJA,LA-PLATA,98899.27047094564,27.472019575262678,decay 2
4239,19950636,1995-07-26 09:00:00,72.06525,-46.05446,3.37272,JJA,LA-PLATA,142112.75833180218,39.47576620327838,decay 2
4240,19950637,1995-07-17 00:00:00,-51.70651,-45.20427,2.48668,JJA,LA-PLATA,,,decay 2
4241,19950637,1995-07-17 01:00:00,-50.8537,-45.27269,2.5272,JJA,LA-PLATA,67205.73271576663,18.668259087712954,decay 2
4242,19950637,1995-07-17 02:00:00,-49.88788,-45.39726,2.60008,JJA,LA-PLATA,76753.77876983365,21.32049410273157,incipient
4243,19950637,1995-07-17 03:00:00,-48.98425,-45.52486,2.62698,JJA,LA-PLATA,71889.14411741128,19.969206699280914,incipient
4244,19950637,1995-07-17 04:00:00,-48.2283,-45.55235,2.71951,JJA,LA-PLATA,58955.64493430802,16.37656803730778,incipient
4245,19950637,1995-07-17 05:00:00,-47.3844,-45.692,2.75509,JJA,LA-PLATA,67440.43522151081,18.733454228197445,incipient
4246,19950637,1995-07-17 06:00:00,-46.5885,-45.79306,2.7442,JJA,LA-PLATA,62776.51646795274,17.437921241097982,incipient
4247,19950637,1995-07-17 07:00:00,-45.89477,-45.75848,2.76255,JJA,LA-PLATA,53939.31018933434,14.983141719259539,incipient
4248,19950637,1995-07-17 08:00:00,-45.11743,-45.86896,2.73329,JJA,LA-PLATA,61485.080588471035,17.079189052353065,intensification
4249,19950637,1995-07-17 09:00:00,-44.27557,-45.96288,2.73562,JJA,LA-PLATA,65957.89414808466,18.32163726335685,intensification
4250,19950637,1995-07-17 10:00:00,-43.45618,-46.16647,2.77261,JJA,LA-PLATA,67148.52258319054,18.652367384219595,intensification
4251,19950637,1995-07-17 11:00:00,-42.70193,-46.2107,2.74243,JJA,LA-PLATA,58269.043297070464,16.18584536029735,intensification
4252,19950637,1995-07-17 12:00:00,-41.8848,-46.37196,2.72021,JJA,LA-PLATA,65294.17054125737,18.137269594793715,intensification
4253,19950637,1995-07-17 13:00:00,-40.94311,-46.49102,2.71974,JJA,LA-PLATA,73373.03426513568,20.381398406982132,intensification
4254,19950637,1995-07-17 14:00:00,-40.01715,-46.62783,2.71395,JJA,LA-PLATA,72412.50411184492,20.114584475512476,intensification
4255,19950637,1995-07-17 15:00:00,-39.07761,-46.7601,2.67845,JJA,LA-PLATA,73150.32805070166,20.31953556963935,intensification
4256,19950637,1995-07-17 16:00:00,-38.10175,-46.82653,2.6197,JJA,LA-PLATA,74655.8411010702,20.737733639186164,intensification
4257,19950637,1995-07-17 17:00:00,-37.20459,-46.89381,2.53367,JJA,LA-PLATA,68622.4922037629,19.061803389934138,intensification
4258,19950637,1995-07-17 18:00:00,-36.24802,-46.97416,2.48175,JJA,LA-PLATA,73177.93116051077,20.32720310014188,intensification
4259,19950637,1995-07-17 19:00:00,-35.28155,-47.06394,2.42025,JJA,LA-PLATA,73942.50342134827,20.539584283707853,intensification
4260,19950637,1995-07-17 20:00:00,-34.26666,-47.16635,2.36472,JJA,LA-PLATA,77637.11624750872,21.56586562430798,intensification
4261,19950637,1995-07-17 21:00:00,-33.38034,-47.21645,2.25005,JJA,LA-PLATA,67203.73003376299,18.667702787156387,intensification
4262,19950637,1995-07-17 22:00:00,-32.77487,-46.93605,1.60608,JJA,LA-PLATA,55446.77621461527,15.401882281837574,intensification
4263,19950637,1995-07-17 23:00:00,-31.70135,-46.95489,1.56648,JJA,LA-PLATA,81519.57893286346,22.64432748135096,intensification
4264,19950637,1995-07-18 00:00:00,-30.64319,-47.02887,1.49317,JJA,LA-PLATA,80677.46569653261,22.410407137925727,intensification
4265,19950638,1995-07-17 02:00:00,8.0262,-51.56373,1.17847,JJA,SAt,,,incipient
4266,19950638,1995-07-17 03:00:00,8.88555,-51.13815,1.26806,JJA,SAt,76163.40673139317,21.156501869831438,incipient
4267,19950638,1995-07-17 04:00:00,9.82438,-50.72621,1.33676,JJA,SAt,80166.6616836776,22.268517134354887,incipient
4268,19950638,1995-07-17 05:00:00,10.64119,-50.26747,1.42089,JJA,SAt,77070.74192538283,21.408539423717453,incipient
4269,19950638,1995-07-17 06:00:00,11.55557,-49.88186,1.51938,JJA,SAt,78079.51604830971,21.68875445786381,incipient
4270,19950638,1995-07-17 07:00:00,12.39763,-49.36925,1.64135,JJA,SAt,83232.54396843097,23.120151102341936,incipient
4271,19950638,1995-07-17 08:00:00,13.19279,-48.91597,1.76214,JJA,SAt,76719.52218461236,21.310978384614543,intensification
4272,19950638,1995-07-17 09:00:00,14.00997,-48.43828,1.95132,JJA,SAt,80132.15936096602,22.258933155823893,intensification
4273,19950638,1995-07-17 10:00:00,14.36025,-47.80632,1.7787,JJA,SAt,74926.49024896005,20.812913958044458,intensification
4274,19950638,1995-07-17 11:00:00,15.14342,-47.52203,1.98425,JJA,SAt,66625.65417892938,18.50712616081372,intensification
4275,19950638,1995-07-17 12:00:00,15.86874,-47.27725,2.1578,JJA,SAt,61000.47989099575,16.94457774749882,intensification
4276,19950638,1995-07-17 13:00:00,16.64791,-47.00227,2.36216,JJA,SAt,66392.90629864884,18.4424739718469,intensification
4277,19950638,1995-07-17 14:00:00,17.29437,-46.70781,2.52622,JJA,SAt,59063.109054254965,16.40641918173749,intensification
4278,19950638,1995-07-17 15:00:00,17.99134,-46.41173,2.69397,JJA,SAt,62638.0448375265,17.399456899312916,intensification
4279,19950638,1995-07-17 16:00:00,18.7227,-46.15162,2.81312,JJA,SAt,63208.91358304456,17.558031550845712,intensification
4280,19950638,1995-07-17 17:00:00,19.37026,-45.86572,2.85463,JJA,SAt,59260.01281733373,16.461114671481592,intensification
4281,19950638,1995-07-17 18:00:00,19.96431,-45.62323,2.94718,JJA,SAt,53404.02485470921,14.834451348530337,intensification
4282,19950638,1995-07-17 19:00:00,20.52714,-45.42059,2.93585,JJA,SAt,49299.075943679134,13.694187762133092,intensification
4283,19950638,1995-07-17 20:00:00,21.1222,-45.246,3.02522,JJA,SAt,50403.243325470066,14.000900923741685,intensification
4284,19950638,1995-07-17 21:00:00,21.7142,-45.1731,3.16211,JJA,SAt,47079.5023466833,13.077639540745361,intensification
4285,19950638,1995-07-17 22:00:00,23.36202,-45.31886,3.63331,JJA,SAt,130017.17868032833,36.11588296675787,intensification
4286,19950638,1995-07-17 23:00:00,24.04219,-45.32742,3.68706,JJA,SAt,53185.482615979454,14.773745171105404,intensification
4287,19950638,1995-07-18 00:00:00,24.74792,-45.30505,3.75893,JJA,SAt,55238.038663743355,15.3438996288176,intensification
4288,19950638,1995-07-18 01:00:00,25.35462,-45.28205,3.79947,JJA,SAt,47526.59952836434,13.201833202323428,mature
4289,19950638,1995-07-18 02:00:00,26.04301,-45.27732,3.74114,JJA,SAt,53863.45028600085,14.962069523889125,mature
4290,19950638,1995-07-18 03:00:00,26.774,-45.3192,3.70082,JJA,SAt,57364.56314334514,15.934600873151428,mature
4291,19950638,1995-07-18 04:00:00,27.59205,-45.376,3.73272,JJA,SAt,64240.198925692894,17.84449970158136,mature
4292,19950638,1995-07-18 05:00:00,28.25113,-45.50438,3.63441,JJA,SAt,53366.21815751144,14.823949488197622,mature
4293,19950638,1995-07-18 06:00:00,29.01664,-45.47724,3.56672,JJA,SAt,59747.83404429081,16.596620567858558,mature
4294,19950638,1995-07-18 07:00:00,29.7877,-45.71332,3.52997,JJA,SAt,65484.376298032985,18.190104527231384,decay
4295,19950638,1995-07-18 08:00:00,30.5079,-45.88842,3.46125,JJA,SAt,59127.38560509301,16.424273779192504,decay
4296,19950638,1995-07-18 09:00:00,31.21409,-46.05376,3.42635,JJA,SAt,57589.65179736818,15.997125499268938,decay
4297,19950638,1995-07-18 10:00:00,31.06605,-44.90811,3.6315,JJA,SAt,127912.36049661553,35.531211249059865,decay
4298,19950638,1995-07-18 11:00:00,31.91845,-45.17182,3.55072,JJA,SAt,73112.1938837354,20.308942745482053,decay
4299,19950638,1995-07-18 12:00:00,32.70514,-45.46698,3.47066,JJA,SAt,69717.17945086287,19.36588318079524,decay
4300,19950638,1995-07-18 13:00:00,33.45311,-45.7887,3.33522,JJA,SAt,68283.05025563666,18.967513959899073,incipient
4301,19950638,1995-07-18 14:00:00,34.21351,-46.10525,3.21029,JJA,SAt,68522.52895356853,19.0340358204357,incipient
4302,19950638,1995-07-18 15:00:00,35.02621,-46.40958,3.07012,JJA,SAt,71057.1532501599,19.738098125044417,incipient
4303,19950638,1995-07-18 16:00:00,35.90722,-46.71807,2.92354,JJA,SAt,75585.94148234755,20.996094856207655,incipient
4304,19950638,1995-07-18 17:00:00,36.82323,-47.11377,2.83023,JJA,SAt,82319.46504152443,22.86651806709012,incipient
4305,19950638,1995-07-18 18:00:00,37.69973,-47.48867,2.78801,JJA,SAt,78141.26448542676,21.70590680150743,intensification
4306,19950638,1995-07-18 19:00:00,38.58709,-48.03547,2.80813,JJA,SAt,89977.21381004585,24.993670502790515,intensification
4307,19950638,1995-07-18 20:00:00,39.40248,-48.2943,2.7768,JJA,SAt,66973.00628175672,18.603612856043533,intensification
4308,19950638,1995-07-18 21:00:00,40.21477,-48.56842,2.71994,JJA,SAt,67236.07021028893,18.676686169524704,intensification
4309,19950638,1995-07-18 22:00:00,41.01253,-48.42802,2.23171,JJA,SAt,60818.626442593224,16.89406290072034,intensification
4310,19950638,1995-07-18 23:00:00,41.74301,-48.65678,2.16731,JJA,SAt,59489.02357783422,16.524728771620616,intensification
4311,19950638,1995-07-19 00:00:00,42.51985,-49.02536,2.07858,JJA,SAt,70083.68576414675,19.467690490040763,intensification
4312,19950638,1995-07-19 01:00:00,43.30244,-49.36296,2.03096,JJA,SAt,68139.89675773897,18.927749099371937,intensification
4313,19950638,1995-07-19 02:00:00,43.93744,-50.21668,1.93358,JJA,SAt,105305.980103831,29.251661139953054,intensification
4314,19950639,1995-07-17 19:00:00,13.3852,-14.45555,1.25739,JJA,SAt,,,intensification
4315,19950639,1995-07-17 20:00:00,13.3307,-14.63021,1.4308,JJA,SAt,20287.8708908514,5.635519691903167,intensification
4316,19950639,1995-07-17 21:00:00,13.35231,-14.45666,1.47961,JJA,SAt,19437.57063359065,5.399325175997403,intensification
4317,19950639,1995-07-17 22:00:00,13.25699,-14.15155,1.60205,JJA,SAt,35447.23495023592,9.846454152843311,intensification
4318,19950639,1995-07-17 23:00:00,13.09735,-14.27402,1.70273,JJA,SAt,21944.495284835346,6.095693134676485,intensification
4319,19950639,1995-07-18 00:00:00,13.01436,-14.38369,1.82147,JJA,SAt,15121.30422107221,4.200362283631169,intensification
4320,19950639,1995-07-18 01:00:00,12.88556,-14.50197,1.88778,JJA,SAt,19113.78723233412,5.309385342315034,mature
4321,19950639,1995-07-18 02:00:00,12.7633,-14.55277,1.97751,JJA,SAt,14321.141152585724,3.9780947646071456,mature
4322,19950639,1995-07-18 03:00:00,12.62147,-14.50159,2.07492,JJA,SAt,16292.811854321499,4.525781070644861,mature
4323,19950639,1995-07-18 04:00:00,12.37627,-14.45552,2.18282,JJA,SAt,26891.573191044477,7.469881441956799,mature
4324,19950639,1995-07-18 05:00:00,12.05954,-14.45241,2.23024,JJA,SAt,34105.840920592906,9.473844700164696,mature
4325,19950639,1995-07-18 06:00:00,11.7218,-14.51203,2.2745,JJA,SAt,36961.12099438824,10.266978053996734,mature
4326,19950639,1995-07-18 07:00:00,11.38886,-14.60552,2.30479,JJA,SAt,37310.05259342277,10.363903498172991,decay
4327,19950639,1995-07-18 08:00:00,11.09641,-14.65999,2.27587,JJA,SAt,32041.899034393184,8.900527509553662,decay
4328,19950639,1995-07-18 09:00:00,10.6205,-14.67491,2.1839,JJA,SAt,51221.184977604586,14.228106938223496,decay
4329,19950639,1995-07-18 10:00:00,10.46511,-14.93161,2.54486,JJA,SAt,33072.7576486133,9.186877124614805,decay
4330,19950639,1995-07-18 11:00:00,10.23252,-14.93341,2.5054,JJA,SAt,24990.276627110852,6.941743507530792,decay
4331,19950639,1995-07-18 12:00:00,10.14172,-14.99941,2.51187,JJA,SAt,12206.549893524054,3.3907083037566816,decay
4332,19950639,1995-07-18 13:00:00,10.0161,-15.02184,2.4514,JJA,SAt,13720.292722787792,3.811192422996609,incipient
4333,19950639,1995-07-18 14:00:00,9.97825,-15.03454,2.39637,JJA,SAt,4303.109304799565,1.1953081402221013,incipient
4334,19950639,1995-07-18 15:00:00,10.0008,-15.01719,2.32114,JJA,SAt,3096.2328874892796,0.8600646909692443,incipient
4335,19950639,1995-07-18 16:00:00,10.02049,-15.02421,2.21876,JJA,SAt,2254.0966109608485,0.6261379474891245,incipient
4336,19950639,1995-07-18 17:00:00,9.8848,-15.10145,2.14455,JJA,SAt,16912.739557452154,4.697983210403376,incipient
4337,19950639,1995-07-18 18:00:00,9.77443,-15.20239,2.09426,JJA,SAt,16318.871929205961,4.5330199803349895,intensification
4338,19950639,1995-07-18 19:00:00,9.74517,-15.28895,2.06984,JJA,SAt,10123.99387543247,2.812220520953464,intensification
4339,19950639,1995-07-18 20:00:00,9.84319,-15.364,2.10286,JJA,SAt,13421.559699532698,3.7282110276479714,intensification
4340,19950639,1995-07-18 21:00:00,9.97089,-15.45069,2.13233,JJA,SAt,16742.66429315736,4.6507400814326,intensification
4341,19950639,1995-07-18 22:00:00,10.1154,-15.26612,2.43917,JJA,SAt,25715.71776690304,7.1432549352508445,intensification
4342,19950639,1995-07-18 23:00:00,10.09559,-15.30125,2.48637,JJA,SAt,4446.809312253632,1.2352248089593423,intensification
4343,19950639,1995-07-19 00:00:00,9.96591,-15.36151,2.51087,JJA,SAt,15436.717762582266,4.287977156272851,intensification
4344,19950639,1995-07-19 01:00:00,9.72154,-15.39629,2.52727,JJA,SAt,26483.66398438303,7.356573328995286,intensification
4345,19950639,1995-07-19 02:00:00,9.47466,-15.40467,2.52506,JJA,SAt,26482.53092686789,7.356258590796636,intensification
4346,19950639,1995-07-19 03:00:00,9.19788,-15.44956,2.51482,JJA,SAt,30084.66090666283,8.356850251850785,intensification
4347,19950639,1995-07-19 04:00:00,8.88747,-15.54123,2.50982,JJA,SAt,34788.32490974575,9.663423586040487,intensification
4348,19950639,1995-07-19 05:00:00,8.65893,-15.64435,2.50898,JJA,SAt,27029.886953554975,7.508301931543048,intensification
4349,19950639,1995-07-19 06:00:00,8.48228,-15.76629,2.5165,JJA,SAt,23268.23779486839,6.463399387463442,intensification
4350,19950639,1995-07-19 07:00:00,8.14279,-15.95582,2.47616,JJA,SAt,41984.940120089894,11.662483366691637,intensification
4351,19950640,1995-07-17 20:00:00,14.19893,-67.84276,1.11655,JJA,SAt,,,intensification
4352,19950640,1995-07-17 21:00:00,14.62466,-67.95927,1.35544,JJA,SAt,22022.93945969247,6.1174831832479075,intensification
4353,19950640,1995-07-17 22:00:00,13.19914,-67.855,1.6827,JJA,SAt,60732.83543935375,16.870232066487155,intensification
4354,19950640,1995-07-17 23:00:00,13.4383,-67.80317,1.87897,JJA,SAt,11572.705010190248,3.214640280608402,intensification
4355,19950640,1995-07-18 00:00:00,13.63856,-67.71594,2.00279,JJA,SAt,12849.779923403012,3.569383312056392,intensification
4356,19950640,1995-07-18 01:00:00,13.81551,-67.6368,2.05429,JJA,SAt,11545.356055209335,3.2070433486692598,mature
4357,19950640,1995-07-18 02:00:00,13.69251,-67.49547,2.03534,JJA,SAt,16559.260650734002,4.59979462520389,mature
4358,19950640,1995-07-18 03:00:00,13.43243,-67.34574,1.94906,JJA,SAt,20012.39920622455,5.558999779506819,mature
4359,19950640,1995-07-18 04:00:00,13.05868,-67.19504,1.87091,JJA,SAt,23208.79211084467,6.446886697456853,mature
4360,19950640,1995-07-18 05:00:00,12.68883,-67.06469,1.82129,JJA,SAt,21576.447509515518,5.993457641532088,mature
4361,19950640,1995-07-18 06:00:00,12.50558,-66.98072,1.81378,JJA,SAt,12265.853076824764,3.407181410229101,mature
4362,19950640,1995-07-18 07:00:00,12.45966,-66.89184,1.82064,JJA,SAt,10083.420541770702,2.8009501504918615,decay
4363,19950640,1995-07-18 08:00:00,12.56289,-66.80071,1.83021,JJA,SAt,11092.910282980296,3.081363967494527,decay
4364,19950640,1995-07-18 09:00:00,12.70117,-66.63161,1.87578,JJA,SAt,19760.9994970717,5.489166526964362,decay
4365,19950640,1995-07-18 10:00:00,12.70196,-66.50489,2.03205,JJA,SAt,14090.68430842985,3.9140789745638473,decay
4366,19950640,1995-07-18 11:00:00,12.94302,-66.33582,2.06956,JJA,SAt,21642.579522147236,6.011827645040899,decay
4367,19950640,1995-07-18 12:00:00,13.12405,-66.12958,2.07909,JJA,SAt,24325.53348543661,6.757092634843502,decay
4368,19950640,1995-07-18 13:00:00,13.2956,-65.96338,2.07827,JJA,SAt,20037.741997338682,5.56603944370519,incipient
4369,19950640,1995-07-18 14:00:00,13.4413,-65.80923,2.04598,JJA,SAt,18374.285664488103,5.103968240135584,incipient
4370,19950640,1995-07-18 15:00:00,13.4928,-65.67552,2.01095,JJA,SAt,15052.887685069474,4.181357690297077,incipient
4371,19950640,1995-07-18 16:00:00,13.51629,-65.56586,1.97594,JJA,SAt,12241.225042377866,3.400340289549407,incipient
4372,19950640,1995-07-18 17:00:00,13.51941,-65.45359,1.96355,JJA,SAt,12484.700401554664,3.4679723337651844,incipient
4373,19950640,1995-07-18 18:00:00,13.5527,-65.28999,1.96742,JJA,SAt,18256.80213549697,5.071333926526936,intensification
4374,19950640,1995-07-18 19:00:00,13.6504,-65.08551,1.96891,JJA,SAt,23189.706444405678,6.441585123446021,intensification
4375,19950640,1995-07-18 20:00:00,13.80442,-64.89462,1.9845,JJA,SAt,22426.97839794224,6.229716221650622,intensification
4376,19950640,1995-07-18 21:00:00,14.05088,-64.70493,2.0,JJA,SAt,24105.03532432177,6.695843145644936,intensification
4377,19950640,1995-07-18 22:00:00,14.28643,-64.74623,2.30207,JJA,SAt,12089.011508337826,3.3580587523160625,intensification
4378,19950640,1995-07-18 23:00:00,14.62648,-64.53727,2.33191,JJA,SAt,28321.716966290984,7.867143601747496,intensification
4379,19950640,1995-07-19 00:00:00,14.9472,-64.32337,2.33502,JJA,SAt,28330.636031703834,7.869621119917732,intensification
4380,19950640,1995-07-19 01:00:00,15.23495,-64.12869,2.33313,JJA,SAt,25732.73618403701,7.147982273343614,intensification
4381,19950640,1995-07-19 02:00:00,15.4975,-63.94865,2.30156,JJA,SAt,23751.098276056222,6.597527298904506,intensification
4382,19950640,1995-07-19 03:00:00,15.68828,-63.79595,2.28841,JJA,SAt,19379.759232327928,5.383266453424424,intensification
4383,19950640,1995-07-19 04:00:00,15.79204,-63.67643,2.2606,JJA,SAt,14236.941478115856,3.954705966143293,intensification
4384,19950640,1995-07-19 05:00:00,15.87628,-63.5532,2.24132,JJA,SAt,14320.925857566977,3.9780349604352714,intensification
4385,19950640,1995-07-19 06:00:00,15.99042,-63.42867,2.19857,JJA,SAt,14961.057045450327,4.155849179291757,intensification
4386,19950640,1995-07-19 07:00:00,16.15668,-63.3113,2.15508,JJA,SAt,15459.420523896964,4.294283478860268,intensification
4387,19950640,1995-07-19 08:00:00,16.33051,-63.20464,2.1192,JJA,SAt,14707.4337612262,4.085398267007278,intensification
4388,19950640,1995-07-19 09:00:00,16.5013,-63.1206,2.10193,JJA,SAt,12682.020825572828,3.522783562659119,intensification
4389,19950640,1995-07-19 10:00:00,16.8665,-63.17303,2.15727,JJA,SAt,19247.22214488175,5.346450595800486,intensification
4390,19950640,1995-07-19 11:00:00,17.15772,-63.11,2.15668,JJA,SAt,16222.043184164015,4.506123106712226,intensification
4391,19950640,1995-07-19 12:00:00,17.60017,-63.04913,2.14773,JJA,SAt,23280.234253361632,6.466731737044897,intensification
4392,19950640,1995-07-19 13:00:00,18.0264,-63.0014,2.12981,JJA,SAt,22143.501037696406,6.150972510471224,intensification
4393,19950640,1995-07-19 14:00:00,18.55022,-62.96164,2.12225,JJA,SAt,26826.697335981607,7.451860371106002,intensification
4394,19950640,1995-07-19 15:00:00,18.85782,-62.94695,2.10726,JJA,SAt,15637.948158430805,4.343874488453001,intensification
4395,19950640,1995-07-19 16:00:00,19.22558,-62.91378,2.07463,JJA,SAt,18971.312506806247,5.269809029668402,intensification
4396,19950640,1995-07-19 17:00:00,19.30111,-62.90457,2.02435,JJA,SAt,3959.459816440982,1.099849949011384,intensification
4397,19950640,1995-07-19 18:00:00,19.12032,-62.88387,1.95386,JJA,SAt,9444.380017810488,2.623438893836247,intensification
4398,19950640,1995-07-19 19:00:00,19.10818,-62.87197,1.9335,JJA,SAt,1459.328879536759,0.40536913320465523,intensification
4399,19950640,1995-07-19 20:00:00,18.92338,-62.87642,1.9315,JJA,SAt,9382.216656902541,2.606171293584039,intensification
4400,19950640,1995-07-19 21:00:00,18.83587,-62.86361,1.96569,JJA,SAt,4660.313965733498,1.2945316571481937,intensification
4401,19950640,1995-07-19 22:00:00,17.95182,-62.69737,2.20538,JJA,SAt,48614.374147559356,13.503992818766488,intensification
4402,19950640,1995-07-19 23:00:00,17.83682,-62.62335,2.26372,JJA,SAt,10111.063797835759,2.8086288327321554,intensification
4403,19950640,1995-07-20 00:00:00,17.62281,-62.60769,2.28918,JJA,SAt,11083.227147347265,3.0786742075964626,intensification
4404,19950640,1995-07-20 01:00:00,17.54025,-62.50891,2.32969,JJA,SAt,11770.45569420094,3.2695710261669277,intensification
4405,19950640,1995-07-20 02:00:00,17.39701,-62.36081,2.3526,JJA,SAt,18042.17486326558,5.011715239795994,intensification
4406,19950640,1995-07-20 03:00:00,17.32136,-62.15538,2.34044,JJA,SAt,23175.977732116695,6.437771592254637,intensification
4407,19950640,1995-07-20 04:00:00,17.24541,-61.82913,2.33244,JJA,SAt,36493.515891630464,10.137087747675128,intensification
4408,19950640,1995-07-20 05:00:00,17.28447,-61.34134,2.3451,JJA,SAt,54279.20869072301,15.07755796964528,intensification
4409,19950641,1995-07-17 22:00:00,-71.46963,-34.43821,1.1916,JJA,SAt,,,intensification
4410,19950641,1995-07-17 23:00:00,-71.32089,-34.32916,1.32605,JJA,SAt,18257.60017166772,5.071555603241033,intensification
4411,19950641,1995-07-18 00:00:00,-71.37207,-34.34508,1.43452,JJA,SAt,5021.5875310652455,1.3948854252959015,intensification
4412,19950641,1995-07-18 01:00:00,-71.3605,-34.37102,1.51928,JJA,SAt,3073.7181684365946,0.8538106023434985,mature
4413,19950641,1995-07-18 02:00:00,-71.35739,-34.42214,1.60239,JJA,SAt,5691.450404626956,1.58095844572971,mature
4414,19950641,1995-07-18 03:00:00,-71.27362,-34.43539,1.58869,JJA,SAt,7823.123636367991,2.1730898989911087,mature
4415,19950641,1995-07-18 04:00:00,-71.2692,-34.45433,1.58396,JJA,SAt,2144.681805277189,0.5957449459103303,mature
4416,19950641,1995-07-18 05:00:00,-71.28152,-34.37672,1.58527,JJA,SAt,8703.534792313072,2.417648553420298,mature
4417,19950641,1995-07-18 06:00:00,-71.37793,-34.21315,1.5429,JJA,SAt,20229.893539759683,5.619414872155468,mature
4418,19950641,1995-07-18 07:00:00,-71.45853,-33.83791,1.51971,JJA,SAt,42380.83663271981,11.772454620199946,decay
4419,19950641,1995-07-18 08:00:00,-71.55133,-33.36413,1.52615,JJA,SAt,53378.481431342836,14.827355953150787,decay
4420,19950641,1995-07-18 09:00:00,-71.48749,-32.88911,1.525,JJA,SAt,53153.382759280656,14.764828544244626,decay
4421,19950641,1995-07-18 10:00:00,-71.58917,-31.94465,1.43504,JJA,SAt,105452.1087363837,29.29225242677325,decay
4422,19950641,1995-07-18 11:00:00,-71.27988,-31.94969,1.57409,JJA,SAt,29187.83200351085,8.107731112086348,decay
4423,19950641,1995-07-18 12:00:00,-70.98175,-31.85084,1.68764,JJA,SAt,30214.0753722886,8.392798714524611,decay
4424,19950641,1995-07-18 13:00:00,-70.79498,-31.52668,1.73696,JJA,SAt,40143.85653922166,11.151071260894906,incipient
4425,19950641,1995-07-18 14:00:00,-70.69608,-31.16536,1.77364,JJA,SAt,41260.17526187242,11.461159794964562,incipient
4426,19950641,1995-07-18 15:00:00,-70.75931,-31.04546,1.75572,JJA,SAt,14628.39041398844,4.063441781663456,incipient
4427,19950641,1995-07-18 16:00:00,-70.80209,-30.91272,1.72115,JJA,SAt,15313.1241861122,4.253645607253389,incipient
4428,19950641,1995-07-18 17:00:00,-70.76385,-30.82014,1.65003,JJA,SAt,10922.31473829789,3.033976316193858,incipient
4429,19950641,1995-07-18 18:00:00,-70.57092,-30.38806,1.66637,JJA,SAt,51471.12497096767,14.297534714157687,intensification
4430,19950641,1995-07-18 19:00:00,-70.39938,-29.98688,1.84619,JJA,SAt,47558.63872966239,13.210732980461774,intensification
4431,19950641,1995-07-18 20:00:00,-70.12473,-29.33311,2.04828,JJA,SAt,77388.48371921561,21.496801033115446,intensification
4432,19950641,1995-07-18 21:00:00,-69.94214,-28.76949,2.11302,JJA,SAt,65136.486215078745,18.09346839307743,intensification
4433,19950641,1995-07-18 22:00:00,-69.86832,-28.03226,2.08458,JJA,SAt,82293.71785633227,22.859366071203407,intensification
4434,19950641,1995-07-18 23:00:00,-69.83801,-28.00784,2.27446,JJA,SAt,4028.0900741072364,1.1189139094742324,intensification
4435,19950641,1995-07-19 00:00:00,-69.77206,-27.81405,2.37234,JJA,SAt,22501.812403356253,6.2505034453767365,intensification
4436,19950641,1995-07-19 01:00:00,-69.86627,-27.60833,2.41133,JJA,SAt,24683.554158765593,6.856542821879332,intensification
4437,19950641,1995-07-19 02:00:00,-69.95853,-27.03167,2.27935,JJA,SAt,64766.29966157017,17.990638794880603,intensification
4438,19950641,1995-07-19 03:00:00,-69.99509,-26.57652,2.25534,JJA,SAt,50740.34589629186,14.094540526747739,intensification
4439,19950641,1995-07-19 04:00:00,-70.08157,-26.53701,2.20003,JJA,SAt,9658.582501793468,2.682939583831519,intensification
4440,19950641,1995-07-19 05:00:00,-70.22604,-26.57333,1.97475,JJA,SAt,14926.374933670795,4.146215259352998,intensification
4441,19950641,1995-07-19 06:00:00,-70.59622,-27.32391,1.80956,JJA,SAt,91170.23975185605,25.32506659773779,intensification
4442,19950641,1995-07-19 07:00:00,-70.94278,-28.0075,1.72424,JJA,SAt,83322.4732308982,23.14513145302728,intensification
4443,19950641,1995-07-19 08:00:00,-70.99454,-28.21729,1.67132,JJA,SAt,23873.58498824386,6.631551385623294,intensification
4444,19950641,1995-07-19 09:00:00,-71.27628,-28.42794,1.6007,JJA,SAt,36182.62874848934,10.050730207913706,intensification
4445,19950641,1995-07-19 10:00:00,-71.49133,-27.97689,1.44194,JJA,SAt,54401.97021966104,15.111658394350288,intensification
4446,19950641,1995-07-19 11:00:00,-71.86203,-28.24941,1.40248,JJA,SAt,47329.46313717704,13.147073093660287,intensification
4447,19950641,1995-07-19 12:00:00,-72.18506,-28.62343,1.47571,JJA,SAt,52223.55053612289,14.506541815589692,intensification
4448,19950641,1995-07-19 13:00:00,-72.32678,-28.72354,1.49514,JJA,SAt,17750.370644549013,4.930658512374726,intensification
4449,19950641,1995-07-19 14:00:00,-72.37277,-28.54367,1.50941,JJA,SAt,20498.110033750487,5.693919453819579,intensification
4450,19950641,1995-07-19 15:00:00,-72.4559,-28.41404,1.46251,JJA,SAt,16546.508339727137,4.5962523165908715,intensification
4451,19950641,1995-07-19 16:00:00,-72.43683,-28.15057,1.419,JJA,SAt,29356.02046724546,8.154450129790405,intensification
4452,19950641,1995-07-19 17:00:00,-72.48999,-27.96882,1.25878,JJA,SAt,20872.044302732058,5.797790084092238,intensification
4453,19950641,1995-07-19 18:00:00,-72.52203,-27.82512,1.16654,JJA,SAt,16286.007743016626,4.52389103972684,intensification
4454,19950641,1995-07-19 19:00:00,-72.48959,-27.63644,1.09816,JJA,SAt,21221.848576338605,5.894957937871835,intensification
4455,19950641,1995-07-19 20:00:00,-72.45212,-27.71655,1.09349,JJA,SAt,9641.782552236613,2.6782729311768367,intensification
4456,19950641,1995-07-19 21:00:00,-72.43835,-27.81338,1.08598,JJA,SAt,10851.930042185111,3.0144250117180866,intensification
4457,19950641,1995-07-19 22:00:00,-72.49829,-27.47027,1.20988,JJA,SAt,38606.30769654966,10.723974360152683,intensification
4458,19950641,1995-07-19 23:00:00,-72.18375,-27.85935,1.29479,JJA,SAt,53210.105406325696,14.78058483509047,intensification
4459,19950641,1995-07-20 00:00:00,-71.96286,-27.8904,1.28377,JJA,SAt,21984.78205706377,6.106883904739936,intensification
4460,19950641,1995-07-20 01:00:00,-71.71637,-27.66611,1.26126,JJA,SAt,34785.84932677545,9.662735924104293,intensification
4461,19950641,1995-07-20 02:00:00,-71.41858,-27.38821,1.35487,JJA,SAt,42627.7899618122,11.841052767170057,intensification
4462,19950641,1995-07-20 03:00:00,-71.11969,-27.22121,1.53726,JJA,SAt,34885.07450087323,9.690298472464786,intensification
4463,19950641,1995-07-20 04:00:00,-70.85306,-27.02832,1.66334,JJA,SAt,34004.62383675587,9.445728843543296,intensification
4464,19950641,1995-07-20 05:00:00,-70.6991,-26.81408,1.7459,JJA,SAt,28293.25246090085,7.859236794694681,intensification
4465,19950641,1995-07-20 06:00:00,-70.63278,-26.61059,1.76966,JJA,SAt,23566.48179362268,6.546244942672966,intensification
4466,19950641,1995-07-20 07:00:00,-70.61816,-26.44164,1.77747,JJA,SAt,18842.634083429344,5.234065023174818,intensification
4467,19950641,1995-07-20 08:00:00,-70.57129,-26.19305,1.83146,JJA,SAt,28033.953109788617,7.787209197163505,intensification
4468,19950641,1995-07-20 09:00:00,-70.5112,-25.97317,1.88754,JJA,SAt,25175.312990385184,6.9931424973292176,intensification
4469,19950641,1995-07-20 10:00:00,-70.58447,-25.45978,2.0088,JJA,SAt,57556.419487898675,15.987894302194077,intensification
4470,19950641,1995-07-20 11:00:00,-70.54248,-25.36772,1.94991,JJA,SAt,11071.300644467832,3.0753612901299534,intensification
4471,19950641,1995-07-20 12:00:00,-70.48633,-25.40393,1.81248,JJA,SAt,6930.333492986924,1.9250926369408123,mature
4472,19950641,1995-07-20 13:00:00,-70.40515,-25.84296,1.61633,JJA,SAt,49491.80758159002,13.747724328219451,mature
4473,19950641,1995-07-20 14:00:00,-70.23682,-26.1561,1.50113,JJA,SAt,38670.736964213975,10.741871378948327,mature
4474,19950641,1995-07-20 15:00:00,-70.02222,-26.8126,1.47432,JJA,SAt,76059.86783438848,21.127741065107912,mature
4475,19950641,1995-07-20 16:00:00,-69.80661,-26.80615,1.49542,JJA,SAt,21409.78616744239,5.947162824289553,mature
4476,19950641,1995-07-20 17:00:00,-69.51346,-26.22863,1.46724,JJA,SAt,70530.91048181317,19.591919578281438,mature
4477,19950641,1995-07-20 18:00:00,-69.26755,-26.05624,1.40894,JJA,SAt,31144.64199586969,8.651289443297136,mature
4478,19950641,1995-07-20 19:00:00,-68.97433,-26.1954,1.41303,JJA,SAt,33111.50389105008,9.197639969736134,mature
4479,19950641,1995-07-20 20:00:00,-68.85944,-26.30783,1.44146,JJA,SAt,16957.814246999696,4.710503957499916,mature
4480,19950641,1995-07-20 21:00:00,-68.80017,-26.37042,1.49379,JJA,SAt,9128.095535942244,2.53558209331729,decay
4481,19950641,1995-07-20 22:00:00,-68.61465,-25.84161,1.61079,JJA,SAt,61649.93479441433,17.124981887337313,decay
4482,19950641,1995-07-20 23:00:00,-68.55203,-26.08883,1.64749,JJA,SAt,28193.449921836207,7.831513867176724,decay
4483,19950641,1995-07-21 00:00:00,-68.49493,-26.11564,1.59885,JJA,SAt,6434.002198162915,1.787222832823032,decay
4484,19950641,1995-07-21 01:00:00,-68.42578,-26.12324,1.56118,JJA,SAt,6955.4409996636705,1.9320669443510197,decay
4485,19950641,1995-07-21 02:00:00,-68.33908,-25.98124,1.49214,JJA,SAt,18009.129356283076,5.002535932300854,decay
4486,19950641,1995-07-21 03:00:00,-68.22076,-25.93679,1.43537,JJA,SAt,12820.273802977366,3.561187167493713,decay
4487,19950641,1995-07-21 04:00:00,-68.12073,-25.84257,1.42157,JJA,SAt,14487.707670037224,4.0243632416770065,decay
4488,19950641,1995-07-21 05:00:00,-68.0975,-25.53493,1.4201,JJA,SAt,34287.16229180211,9.524211747722807,decay
4489,19950641,1995-07-21 06:00:00,-68.1113,-25.17495,1.45505,JJA,SAt,40052.01804048813,11.125560566802259,decay
4490,19950641,1995-07-21 07:00:00,-68.08978,-25.03078,1.48862,JJA,SAt,16176.781660570665,4.4935504612696295,decay
4491,19950641,1995-07-21 08:00:00,-67.96902,-25.24151,1.49926,JJA,SAt,26397.74087968313,7.33270579991198,decay
4492,19950641,1995-07-21 09:00:00,-67.75107,-25.74436,1.45388,JJA,SAt,60041.268037452464,16.67813001040346,decay
4493,19950641,1995-07-21 10:00:00,-67.3624,-26.89691,1.29446,JJA,SAt,133884.1305988218,37.190036277450496,decay
4494,19950641,1995-07-21 11:00:00,-67.10718,-27.34263,1.29312,JJA,SAt,55627.27779103244,15.452021608620122,decay
4495,19950641,1995-07-21 12:00:00,-66.99518,-27.08657,1.26331,JJA,SAt,30550.769645256885,8.486324901460247,decay
4496,19950641,1995-07-21 13:00:00,-66.89041,-27.25687,1.27915,JJA,SAt,21587.24992597465,5.996458312770736,decay
4497,19950641,1995-07-21 14:00:00,-66.83124,-27.63643,1.28542,JJA,SAt,42607.173137617516,11.835325871560421,decay
4498,19950641,1995-07-21 15:00:00,-66.7561,-27.8435,1.28624,JJA,SAt,24183.530113362907,6.7176472537119185,decay
4499,19950641,1995-07-21 16:00:00,-66.66574,-27.16103,1.41529,JJA,SAt,76408.82209064256,21.224672802956267,decay
4500,19950641,1995-07-21 17:00:00,-66.5401,-26.50531,1.55753,JJA,SAt,73970.85281385509,20.547459114959747,intensification 2
4501,19950641,1995-07-21 18:00:00,-66.44037,-26.37021,1.65646,JJA,SAt,18007.59985698851,5.002111071385697,intensification 2
4502,19950641,1995-07-21 19:00:00,-66.37976,-26.35561,1.65507,JJA,SAt,6253.038950913189,1.7369552641425525,intensification 2
4503,19950641,1995-07-21 20:00:00,-66.37897,-26.37084,1.60667,JJA,SAt,1695.329177364094,0.4709247714900261,intensification 2
4504,19950641,1995-07-21 21:00:00,-66.46103,-26.26365,1.51307,JJA,SAt,14455.357238151319,4.015377010597589,intensification 2
4505,19950641,1995-07-21 22:00:00,-66.47348,-25.95399,1.51082,JJA,SAt,34455.1022330128,9.570861731392446,intensification 2
4506,19950641,1995-07-21 23:00:00,-66.59848,-26.07279,1.512,JJA,SAt,18180.62013204394,5.050172258901094,intensification 2
4507,19950641,1995-07-22 00:00:00,-66.668,-25.97736,1.62031,JJA,SAt,12682.815152968647,3.5230042091579574,intensification 2
4508,19950641,1995-07-22 01:00:00,-66.67041,-25.843,1.74056,JJA,SAt,14942.115798332925,4.150587721759146,intensification 2
4509,19950641,1995-07-22 02:00:00,-66.56906,-25.36394,1.7314,JJA,SAt,54229.92429470086,15.063867859639128,intensification 2
4510,19950641,1995-07-22 03:00:00,-66.3175,-24.62781,1.71607,JJA,SAt,85690.18602910885,23.802829452530236,intensification 2
4511,19950641,1995-07-22 04:00:00,-66.11649,-24.31227,1.77295,JJA,SAt,40557.686312774655,11.266023975770738,intensification 2
4512,19950641,1995-07-22 05:00:00,-66.03482,-24.36165,1.83724,JJA,SAt,9930.42463721995,2.7584512881166527,intensification 2
4513,19950641,1995-07-22 06:00:00,-66.04514,-24.55382,1.84532,JJA,SAt,21393.87491342733,5.942743031507592,intensification 2
4514,19950641,1995-07-22 07:00:00,-66.07077,-24.78034,1.86577,JJA,SAt,25320.70759747849,7.033529888188469,intensification 2
4515,19950641,1995-07-22 08:00:00,-66.09683,-25.1214,1.89481,JJA,SAt,38015.09228631225,10.559747857308958,intensification 2
4516,19950641,1995-07-22 09:00:00,-66.10046,-25.41429,1.91891,JJA,SAt,32569.97355325557,9.047214875904325,intensification 2
4517,19950641,1995-07-22 10:00:00,-66.02521,-25.08456,1.83139,JJA,SAt,37437.27151112494,10.399242086423595,intensification 2
4518,19950641,1995-07-22 11:00:00,-65.82687,-25.04576,1.83977,JJA,SAt,20438.049059442998,5.677235849845277,intensification 2
4519,19950641,1995-07-22 12:00:00,-65.6875,-25.26131,1.84177,JJA,SAt,27771.30514139273,7.714251428164648,intensification 2
4520,19950641,1995-07-22 13:00:00,-65.55026,-25.3199,1.88618,JJA,SAt,15258.50049051467,4.238472358476297,intensification 2
4521,19950641,1995-07-22 14:00:00,-65.50333,-25.60893,1.91066,JJA,SAt,32482.218497289687,9.022838471469358,intensification 2
4522,19950641,1995-07-22 15:00:00,-65.3288,-25.31086,1.97054,JJA,SAt,37490.61011099862,10.414058364166284,intensification 2
4523,19950641,1995-07-22 16:00:00,-65.12363,-24.98086,2.06561,JJA,SAt,42106.67542757083,11.696298729880786,intensification 2
4524,19950641,1995-07-22 17:00:00,-64.65167,-23.40207,2.36534,JJA,SAt,181962.87504179816,50.545243067166155,intensification 2
4525,19950641,1995-07-22 18:00:00,-64.69049,-23.93266,2.55203,JJA,SAt,59131.312906688494,16.42536469630236,intensification 2
4526,19950641,1995-07-22 19:00:00,-64.68497,-24.01676,2.56685,JJA,SAt,9368.309221076473,2.602308116965687,intensification 2
4527,19950641,1995-07-22 20:00:00,-64.57562,-23.50085,2.60295,JJA,SAt,58436.11481380393,16.232254114945537,intensification 2
4528,19950641,1995-07-22 21:00:00,-64.4838,-22.78707,2.69115,JJA,SAt,79922.1367787793,22.200593549660915,intensification 2
4529,19950641,1995-07-22 22:00:00,-64.28116,-22.23495,2.94587,JJA,SAt,64825.86927152691,18.007185908757474,intensification 2
4530,19950641,1995-07-22 23:00:00,-64.30966,-22.14073,3.06219,JJA,SAt,10879.982371256367,3.022217325348991,intensification 2
4531,19950641,1995-07-23 00:00:00,-64.40283,-22.34614,3.19138,JJA,SAt,24771.81299650232,6.881059165695089,intensification 2
4532,19950641,1995-07-23 01:00:00,-64.49976,-22.51906,3.36932,JJA,SAt,21655.544354735808,6.015428987426613,intensification 2
4533,19950641,1995-07-23 02:00:00,-64.55707,-22.52247,3.49737,JJA,SAt,5898.820728934347,1.6385613135928743,intensification 2
4534,19950641,1995-07-23 03:00:00,-64.58655,-22.38448,3.57202,JJA,SAt,15640.02873031057,4.34445242508627,intensification 2
4535,19950641,1995-07-23 04:00:00,-64.59045,-22.15641,3.65212,JJA,SAt,25363.437809740113,7.045399391594476,intensification 2
4536,19950641,1995-07-23 05:00:00,-64.59348,-21.84881,3.71909,JJA,SAt,34205.0342137001,9.501398392694473,intensification 2
4537,19950641,1995-07-23 06:00:00,-64.61801,-21.60679,3.81576,JJA,SAt,27030.456012203027,7.50846000338973,intensification 2
4538,19950641,1995-07-23 07:00:00,-64.63263,-21.39688,3.91522,JJA,SAt,23389.91604733016,6.497198902036155,intensification 2
4539,19950641,1995-07-23 08:00:00,-64.60968,-21.3018,4.07794,JJA,SAt,10836.303096845728,3.010084193568258,intensification 2
4540,19950641,1995-07-23 09:00:00,-64.57404,-21.25668,4.23754,JJA,SAt,6229.633789645408,1.7304538304570578,intensification 2
4541,19950641,1995-07-23 10:00:00,-64.48822,-21.50404,4.6559,JJA,SAt,28904.988803240623,8.029163556455728,intensification 2
4542,19950641,1995-07-23 11:00:00,-64.45178,-21.514,4.74038,JJA,SAt,3929.0880531529324,1.0914133480980368,intensification 2
4543,19950641,1995-07-23 12:00:00,-64.39533,-21.53917,4.86895,JJA,SAt,6475.228703761695,1.7986746399338043,intensification 2
4544,19950641,1995-07-23 13:00:00,-64.30252,-21.64247,4.95621,JJA,SAt,14967.302942238624,4.15758415062184,intensification 2
4545,19950641,1995-07-23 14:00:00,-64.22464,-21.82567,4.97147,JJA,SAt,21901.718708062963,6.083810752239712,intensification 2
4546,19950641,1995-07-23 15:00:00,-64.16898,-21.83358,4.86035,JJA,SAt,5812.255097685101,1.614515304912528,intensification 2
4547,19950641,1995-07-23 16:00:00,-64.07398,-21.66727,4.53132,JJA,SAt,20934.438731203303,5.815121869778696,mature 2
4548,19950641,1995-07-23 17:00:00,-63.99356,-21.57526,4.34598,JJA,SAt,13182.663671432274,3.6618510198422984,mature 2
4549,19950641,1995-07-23 18:00:00,-63.87601,-21.59867,4.34593,JJA,SAt,12429.812584332154,3.452725717870043,mature 2
4550,19950641,1995-07-23 19:00:00,-63.76929,-21.78807,4.33573,JJA,SAt,23772.189921679226,6.60338608935534,mature 2
4551,19950641,1995-07-23 20:00:00,-63.83081,-21.94806,4.34426,JJA,SAt,18888.912171583637,5.246920047662122,mature 2
4552,19950641,1995-07-23 21:00:00,-63.90625,-21.86182,4.60653,JJA,SAt,12350.381367840126,3.4306614910667017,mature 2
4553,19950641,1995-07-23 22:00:00,-63.95145,-21.86766,4.72531,JJA,SAt,4709.460021004361,1.308183339167878,mature 2
4554,19950641,1995-07-23 23:00:00,-64.0343,-21.78774,5.02926,JJA,SAt,12333.323705502236,3.425923251528399,mature 2
4555,19950641,1995-07-24 00:00:00,-64.07483,-21.73297,5.2129,JJA,SAt,7389.804826068505,2.052723562796807,mature 2
4556,19950641,1995-07-24 01:00:00,-64.1012,-21.63788,5.29022,JJA,SAt,10918.960599958244,3.033044611099512,mature 2
4557,19950641,1995-07-24 02:00:00,-64.06589,-21.55103,5.30739,JJA,SAt,10324.294636335628,2.867859621204341,mature 2
4558,19950641,1995-07-24 03:00:00,-64.03159,-21.51516,5.37743,JJA,SAt,5338.120623770361,1.4828112843806558,mature 2
4559,19950641,1995-07-24 04:00:00,-63.99921,-21.46183,5.45375,JJA,SAt,6810.972287385951,1.8919367464960974,mature 2
4560,19950641,1995-07-24 05:00:00,-63.9791,-21.41402,5.53706,JJA,SAt,5709.176982727321,1.5858824952020336,mature 2
4561,19950641,1995-07-24 06:00:00,-63.96335,-21.36141,5.58124,JJA,SAt,6073.007720848987,1.6869465891247188,mature 2
4562,19950641,1995-07-24 07:00:00,-63.96246,-21.32055,5.64307,JJA,SAt,4544.366083217247,1.2623239120047909,mature 2
4563,19950641,1995-07-24 08:00:00,-63.93814,-21.28238,5.71457,JJA,SAt,4935.805240157662,1.3710570111549063,mature 2
4564,19950641,1995-07-24 09:00:00,-63.8895,-21.22292,5.7385,JJA,SAt,8314.006539954644,2.309446261098512,mature 2
4565,19950641,1995-07-24 10:00:00,-63.801,-21.31494,5.66038,JJA,SAt,13740.27730832691,3.816743696757475,decay 2
4566,19950641,1995-07-24 11:00:00,-63.76202,-21.29885,5.57387,JJA,SAt,4416.716209716922,1.226865613810256,decay 2
4567,19950641,1995-07-24 12:00:00,-63.67673,-21.28592,5.52044,JJA,SAt,8952.659706518212,2.486849918477281,decay 2
4568,19950641,1995-07-24 13:00:00,-63.64651,-21.29272,5.60078,JJA,SAt,3221.0111227592593,0.894725311877572,decay 2
4569,19950641,1995-07-24 14:00:00,-63.50275,-21.41395,5.42283,JJA,SAt,20084.05217181262,5.57890338105906,decay 2
4570,19950641,1995-07-24 15:00:00,-63.28357,-21.19806,5.12369,JJA,SAt,33043.08296990147,9.178634158305965,decay 2
4571,19950641,1995-07-24 16:00:00,-62.96606,-21.02987,4.5695,JJA,SAt,37874.74391682162,10.520762199117117,decay 2
4572,19950641,1995-07-24 17:00:00,-63.14935,-20.87553,4.14945,JJA,SAt,25627.998731554388,7.118888536542886,decay 2
4573,19950641,1995-07-24 18:00:00,-63.08008,-20.81692,4.00941,JJA,SAt,9710.213767051586,2.6972816019587738,decay 2
4574,19950641,1995-07-24 19:00:00,-62.90378,-21.00443,3.89947,JJA,SAt,27750.30853676461,7.708419037990169,decay 2
4575,19950641,1995-07-24 20:00:00,-62.89862,-21.1191,3.79672,JJA,SAt,12761.977424802033,3.5449937291116758,decay 2
4576,19950641,1995-07-24 21:00:00,-62.80276,-21.45369,3.89833,JJA,SAt,38507.63463965046,10.696565177680684,decay 2
4577,19950641,1995-07-24 22:00:00,-62.62601,-21.79363,4.04186,JJA,SAt,41983.65100572161,11.662125279367114,decay 2
4578,19950641,1995-07-24 23:00:00,-62.47845,-22.07066,3.91049,JJA,SAt,34359.43717522881,9.544288104230226,decay 2
4579,19950641,1995-07-25 00:00:00,-61.99054,-22.9454,3.68901,JJA,SAt,109420.36732660292,30.394546479611922,decay 2
4580,19950642,1995-07-17 22:00:00,0.59389,-18.0908,3.47027,JJA,SAt,,,intensification
4581,19950642,1995-07-17 23:00:00,0.18761,-17.91097,3.41415,JJA,SAt,47390.294779807744,13.163970772168819,intensification
4582,19950642,1995-07-18 00:00:00,-0.08972,-17.79243,3.36978,JJA,SAt,32176.670722882525,8.93796408968959,intensification
4583,19950642,1995-07-18 01:00:00,-0.39432,-17.63399,3.30045,JJA,SAt,36760.963625323566,10.211378784812101,mature
4584,19950642,1995-07-18 02:00:00,-0.66663,-17.47939,3.22962,JJA,SAt,33599.78074804837,9.333272430013436,mature
4585,19950642,1995-07-18 03:00:00,-0.98822,-17.26921,3.13456,JJA,SAt,41363.02779397188,11.489729942769968,mature
4586,19950642,1995-07-18 04:00:00,-1.24262,-17.15292,3.09167,JJA,SAt,29955.95451342341,8.321098475950947,mature
4587,19950642,1995-07-18 05:00:00,-1.5675,-16.9304,3.10044,JJA,SAt,42487.10740845144,11.8019742801254,mature
4588,19950642,1995-07-18 06:00:00,-1.87701,-16.86384,3.03196,JJA,SAt,33751.651443443036,9.375458734289731,mature
4589,19950642,1995-07-18 07:00:00,-2.21713,-16.67838,3.0317,JJA,SAt,41671.48574240447,11.575412706223464,decay
4590,19950642,1995-07-18 08:00:00,-2.55453,-16.57218,3.00811,JJA,SAt,37838.74785193576,10.510763292204379,decay
4591,19950642,1995-07-18 09:00:00,-2.85019,-16.47192,2.97528,JJA,SAt,33432.062033591574,9.28668389821988,decay
4592,19950642,1995-07-18 10:00:00,-2.97321,-16.87178,3.22397,JJA,SAt,46353.31592710744,12.875921090863178,decay
4593,19950642,1995-07-18 11:00:00,-3.35202,-16.69192,3.14399,JJA,SAt,45014.641680036875,12.504067133343577,decay
4594,19950642,1995-07-18 12:00:00,-3.75504,-16.56124,3.05405,JJA,SAt,45332.1742575661,12.592270627101694,decay
4595,19950642,1995-07-18 13:00:00,-4.09232,-16.4712,2.95913,JJA,SAt,37324.32568574982,10.367868246041617,incipient
4596,19950642,1995-07-18 14:00:00,-4.45901,-16.39161,2.88258,JJA,SAt,40097.70506954456,11.138251408206822,incipient
4597,19950642,1995-07-18 15:00:00,-4.79181,-16.34997,2.78664,JJA,SAt,35806.05569034946,9.946126580652628,incipient
4598,19950642,1995-07-18 16:00:00,-5.09348,-16.24214,2.72686,JJA,SAt,34356.69590961686,9.543526641560238,incipient
4599,19950642,1995-07-18 17:00:00,-5.30057,-16.27072,2.66874,JJA,SAt,22333.973509591415,6.20388153044206,incipient
4600,19950642,1995-07-18 18:00:00,-5.60269,-16.43207,2.58097,JJA,SAt,36891.95170301012,10.247764361947256,intensification
4601,19950642,1995-07-18 19:00:00,-5.7727,-16.25374,2.57826,JJA,SAt,26875.29161628834,7.465358782302317,intensification
4602,19950642,1995-07-18 20:00:00,-6.07126,-16.25549,2.52065,JJA,SAt,31871.965949241814,8.853323874789393,intensification
4603,19950642,1995-07-18 21:00:00,-6.3371,-16.24117,2.45501,JJA,SAt,28424.045426192017,7.895568173942227,intensification
4604,19950643,1995-07-18 06:00:00,3.80138,-47.33767,4.98663,JJA,SAt,,,mature
4605,19950643,1995-07-18 07:00:00,4.75132,-47.47039,5.03067,JJA,SAt,72998.83336446658,20.27745371235183,decay
4606,19950643,1995-07-18 08:00:00,6.06025,-47.17537,5.03812,JJA,SAt,103970.3777460946,28.88066048502628,decay
4607,19950643,1995-07-18 09:00:00,7.07836,-47.16478,4.96274,JJA,SAt,76970.5892406812,21.38071923352256,decay
4608,19950643,1995-07-18 10:00:00,7.8511,-47.64126,4.90769,JJA,SAt,78671.82294361899,21.853284151005273,decay
4609,19950643,1995-07-18 11:00:00,9.02856,-47.35164,4.73452,JJA,SAt,94138.06205113819,26.149461680871717,decay
4610,19950643,1995-07-18 12:00:00,10.1192,-47.20464,4.75644,JJA,SAt,83884.20112500091,23.30116697916692,decay
4611,19950643,1995-07-18 13:00:00,11.36656,-46.87692,4.62661,JJA,SAt,101300.97100153605,28.13915861153779,incipient
4612,19950643,1995-07-18 14:00:00,12.93547,-46.41531,4.89124,JJA,SAt,130296.6172607863,36.19350479466286,incipient
4613,19950643,1995-07-18 15:00:00,14.43778,-45.95625,4.70042,JJA,SAt,126413.26766804677,35.114796574457436,incipient
4614,19950643,1995-07-18 16:00:00,15.70237,-45.74977,4.81426,JJA,SAt,100593.34842217506,27.942596783937514,incipient
4615,19950643,1995-07-18 17:00:00,17.12343,-45.43296,4.78722,JJA,SAt,116048.2880894903,32.23563558041398,incipient
4616,19950643,1995-07-18 18:00:00,18.33906,-45.23955,4.72393,JJA,SAt,97420.88714060812,27.06135753905781,intensification
4617,19950643,1995-07-18 19:00:00,19.54369,-44.94115,4.73184,JJA,SAt,100217.62191941019,27.838228310947272,intensification
4618,19950643,1995-07-18 20:00:00,20.93679,-44.51678,4.73743,JJA,SAt,119739.73418934848,33.261037274819024,intensification
4619,19950643,1995-07-18 21:00:00,22.16126,-44.24243,4.75333,JJA,SAt,101981.39549302528,28.328165414729245,intensification
4620,19950643,1995-07-18 22:00:00,23.89287,-44.34362,4.73646,JJA,SAt,138276.43959790832,38.41012211053009,intensification
4621,19950643,1995-07-18 23:00:00,24.90271,-44.15756,4.70118,JJA,SAt,83049.79079537629,23.06938633204897,intensification
4622,19950643,1995-07-19 00:00:00,25.99045,-43.95885,4.82079,JJA,SAt,89683.40269338645,24.912056303718458,intensification
4623,19950643,1995-07-19 01:00:00,27.11586,-43.73413,4.83126,JJA,SAt,93645.24283670235,26.01256745463954,intensification
4624,19950643,1995-07-19 02:00:00,28.26672,-43.54235,4.92654,JJA,SAt,95035.87625763522,26.39885451600978,intensification
4625,19950643,1995-07-19 03:00:00,29.38102,-43.38309,5.01807,JJA,SAt,91658.971156595,25.46082532127639,intensification
4626,19950643,1995-07-19 04:00:00,30.59707,-43.03441,4.87519,JJA,SAt,105906.82887743488,29.418563577065242,intensification
4627,19950643,1995-07-19 05:00:00,31.7419,-42.85088,5.04859,JJA,SAt,95395.3688607991,26.498713572444196,intensification
4628,19950643,1995-07-19 06:00:00,32.9403,-42.59733,5.01429,JJA,SAt,101871.8379709107,28.297732769697415,intensification
4629,19950643,1995-07-19 07:00:00,34.03299,-42.47756,5.0651,JJA,SAt,90511.30306717253,25.142028629770145,intensification
4630,19950643,1995-07-19 08:00:00,35.08363,-42.32462,5.25472,JJA,SAt,87928.88948927344,24.424691524798178,intensification
4631,19950643,1995-07-19 09:00:00,36.21235,-42.10103,5.12719,JJA,SAt,96224.58837313461,26.729052325870725,intensification
4632,19950643,1995-07-19 10:00:00,37.15702,-41.77472,5.00906,JJA,SAt,86150.87947039606,23.930799852887795,intensification
4633,19950643,1995-07-19 11:00:00,38.28545,-41.67345,4.93307,JJA,SAt,94323.85201383683,26.201070003843565,intensification
4634,19950643,1995-07-19 12:00:00,39.42094,-41.57903,4.93696,JJA,SAt,94960.72725356158,26.377979792655992,intensification
4635,19950643,1995-07-19 13:00:00,40.45795,-41.48332,4.90592,JJA,SAt,86973.84107023664,24.159400297287956,intensification
4636,19950643,1995-07-19 14:00:00,41.5156,-41.3984,4.95274,JJA,SAt,88665.35877417606,24.629266326160014,intensification
4637,19950643,1995-07-19 15:00:00,42.57471,-41.3238,4.97094,JJA,SAt,88779.61451653067,24.66100403236963,intensification
4638,19950643,1995-07-19 16:00:00,43.55624,-41.22724,4.93084,JJA,SAt,82724.00587146779,22.978890519852165,intensification
4639,19950643,1995-07-19 17:00:00,44.60935,-41.17602,4.88807,JJA,SAt,88289.42872918161,24.52484131366156,intensification
4640,19950643,1995-07-19 18:00:00,45.57673,-41.11077,4.92019,JJA,SAt,81329.50137648209,22.591528160133915,intensification
4641,19950643,1995-07-19 19:00:00,46.64458,-41.0782,4.86932,JJA,SAt,89558.07510628333,24.877243085078703,intensification
4642,19950643,1995-07-19 20:00:00,47.62362,-41.05989,4.744,JJA,SAt,82099.721670858,22.805478241905,intensification
4643,19950643,1995-07-19 21:00:00,48.57977,-40.93442,4.73479,JJA,SAt,81446.9503305878,22.624152869607723,intensification
4644,19950643,1995-07-19 22:00:00,50.06117,-40.82478,5.05004,JJA,SAt,125139.6279190229,34.76100775528414,intensification
4645,19950643,1995-07-19 23:00:00,50.9586,-40.73854,5.10778,JJA,SAt,76166.9740460185,21.157492790560696,intensification
4646,19950643,1995-07-20 00:00:00,51.95157,-40.62878,5.13562,JJA,SAt,84613.0680759833,23.503630021106474,intensification
4647,19950643,1995-07-20 01:00:00,53.09571,-40.47947,5.05568,JJA,SAt,98077.52178485911,27.243756051349752,intensification
4648,19950643,1995-07-20 02:00:00,54.24736,-40.37174,4.99201,JJA,SAt,98216.35286185506,27.282320239404186,intensification
4649,19950643,1995-07-20 03:00:00,55.52347,-40.26279,5.1877,JJA,SAt,108867.97561011183,30.241104336142175,intensification
4650,19950643,1995-07-20 04:00:00,56.68193,-40.19215,5.21198,JJA,SAt,98661.01085947952,27.40583634985542,intensification
4651,19950643,1995-07-20 05:00:00,57.98553,-40.04532,5.21553,JJA,SAt,112042.670333632,31.122963981564446,intensification
4652,19950643,1995-07-20 06:00:00,59.4225,-39.94804,5.29777,JJA,SAt,122883.24799174024,34.13423555326118,intensification
4653,19950643,1995-07-20 07:00:00,60.93683,-39.88951,5.25949,JJA,SAt,129306.83438997596,35.91856510832665,intensification
4654,19950643,1995-07-20 08:00:00,62.59827,-39.86799,5.2378,JJA,SAt,141791.21800644774,39.38644944623548,intensification
4655,19950643,1995-07-20 09:00:00,63.88617,-39.9821,5.41008,JJA,SAt,110553.68235252106,30.70935620903363,intensification
4656,19950643,1995-07-20 10:00:00,64.90694,-40.06599,6.50602,JJA,SAt,87417.56607402962,24.282657242786005,intensification
4657,19950643,1995-07-20 11:00:00,66.08459,-40.16183,6.73609,JJA,SAt,100709.79656562941,27.974943490452613,intensification
4658,19950643,1995-07-20 12:00:00,67.03047,-40.31333,6.76093,JJA,SAt,82037.20164375335,22.78811156770926,mature
4659,19950643,1995-07-20 13:00:00,67.90616,-40.34018,6.75651,JJA,SAt,74293.15572140786,20.636987700391074,mature
4660,19950643,1995-07-20 14:00:00,68.87386,-40.46142,6.75906,JJA,SAt,83044.31521772422,23.067865338256727,mature
4661,19950643,1995-07-20 15:00:00,69.76815,-40.52321,6.75583,JJA,SAt,75935.06834437425,21.093074540103956,mature
4662,19950643,1995-07-20 16:00:00,70.68661,-40.62161,6.92067,JJA,SAt,78342.48722484564,21.761802006901565,mature
4663,19950643,1995-07-20 17:00:00,71.49566,-40.71446,7.08771,JJA,SAt,69012.67676323121,19.17018798978645,mature
4664,19950643,1995-07-20 18:00:00,72.3466,-40.74751,7.20667,JJA,SAt,71795.38803340872,19.94316334261353,mature
4665,19950643,1995-07-20 19:00:00,73.15354,-40.84085,7.45197,JJA,SAt,68717.4920274841,19.088192229856695,mature
4666,19950643,1995-07-20 20:00:00,73.95727,-40.86757,7.58926,JJA,SAt,67663.01507218968,18.795281964497132,mature
4667,19950643,1995-07-20 21:00:00,74.79608,-40.88584,7.58708,JJA,SAt,70553.43002793519,19.598175007759775,decay
4668,19950643,1995-07-20 22:00:00,75.86494,-41.0199,7.81009,JJA,SAt,90991.57765929072,25.275438238691866,decay
4669,19950643,1995-07-20 23:00:00,76.61083,-41.06473,8.04483,JJA,SAt,62752.99005067066,17.431386125186293,decay
4670,19950643,1995-07-21 00:00:00,77.3698,-41.14967,8.21269,JJA,SAt,64286.43951747786,17.857344310410518,decay
4671,19950643,1995-07-21 01:00:00,78.1329,-41.19181,8.26818,JJA,SAt,64044.608363769956,17.7901689899361,decay
4672,19950643,1995-07-21 02:00:00,78.87815,-41.24882,8.28185,JJA,SAt,62653.19009586505,17.40366391551807,decay
4673,19950643,1995-07-21 03:00:00,79.60077,-41.2732,8.298,JJA,SAt,60462.12364358346,16.79503434543985,decay
4674,19950643,1995-07-21 04:00:00,80.3949,-41.35113,8.15354,JJA,SAt,66890.18324283163,18.580606456342117,decay
4675,19950643,1995-07-21 05:00:00,81.15198,-41.44358,8.16921,JJA,SAt,63980.637014749576,17.772399170763773,decay
4676,19950643,1995-07-21 06:00:00,81.92857,-41.5284,8.05914,JJA,SAt,65372.26452164388,18.1589623671233,decay
4677,19950643,1995-07-21 07:00:00,82.6995,-41.62244,7.95415,JJA,SAt,64975.089927331355,18.048636090925378,decay
4678,19950643,1995-07-21 08:00:00,83.4602,-41.70247,7.92655,JJA,SAt,63815.36559761569,17.726490443782136,decay
4679,19950643,1995-07-21 09:00:00,84.18565,-41.80534,7.84652,JJA,SAt,61255.434061645,17.015398350456945,decay
4680,19950643,1995-07-21 10:00:00,85.13798,-42.1106,7.57578,JJA,SAt,85750.25578935372,23.819515497042698,decay
4681,19950643,1995-07-21 11:00:00,85.88806,-42.38436,7.45899,JJA,SAt,68836.62872009214,19.121285755581148,decay
4682,19950643,1995-07-21 12:00:00,86.61477,-42.64054,7.42364,JJA,SAt,66025.72146740215,18.340478185389486,decay
4683,19950643,1995-07-21 13:00:00,87.3393,-42.93495,7.28381,JJA,SAt,67581.88767550651,18.77274657652959,decay
4684,19950643,1995-07-21 14:00:00,88.03086,-43.13876,7.17527,JJA,SAt,60602.59738561327,16.83405482933702,decay
4685,19950643,1995-07-21 15:00:00,88.73081,-43.3024,7.1829,JJA,SAt,59564.32559542922,16.54564599873034,decay
4686,19950643,1995-07-21 16:00:00,89.44119,-43.36292,7.03839,JJA,SAt,57849.00661715252,16.069168504764587,decay
4687,19950643,1995-07-21 17:00:00,90.15544,-43.40231,6.927,JJA,SAt,57887.66539981094,16.07990705550304,intensification 2
4688,19950643,1995-07-21 18:00:00,90.87632,-43.59593,6.84394,JJA,SAt,62003.26509380555,17.223129192723764,intensification 2
4689,19950643,1995-07-21 19:00:00,91.60394,-43.88697,6.70744,JJA,SAt,66813.4761616204,18.559298933783445,intensification 2
4690,19950644,1995-07-18 10:00:00,-17.60294,-39.39326,1.6153,JJA,SAt,,,decay
4691,19950644,1995-07-18 11:00:00,-16.16779,-39.87511,1.71793,JJA,SAt,134068.36994337864,37.24121387316073,decay
4692,19950644,1995-07-18 12:00:00,-14.96945,-40.2527,1.76192,JJA,SAt,110283.14483326823,30.634206898130063,decay
4693,19950644,1995-07-18 13:00:00,-13.85556,-40.52412,1.82844,JJA,SAt,99048.83373758588,27.51356492710719,incipient
4694,19950644,1995-07-18 14:00:00,-12.69019,-40.63168,1.89596,JJA,SAt,99144.76320276497,27.540212000768047,incipient
4695,19950644,1995-07-18 15:00:00,-11.23023,-40.69069,1.851,JJA,SAt,123320.7561990262,34.25576561084061,incipient
4696,19950644,1995-07-18 16:00:00,-9.66461,-40.7663,1.85531,JJA,SAt,132192.4112586292,36.72011423850811,incipient
4697,19950644,1995-07-18 17:00:00,-8.0571,-40.74939,1.81311,JJA,SAt,135407.81094642534,37.61328081845148,incipient
4698,19950644,1995-07-18 18:00:00,-6.6333,-40.83027,1.88096,JJA,SAt,120201.05419694603,33.389181721373895,intensification
4699,19950644,1995-07-18 19:00:00,-5.07541,-40.90241,1.93585,JJA,SAt,131246.4947829214,36.45735966192261,intensification
4700,19950644,1995-07-18 20:00:00,-3.7121,-40.99536,2.04834,JJA,SAt,114961.99680211428,31.933888000587302,intensification
4701,19950644,1995-07-18 21:00:00,-2.43539,-41.13054,2.29943,JJA,SAt,108088.34064987327,30.02453906940924,intensification
4702,19950644,1995-07-18 22:00:00,-0.2525,-41.04458,2.14015,JJA,SAt,183189.2456382464,50.88590156617955,intensification
4703,19950644,1995-07-18 23:00:00,1.00357,-41.18782,2.39911,JJA,SAt,106420.99371259047,29.56138714238624,intensification
4704,19950644,1995-07-19 00:00:00,2.26396,-41.37877,2.632,JJA,SAt,107433.98380613897,29.842773279483048,intensification
4705,19950644,1995-07-19 01:00:00,3.60311,-41.3989,2.76002,JJA,SAt,111737.20689704546,31.03811302695707,intensification
4706,19950644,1995-07-19 02:00:00,4.81841,-41.62767,2.98533,JJA,SAt,104337.09286818278,28.98252579671744,intensification
4707,19950644,1995-07-19 03:00:00,5.98725,-41.73929,3.02192,JJA,SAt,97854.45983123932,27.181794397566478,intensification
4708,19950644,1995-07-19 04:00:00,7.08943,-42.0268,3.19558,JJA,SAt,96682.48002835539,26.856244452320944,intensification
4709,19950644,1995-07-19 05:00:00,8.20463,-42.18979,3.2112,JJA,SAt,93763.97855883029,26.04554959967508,intensification
4710,19950644,1995-07-19 06:00:00,9.3386,-42.48082,3.30945,JJA,SAt,98666.09024974522,27.407247291595894,intensification
4711,19950644,1995-07-19 07:00:00,10.6251,-42.46191,3.2768,JJA,SAt,105537.57199892914,29.315992221924763,intensification
4712,19950644,1995-07-19 08:00:00,11.79279,-42.6519,3.3159,JJA,SAt,97946.47994400232,27.207355540000645,intensification
4713,19950644,1995-07-19 09:00:00,13.01277,-42.82887,3.34881,JJA,SAt,101554.2985118395,28.20952736439986,intensification
4714,19950644,1995-07-19 10:00:00,14.5844,-42.88288,2.97684,JJA,SAt,128247.78404816013,35.62438445782226,intensification
4715,19950644,1995-07-19 11:00:00,15.84515,-43.01016,3.12333,JJA,SAt,103587.4456402969,28.774290455638027,intensification
4716,19950644,1995-07-19 12:00:00,17.06289,-43.06366,3.44879,JJA,SAt,99148.43084096434,27.54123078915676,intensification
4717,19950644,1995-07-19 13:00:00,18.12583,-43.24858,3.70571,JJA,SAt,88638.68988228089,24.62185830063358,intensification
4718,19950644,1995-07-19 14:00:00,19.23472,-43.41262,3.87389,JJA,SAt,91526.69386128901,25.424081628135834,intensification
4719,19950644,1995-07-19 15:00:00,20.2872,-43.52814,4.1403,JJA,SAt,85897.89202731231,23.860525563142307,intensification
4720,19950644,1995-07-19 16:00:00,21.3846,-43.64914,4.36837,JJA,SAt,89401.63400742073,24.833787224283533,intensification
4721,19950644,1995-07-19 17:00:00,22.48178,-43.74157,4.39903,JJA,SAt,88805.62887511424,24.66823024308729,intensification
4722,19950644,1995-07-19 18:00:00,23.63434,-43.807,4.59,JJA,SAt,92824.67156440347,25.784630990112074,intensification
4723,19950644,1995-07-19 19:00:00,24.69302,-43.9575,4.67791,JJA,SAt,86482.49016634205,24.022913935095012,intensification
4724,19950644,1995-07-19 20:00:00,25.78964,-44.05424,4.77532,JJA,SAt,88363.23702788107,24.545343618855853,intensification
4725,19950644,1995-07-19 21:00:00,26.82341,-44.26076,4.96539,JJA,SAt,85605.28365338432,23.779245459273422,intensification
4726,19950644,1995-07-19 22:00:00,27.62231,-45.1371,5.50686,JJA,SAt,116113.37267228772,32.25371463119103,intensification
4727,19950644,1995-07-19 23:00:00,28.43372,-45.50183,5.54129,JJA,SAt,75296.63965387474,20.91573323718743,intensification
4728,19950644,1995-07-20 00:00:00,29.36396,-45.66139,5.68452,JJA,SAt,74537.47484587492,20.704854123854144,intensification
4729,19950644,1995-07-20 01:00:00,30.39014,-45.76254,5.82639,JJA,SAt,80465.79788101422,22.35161052250395,intensification
4730,19950644,1995-07-20 02:00:00,31.27543,-45.91529,5.93896,JJA,SAt,70652.48420571367,19.625690057142688,intensification
4731,19950644,1995-07-20 03:00:00,32.27002,-46.04912,6.01565,JJA,SAt,78276.40913298038,21.74344698138344,intensification
4732,19950644,1995-07-20 04:00:00,33.25512,-46.20303,6.04069,JJA,SAt,77822.63001704992,21.61739722695831,intensification
4733,19950644,1995-07-20 05:00:00,34.23988,-46.31036,6.07486,JJA,SAt,76646.09568420886,21.29058213450246,intensification
4734,19950644,1995-07-20 06:00:00,34.97965,-46.58207,6.15313,JJA,SAt,64228.47116494594,17.841241990262763,intensification
4735,19950644,1995-07-20 07:00:00,35.79398,-46.84046,6.1456,JJA,SAt,68412.7972021546,19.003554778376277,intensification
4736,19950644,1995-07-20 08:00:00,36.55607,-47.12498,6.09111,JJA,SAt,65901.80255999207,18.306056266664463,intensification
4737,19950644,1995-07-20 09:00:00,37.08638,-47.52416,6.07107,JJA,SAt,59731.41041779208,16.592058449386688,intensification
4738,19950644,1995-07-20 10:00:00,38.16615,-47.74648,5.74811,JJA,SAt,84597.17744649758,23.499215957360438,intensification
4739,19950644,1995-07-20 11:00:00,38.94546,-48.00608,5.65594,JJA,SAt,64895.73038722811,18.02659177423003,intensification
4740,19950644,1995-07-20 12:00:00,39.65329,-48.27458,5.54002,JJA,SAt,60414.3185064987,16.781755140694084,mature
4741,19950644,1995-07-20 13:00:00,40.41462,-48.48948,5.31664,JJA,SAt,61092.14326723586,16.970039796454405,mature
4742,19950644,1995-07-20 14:00:00,41.16183,-48.71044,5.06734,JJA,SAt,60188.644965748375,16.719068046041215,mature
4743,19950644,1995-07-20 15:00:00,41.48018,-48.99545,4.97979,JJA,SAt,39330.51357596536,10.925142659990376,mature
4744,19950644,1995-07-20 16:00:00,41.64314,-49.26973,4.77243,JJA,SAt,32722.09135693412,9.089469821370589,mature
4745,19950644,1995-07-20 17:00:00,41.3461,-49.5909,4.59244,JJA,SAt,41675.27240813503,11.576464557815287,mature
4746,19950644,1995-07-20 18:00:00,41.08092,-49.8719,4.65647,JJA,SAt,36599.95723334022,10.166654787038949,mature
4747,19950644,1995-07-20 19:00:00,41.18372,-50.06782,4.71687,JJA,SAt,22992.517993282047,6.3868105536894575,mature
4748,19950644,1995-07-20 20:00:00,41.60681,-50.21908,4.66872,JJA,SAt,34523.98993802244,9.589997205006233,mature
4749,19950644,1995-07-20 21:00:00,42.32721,-50.37207,4.64762,JJA,SAt,53926.51007553229,14.979586132092303,decay
4750,19950644,1995-07-20 22:00:00,42.18302,-50.69335,4.95324,JJA,SAt,37149.96174830459,10.319433818973497,decay
4751,19950644,1995-07-20 23:00:00,42.81717,-50.78082,4.80944,JJA,SAt,45674.55729250199,12.687377025694996,decay
4752,19950644,1995-07-21 00:00:00,43.59412,-50.88903,4.75448,JJA,SAt,55872.798756008524,15.520221876669034,decay
4753,19950644,1995-07-21 01:00:00,44.35503,-50.98223,4.63332,JJA,SAt,54317.810304189086,15.088280640052524,decay
4754,19950644,1995-07-21 02:00:00,45.24131,-51.02939,4.57495,JJA,SAt,62232.692849759704,17.28685912493325,decay
4755,19950644,1995-07-21 03:00:00,46.10317,-51.07487,4.45962,JJA,SAt,60454.41740328638,16.792893723135105,decay
4756,19950644,1995-07-21 04:00:00,46.97277,-51.08541,4.40006,JJA,SAt,60758.07338706812,16.877242607518923,decay
4757,19950644,1995-07-21 05:00:00,47.78805,-51.05083,4.21244,JJA,SAt,57096.643104036266,15.860178640010075,decay
4758,19950644,1995-07-21 06:00:00,48.69002,-51.0012,4.02346,JJA,SAt,63322.58826510741,17.589607851418727,decay
4759,19950644,1995-07-21 07:00:00,49.55327,-50.92229,3.83972,JJA,SAt,61090.76820625164,16.9696578350699,decay
4760,19950644,1995-07-21 08:00:00,50.43545,-50.86443,3.68659,JJA,SAt,62207.597493504785,17.279888192640218,decay
4761,19950644,1995-07-21 09:00:00,51.30288,-50.81611,3.52657,JJA,SAt,61145.336334488056,16.984815648468903,decay
4762,19950644,1995-07-21 10:00:00,52.44187,-50.84322,3.65605,JJA,SAt,80051.72327681117,22.236589799114213,decay
4763,19950644,1995-07-21 11:00:00,53.28647,-50.81918,3.43002,JJA,SAt,59377.5006156061,16.493750171001693,decay
4764,19950644,1995-07-21 12:00:00,54.11502,-50.72906,3.15212,JJA,SAt,59116.71308973967,16.421309191594354,decay
4765,19950644,1995-07-21 13:00:00,54.881,-50.56361,2.81324,JJA,SAt,57055.85464556499,15.848848512656943,decay
4766,19950644,1995-07-21 14:00:00,55.59293,-50.33447,2.54974,JJA,SAt,56481.36893555794,15.689269148766094,decay
4767,19950644,1995-07-21 15:00:00,56.2491,-50.08875,2.3024,JJA,SAt,54099.28108828856,15.027578080080156,decay
4768,19950644,1995-07-21 16:00:00,56.91995,-49.86194,2.06085,JJA,SAt,54198.51352311168,15.0551426453088,decay
4769,19950644,1995-07-21 17:00:00,57.50054,-49.62924,1.78883,JJA,SAt,49089.579845572036,13.635994401547787,intensification 2
4770,19950644,1995-07-21 18:00:00,58.06215,-49.39046,1.55097,JJA,SAt,48467.9793672586,13.463327602016278,intensification 2
4771,19950644,1995-07-21 19:00:00,58.59207,-49.14695,1.35701,JJA,SAt,47026.33159656552,13.062869887934866,intensification 2
4772,19950644,1995-07-21 20:00:00,59.06002,-48.96262,1.15158,JJA,SAt,39785.511408490296,11.05153094680286,intensification 2
4773,19950645,1995-07-18 13:00:00,-103.90634,-39.70082,2.71413,JJA,SAt,,,incipient
4774,19950645,1995-07-18 14:00:00,-103.53909,-39.55882,2.88195,JJA,SAt,35192.38934421073,9.775663706725203,incipient
4775,19950645,1995-07-18 15:00:00,-103.31021,-39.48662,3.14622,JJA,SAt,21209.80569563182,5.891612693231061,incipient
4776,19950645,1995-07-18 16:00:00,-103.13238,-39.52782,3.45223,JJA,SAt,15929.369693068174,4.424824914741159,incipient
4777,19950645,1995-07-18 17:00:00,-103.0162,-39.69549,3.62181,JJA,SAt,21134.095309411096,5.870582030391971,incipient
4778,19950645,1995-07-18 18:00:00,-102.92682,-39.93908,3.80916,JJA,SAt,28141.17825580648,7.816993959946244,intensification
4779,19950645,1995-07-18 19:00:00,-102.83731,-40.04543,3.94642,JJA,SAt,14070.920702496638,3.908589084026844,intensification
4780,19950645,1995-07-18 20:00:00,-102.66904,-40.11359,4.07616,JJA,SAt,16198.979737573662,4.4997165937704615,intensification
4781,19950645,1995-07-18 21:00:00,-102.42944,-40.21623,4.31284,JJA,SAt,23340.536069066504,6.483482241407362,intensification
4782,19950645,1995-07-18 22:00:00,-101.99716,-40.2429,3.94131,JJA,SAt,36817.27632251386,10.227021200698296,intensification
4783,19950645,1995-07-18 23:00:00,-101.79907,-40.38831,3.96163,JJA,SAt,23313.270178557934,6.47590838293276,intensification
4784,19950645,1995-07-19 00:00:00,-101.68973,-40.59734,4.10923,JJA,SAt,25014.62295866539,6.948506377407052,intensification
4785,19950645,1995-07-19 01:00:00,-101.66507,-40.8142,4.13728,JJA,SAt,24203.193777282708,6.72310938257853,intensification
4786,19950645,1995-07-19 02:00:00,-101.60965,-41.06716,4.22061,JJA,SAt,28510.49653919568,7.9195823719988,intensification
4787,19950645,1995-07-19 03:00:00,-101.52087,-41.27902,4.37016,JJA,SAt,24701.949889306255,6.861652747029515,intensification
4788,19950645,1995-07-19 04:00:00,-101.45575,-41.49021,4.44085,JJA,SAt,24103.541805554105,6.695428279320585,intensification
4789,19950645,1995-07-19 05:00:00,-101.35629,-41.71835,4.59055,JJA,SAt,26681.92931377256,7.411647031603489,intensification
4790,19950645,1995-07-19 06:00:00,-101.14313,-41.92627,4.83258,JJA,SAt,29094.89992937416,8.081916647048379,intensification
4791,19950645,1995-07-19 07:00:00,-101.02255,-42.06465,5.01061,JJA,SAt,18331.959326844084,5.092210924123357,intensification
4792,19950645,1995-07-19 08:00:00,-100.76321,-42.11933,5.23093,JJA,SAt,22246.304400239147,6.17952900006643,intensification
4793,19950645,1995-07-19 09:00:00,-100.49689,-42.29998,5.30396,JJA,SAt,29742.58651822812,8.261829588396699,intensification
4794,19950645,1995-07-19 10:00:00,-100.29596,-42.4078,5.28546,JJA,SAt,20404.66299893395,5.6679619441483196,intensification
4795,19950645,1995-07-19 11:00:00,-99.89737,-42.44023,5.2611,JJA,SAt,32914.832795858994,9.143009109960833,intensification
4796,19950645,1995-07-19 12:00:00,-99.52985,-42.39787,5.22105,JJA,SAt,30534.32122529122,8.481755895914228,intensification
4797,19950645,1995-07-19 13:00:00,-99.07138,-42.37402,5.42611,JJA,SAt,37747.82461393307,10.485506837203632,intensification
4798,19950645,1995-07-19 14:00:00,-98.65301,-42.34219,5.62525,JJA,SAt,34558.06407455971,9.599462242933253,intensification
4799,19950645,1995-07-19 15:00:00,-98.13516,-42.32495,5.8644,JJA,SAt,42610.07907758413,11.836133077106703,intensification
4800,19950645,1995-07-19 16:00:00,-97.60519,-42.41925,6.00575,JJA,SAt,44781.40610084374,12.439279472456596,intensification
4801,19950645,1995-07-19 17:00:00,-97.12826,-42.51138,6.04703,JJA,SAt,40440.18844162572,11.233385678229368,intensification
4802,19950645,1995-07-19 18:00:00,-96.61145,-42.64372,6.02571,JJA,SAt,44801.91026265522,12.444975072959783,intensification
4803,19950645,1995-07-19 19:00:00,-96.03519,-42.77589,6.06483,JJA,SAt,49324.15525744648,13.701154238179578,intensification
4804,19950645,1995-07-19 20:00:00,-95.39139,-42.97475,6.19685,JJA,SAt,56931.286842639594,15.814246345177665,intensification
4805,19950645,1995-07-19 21:00:00,-94.68179,-43.18404,6.23924,JJA,SAt,62153.16822325819,17.26476895090505,intensification
4806,19950645,1995-07-19 22:00:00,-93.53235,-43.48198,5.79025,JJA,SAt,98693.12911639531,27.414758087887588,intensification
4807,19950645,1995-07-19 23:00:00,-92.65771,-43.83189,5.75418,JJA,SAt,80403.49073823733,22.334302982843703,intensification
4808,19950645,1995-07-20 00:00:00,-91.6601,-44.25394,5.76396,JJA,SAt,92522.4197873607,25.70067216315575,intensification
4809,19950645,1995-07-20 01:00:00,-90.63571,-44.75298,5.81975,JJA,SAt,98381.0665001268,27.328074027813003,intensification
4810,19950645,1995-07-20 02:00:00,-89.61151,-45.32954,6.02304,JJA,SAt,102886.05092417977,28.579458590049935,intensification
4811,19950645,1995-07-20 03:00:00,-88.59558,-45.88711,6.32755,JJA,SAt,100443.11402208942,27.900865006135948,intensification
4812,19950645,1995-07-20 04:00:00,-87.67831,-46.34396,6.75006,JJA,SAt,87060.35857928563,24.183432938690455,intensification
4813,19950645,1995-07-20 05:00:00,-86.83929,-46.76619,7.13981,JJA,SAt,79498.5748170969,22.082937449193583,intensification
4814,19950645,1995-07-20 06:00:00,-86.00494,-47.22506,7.64182,JJA,SAt,81286.09857789277,22.579471827192435,intensification
4815,19950645,1995-07-20 07:00:00,-85.20111,-47.64024,8.12406,JJA,SAt,76072.10206163037,21.131139461563993,intensification
4816,19950645,1995-07-20 08:00:00,-84.42197,-48.02083,8.54375,JJA,SAt,71927.84089610854,19.979955804474592,intensification
4817,19950645,1995-07-20 09:00:00,-83.66891,-48.35694,8.81023,JJA,SAt,67180.28521415134,18.661190337264262,intensification
4818,19950645,1995-07-20 10:00:00,-82.91553,-48.45908,9.06754,JJA,SAt,56757.463153674384,15.765961987131773,intensification
4819,19950645,1995-07-20 11:00:00,-82.22607,-48.70572,8.88081,JJA,SAt,57656.75162629301,16.015764340636945,intensification
4820,19950645,1995-07-20 12:00:00,-81.44919,-49.0292,8.47424,JJA,SAt,67251.37592382503,18.680937756618064,mature
4821,19950645,1995-07-20 13:00:00,-80.60175,-49.43908,8.06958,JJA,SAt,76570.61146190441,21.269614294973447,mature
4822,19950645,1995-07-20 14:00:00,-79.69736,-49.85861,7.66987,JJA,SAt,80097.57022324407,22.24932506201224,mature
4823,19950645,1995-07-20 15:00:00,-78.70352,-50.26221,7.43332,JJA,SAt,83947.05560812667,23.318626557812962,mature
4824,19950645,1995-07-20 16:00:00,-77.92346,-50.56855,7.28735,JJA,SAt,64924.49992656952,18.03458331293598,mature
4825,19950645,1995-07-20 17:00:00,-77.20508,-50.82757,7.04149,JJA,SAt,58219.66372061372,16.17212881128159,mature
4826,19950645,1995-07-20 18:00:00,-76.33856,-51.12844,6.95821,JJA,SAt,69278.19433189971,19.24394286997214,mature
4827,19950645,1995-07-20 19:00:00,-75.40729,-51.38461,6.53801,JJA,SAt,70789.94464222927,19.66387351173035,mature
4828,19950645,1995-07-20 20:00:00,-74.28055,-51.61407,6.09073,JJA,SAt,82061.04117580879,22.794733659946885,mature
4829,19950645,1995-07-20 21:00:00,-72.12656,-51.94403,5.75666,JJA,SAt,152653.8868865416,42.40385746848377,decay
4830,19950645,1995-07-20 22:00:00,-69.81513,-52.10045,5.59669,JJA,SAt,159105.0689955771,44.195852498771416,decay
4831,19950645,1995-07-20 23:00:00,-67.55692,-52.2478,5.67009,JJA,SAt,154854.4467225185,43.015124089588475,decay
4832,19950645,1995-07-21 00:00:00,-65.84164,-52.35917,5.82533,JJA,SAt,117280.60803458898,32.57794667627471,decay
4833,19950645,1995-07-21 01:00:00,-64.31616,-52.4016,5.97715,JJA,SAt,103647.91433846563,28.791087316240453,decay
4834,19950645,1995-07-21 02:00:00,-63.01914,-52.42667,6.16282,JJA,SAt,88011.2898775927,24.44758052155353,decay
4835,19950645,1995-07-21 03:00:00,-62.08157,-52.46292,6.4081,JJA,SAt,63672.23681892384,17.68673244970107,decay
4836,19950645,1995-07-21 04:00:00,-61.27698,-52.42831,6.50508,JJA,SAt,54666.41905525978,15.185116404238828,decay
4837,19950645,1995-07-21 05:00:00,-60.52182,-52.40509,6.5738,JJA,SAt,51279.352381417535,14.24426455039376,decay
4838,19950645,1995-07-21 06:00:00,-59.91162,-52.37105,6.6289,JJA,SAt,41582.799044662344,11.550777512406206,decay
4839,19950645,1995-07-21 07:00:00,-59.22308,-52.34644,6.60157,JJA,SAt,46837.590150620796,13.010441708505777,decay
4840,19950645,1995-07-21 08:00:00,-58.48618,-52.36613,6.49612,JJA,SAt,50092.25595601174,13.914515543336593,decay
4841,19950645,1995-07-21 09:00:00,-57.45029,-52.42806,6.28311,JJA,SAt,70620.65864283982,19.61684962301106,decay
4842,19950645,1995-07-21 10:00:00,-56.58505,-52.56121,6.41471,JJA,SAt,60418.082456805416,16.78280068244595,decay
4843,19950645,1995-07-21 11:00:00,-55.16205,-52.74007,6.11406,JJA,SAt,98031.16207453115,27.23087835403643,decay
4844,19950645,1995-07-21 12:00:00,-53.70252,-52.945,5.95237,JJA,SAt,100637.7103389929,27.954919538609136,decay
4845,19950645,1995-07-21 13:00:00,-52.3793,-53.13324,5.94472,JJA,SAt,90909.11357855896,25.25253154959971,decay
4846,19950645,1995-07-21 14:00:00,-51.24133,-53.29342,5.99687,JJA,SAt,77839.10880900235,21.621974669167322,decay
4847,19950645,1995-07-21 15:00:00,-50.07544,-53.39921,6.06217,JJA,SAt,78280.77524585814,21.74465979051615,decay
4848,19950645,1995-07-21 16:00:00,-48.72876,-53.46594,6.07952,JJA,SAt,89519.53858355663,24.866538495432398,decay
4849,19950645,1995-07-21 17:00:00,-47.15094,-53.4959,5.96235,JJA,SAt,104457.13384521534,29.015870512559818,intensification 2
4850,19950645,1995-07-21 18:00:00,-45.07672,-53.48987,5.85928,JJA,SAt,137211.5707758229,38.11432521550636,intensification 2
4851,19950645,1995-07-21 19:00:00,-42.74439,-53.46912,5.86052,JJA,SAt,154348.45817551293,42.87457171542026,intensification 2
4852,19950645,1995-07-21 20:00:00,-40.66229,-53.46304,5.87777,JJA,SAt,137819.86208944756,38.283295024846545,intensification 2
4853,19950645,1995-07-21 21:00:00,-38.73688,-53.4825,5.89149,JJA,SAt,127445.5274432474,35.401535400902056,intensification 2
4854,19950645,1995-07-21 22:00:00,-37.70953,-53.16367,5.84179,JJA,SAt,76892.97020986397,21.35915839162888,intensification 2
4855,19950645,1995-07-21 23:00:00,-35.98215,-53.09549,5.64904,JJA,SAt,115493.35865496706,32.081488515268624,intensification 2
4856,19950645,1995-07-22 00:00:00,-34.06073,-53.0677,5.45769,JJA,SAt,128369.47955186869,35.65818876440797,intensification 2
4857,19950645,1995-07-22 01:00:00,-31.91931,-53.10173,5.34883,JJA,SAt,143064.7968372866,39.74022134369072,intensification 2
4858,19950645,1995-07-22 02:00:00,-29.83554,-53.18477,5.3127,JJA,SAt,139281.87505967147,38.68940973879763,intensification 2
4859,19950645,1995-07-22 03:00:00,-27.89871,-53.26074,5.27387,JJA,SAt,129213.23182064631,35.892564394623975,intensification 2
4860,19950645,1995-07-22 04:00:00,-26.06433,-53.33238,5.27291,JJA,SAt,122166.42895791442,33.93511915497623,intensification 2
4861,19950645,1995-07-22 05:00:00,-24.55347,-53.39156,5.21753,JJA,SAt,100469.23878427803,27.908121884521677,intensification 2
4862,19950645,1995-07-22 06:00:00,-23.0333,-53.43466,5.17213,JJA,SAt,100864.07535258659,28.01779870905183,intensification 2
4863,19950645,1995-07-22 07:00:00,-21.68893,-53.45985,5.17834,JJA,SAt,89071.78676632671,24.742162990646307,intensification 2
4864,19950645,1995-07-22 08:00:00,-20.37421,-53.46937,5.22694,JJA,SAt,87035.15572724429,24.176432146456747,intensification 2
4865,19950645,1995-07-22 09:00:00,-19.15878,-53.46992,5.30583,JJA,SAt,80446.80031726642,22.346333421462894,intensification 2
4866,19950645,1995-07-22 10:00:00,-18.0524,-53.45824,5.89093,JJA,SAt,73250.2519987192,20.347292221866446,intensification 2
4867,19950645,1995-07-22 11:00:00,-16.99356,-53.49207,6.03908,JJA,SAt,70174.4081098755,19.492891141632082,intensification 2
4868,19950645,1995-07-22 12:00:00,-15.86566,-53.50708,6.08659,JJA,SAt,74619.48710206912,20.72763530613031,intensification 2
4869,19950645,1995-07-22 13:00:00,-14.80954,-53.52676,6.11949,JJA,SAt,69858.98407046965,19.40527335290824,intensification 2
4870,19950645,1995-07-22 14:00:00,-13.66895,-53.54429,6.10674,JJA,SAt,75401.35034236056,20.9448195395446,intensification 2
4871,19950645,1995-07-22 15:00:00,-12.55139,-53.58524,6.12752,JJA,SAt,73943.55234426605,20.539875651185014,intensification 2
4872,19950645,1995-07-22 16:00:00,-11.45261,-53.65941,6.18888,JJA,SAt,72932.02605644801,20.258896126791115,intensification 2
4873,19950645,1995-07-22 17:00:00,-10.3721,-53.76587,6.30451,JJA,SAt,72085.37362612944,20.023714896147066,intensification 2
4874,19950645,1995-07-22 18:00:00,-9.34607,-53.88354,6.4954,JJA,SAt,68600.88601169479,19.05580166991522,intensification 2
4875,19950645,1995-07-22 19:00:00,-8.34549,-54.00768,6.70312,JJA,SAt,66920.65407674354,18.589070576873205,intensification 2
4876,19950645,1995-07-22 20:00:00,-7.34799,-54.10728,6.9586,JJA,SAt,66040.05773300637,18.34446048139066,intensification 2
4877,19950645,1995-07-22 21:00:00,-6.3331,-54.19616,7.19201,JJA,SAt,66824.28805712583,18.562302238090506,intensification 2
4878,19950645,1995-07-22 22:00:00,-5.11514,-53.99081,7.77385,JJA,SAt,82641.43365470026,22.955953792972295,intensification 2
4879,19950645,1995-07-22 23:00:00,-4.20731,-54.03531,7.93412,JJA,SAt,59521.70759793083,16.533807666091896,intensification 2
4880,19950645,1995-07-23 00:00:00,-3.39243,-54.06443,8.01934,JJA,SAt,53293.93820185362,14.803871722737117,intensification 2
4881,19950645,1995-07-23 01:00:00,-2.56519,-54.1078,8.04979,JJA,SAt,54170.303822140384,15.047306617261217,intensification 2
4882,19950645,1995-07-23 02:00:00,-1.71692,-54.1789,8.06777,JJA,SAt,55813.26508269626,15.503684745193407,intensification 2
4883,19950645,1995-07-23 03:00:00,-0.91495,-54.24355,8.10774,JJA,SAt,52642.35529536001,14.622876470933335,intensification 2
4884,19950645,1995-07-23 04:00:00,-0.09894,-54.30303,8.21685,JJA,SAt,53393.61940420995,14.831560945613875,intensification 2
4885,19950645,1995-07-23 05:00:00,0.68539,-54.35132,8.30504,JJA,SAt,51141.555869205826,14.205987741446062,intensification 2
4886,19950645,1995-07-23 06:00:00,1.42701,-54.38639,8.42092,JJA,SAt,48198.70491936965,13.388529144269347,intensification 2
4887,19950645,1995-07-23 07:00:00,2.15164,-54.42041,8.42519,JJA,SAt,47052.93924868674,13.070260902412983,intensification 2
4888,19950645,1995-07-23 08:00:00,2.86614,-54.45962,8.46672,JJA,SAt,46408.945885729525,12.89137385714709,intensification 2
4889,19950645,1995-07-23 09:00:00,3.44937,-54.53347,8.32214,JJA,SAt,38547.806821518774,10.707724117088548,intensification 2
4890,19950645,1995-07-23 10:00:00,4.55201,-54.38424,8.17652,JJA,SAt,73175.95457906554,20.326654049740426,intensification 2
4891,19950645,1995-07-23 11:00:00,5.13603,-54.45496,8.08464,JJA,SAt,38594.57983275909,10.720716620210858,intensification 2
4892,19950645,1995-07-23 12:00:00,5.71744,-54.48922,8.08291,JJA,SAt,37760.588640686336,10.48905240019065,intensification 2
4893,19950645,1995-07-23 13:00:00,6.21528,-54.55086,8.01148,JJA,SAt,32853.26423689323,9.125906732470341,intensification 2
4894,19950645,1995-07-23 14:00:00,6.71506,-54.57792,8.02973,JJA,SAt,32360.707292207615,8.989085358946559,intensification 2
4895,19950645,1995-07-23 15:00:00,7.19005,-54.62604,7.98061,JJA,SAt,31058.46015044651,8.627350041790697,intensification 2
4896,19950645,1995-07-23 16:00:00,7.60729,-54.68726,7.94586,JJA,SAt,27688.18362512323,7.691162118089786,mature 2
4897,19950645,1995-07-23 17:00:00,7.97213,-54.80234,7.87361,JJA,SAt,26685.07878006942,7.412521883352617,mature 2
4898,19950645,1995-07-23 18:00:00,8.49646,-54.86599,7.8252,JJA,SAt,34316.95456808378,9.532487380023271,mature 2
4899,19950645,1995-07-23 19:00:00,9.00157,-54.93552,7.69464,JJA,SAt,33207.46497519477,9.224295826442992,mature 2
4900,19950645,1995-07-23 20:00:00,9.55591,-55.01537,7.61748,JJA,SAt,36473.919215207294,10.13164422644647,mature 2
4901,19950645,1995-07-23 21:00:00,9.89608,-55.11682,7.53953,JJA,SAt,24421.399710108402,6.783722141696779,mature 2
4902,19950645,1995-07-23 22:00:00,10.75237,-55.11486,7.05012,JJA,SAt,54455.50961448624,15.126530448468401,mature 2
4903,19950645,1995-07-23 23:00:00,10.958,-55.19196,7.00001,JJA,SAt,15626.376241858483,4.340660067182912,mature 2
4904,19950645,1995-07-24 00:00:00,11.23587,-55.27174,6.96639,JJA,SAt,19726.868731434995,5.479685758731943,mature 2
4905,19950645,1995-07-24 01:00:00,11.30044,-55.36622,6.93437,JJA,SAt,11272.107214227306,3.1311408928409183,mature 2
4906,19950645,1995-07-24 02:00:00,11.31828,-55.4608,6.86478,JJA,SAt,10576.943765808004,2.938039934946668,mature 2
4907,19950645,1995-07-24 03:00:00,11.33348,-55.53964,6.83282,JJA,SAt,8818.73481958883,2.449648560996897,mature 2
4908,19950645,1995-07-24 04:00:00,11.5668,-55.59795,6.75923,JJA,SAt,16038.204879864792,4.455056911073553,mature 2
4909,19950645,1995-07-24 05:00:00,11.85723,-55.62994,6.74114,JJA,SAt,18582.401473484675,5.161778187079077,mature 2
4910,19950645,1995-07-24 06:00:00,12.27904,-55.66776,6.67807,JJA,SAt,26797.745468359633,7.443818185655454,mature 2
4911,19950645,1995-07-24 07:00:00,12.70291,-55.70783,6.64246,JJA,SAt,26939.518944875937,7.483199706909983,mature 2
4912,19950645,1995-07-24 08:00:00,13.10691,-55.76434,6.6557,JJA,SAt,26060.639423615758,7.239066506559933,mature 2
4913,19950645,1995-07-24 09:00:00,13.54205,-55.87519,6.62364,JJA,SAt,29846.812462657665,8.29078123962713,mature 2
4914,19950645,1995-07-24 10:00:00,15.66441,-56.19179,6.72614,JJA,SAt,136465.49699572686,37.90708249881302,decay 2
4915,19950645,1995-07-24 11:00:00,15.80647,-56.3245,6.59181,JJA,SAt,17168.145112346912,4.768929197874142,decay 2
4916,19950645,1995-07-24 12:00:00,16.13303,-56.48136,6.62833,JJA,SAt,26607.457050971872,7.390960291936631,decay 2
4917,19950645,1995-07-24 13:00:00,16.21936,-56.54285,6.55927,JJA,SAt,8648.92582230495,2.402479395084708,decay 2
4918,19950645,1995-07-24 14:00:00,16.61318,-56.72839,6.68293,JJA,SAt,31711.87170471079,8.808853251308552,decay 2
4919,19950645,1995-07-24 15:00:00,16.82597,-56.81319,6.66064,JJA,SAt,16032.210544658032,4.453391817960564,decay 2
4920,19950645,1995-07-24 16:00:00,17.01648,-56.92719,6.68779,JJA,SAt,17167.71681753788,4.768810227093855,decay 2
4921,19950645,1995-07-24 17:00:00,17.23669,-57.10653,6.75062,JJA,SAt,23986.738099216247,6.662982805337847,decay 2
4922,19950645,1995-07-24 18:00:00,17.39856,-57.26316,6.83048,JJA,SAt,19961.953388042133,5.5449870522339255,decay 2
4923,19950645,1995-07-24 19:00:00,17.44083,-57.36722,6.75279,JJA,SAt,11846.07770779669,3.2905771410546363,decay 2
4924,19950645,1995-07-24 20:00:00,17.55197,-57.52487,6.73052,JJA,SAt,18748.819306382054,5.208005362883904,decay 2
4925,19950645,1995-07-24 21:00:00,17.57628,-57.63787,6.66017,JJA,SAt,12648.336317287438,3.513426754802066,decay 2
4926,19950645,1995-07-24 22:00:00,18.11174,-57.99146,6.56583,JJA,SAt,50513.97314490384,14.031659206917732,decay 2
4927,19950645,1995-07-24 23:00:00,18.12989,-58.09547,6.50661,JJA,SAt,11614.624275572858,3.2262845209924604,decay 2
4928,19950645,1995-07-25 00:00:00,18.09927,-58.16546,6.44749,JJA,SAt,7987.469042953805,2.2187414008205013,decay 2
4929,19950645,1995-07-25 01:00:00,18.07434,-58.24806,6.39413,JJA,SAt,9300.10781813049,2.583363282814025,decay 2
4930,19950645,1995-07-25 02:00:00,18.04583,-58.32919,6.38406,JJA,SAt,9173.868768678112,2.5482968801883645,decay 2
4931,19950645,1995-07-25 03:00:00,18.02037,-58.40429,6.36678,JJA,SAt,8481.728556106176,2.3560357100294933,decay 2
4932,19950645,1995-07-25 04:00:00,17.97807,-58.49712,6.36086,JJA,SAt,10611.56819023547,2.947657830620964,decay 2
4933,19950645,1995-07-25 05:00:00,17.95681,-58.5779,6.38458,JJA,SAt,9066.688809893723,2.5185246694149233,decay 2
4934,19950645,1995-07-25 06:00:00,17.90213,-58.6226,6.37738,JJA,SAt,5894.063298839376,1.63723980523316,decay 2
4935,19950645,1995-07-25 07:00:00,17.85129,-58.62406,6.37548,JJA,SAt,2947.858440246026,0.8188495667350072,decay 2
4936,19950645,1995-07-25 08:00:00,17.8391,-58.61382,6.35771,JJA,SAt,1339.660735605237,0.37212798211256587,decay 2
4937,19950645,1995-07-25 09:00:00,17.84431,-58.60798,6.31592,JJA,SAt,716.0592294001724,0.19890534150004788,decay 2
4938,19950645,1995-07-25 10:00:00,17.75489,-58.6278,6.09269,JJA,SAt,5627.302836082424,1.5631396766895622,decay 2
4939,19950645,1995-07-25 11:00:00,17.77389,-58.61624,5.9837,JJA,SAt,1691.8617819518158,0.46996160609772664,decay 2
4940,19950645,1995-07-25 12:00:00,17.7741,-58.61723,5.95474,JJA,SAt,110.75273358226971,0.03076464821729714,decay 2
4941,19950645,1995-07-25 13:00:00,17.73694,-58.62366,5.94754,JJA,SAt,2267.245988495793,0.6297905523599425,decay 2
4942,19950645,1995-07-25 14:00:00,17.7151,-58.69014,5.98574,JJA,SAt,7499.403532133051,2.0831676478147365,decay 2
4943,19950645,1995-07-25 15:00:00,17.7141,-58.74715,6.01315,JJA,SAt,6339.494648927323,1.7609707358131454,decay 2
4944,19950645,1995-07-25 16:00:00,17.75238,-58.79978,6.04016,JJA,SAt,6254.414603423806,1.737337389839946,decay 2
4945,19950645,1995-07-25 17:00:00,17.86488,-58.84593,6.04378,JJA,SAt,8262.68267393546,2.295189631648739,decay 2
4946,19950645,1995-07-25 18:00:00,17.9351,-58.90359,6.00147,JJA,SAt,7576.114972548801,2.104476381263556,decay 2
4947,19950645,1995-07-25 19:00:00,17.99126,-58.97383,5.96619,JJA,SAt,8448.826139687519,2.3468961499131997,decay 2
4948,19950645,1995-07-25 20:00:00,18.06326,-59.00313,5.88368,JJA,SAt,5256.29369393866,1.4600815816496278,decay 2
4949,19950645,1995-07-25 21:00:00,18.13244,-59.01125,5.83998,JJA,SAt,4062.692713806287,1.1285257538350797,decay 2
4950,19950645,1995-07-25 22:00:00,18.02174,-58.92308,5.71882,JJA,SAt,11678.566423347884,3.2440462287077456,decay 2
4951,19950645,1995-07-25 23:00:00,17.9789,-58.90599,5.61085,JJA,SAt,3108.131110033959,0.8633697527872108,decay 2
4952,19950645,1995-07-26 00:00:00,18.01428,-58.88853,5.53361,JJA,SAt,2810.5715837344214,0.780714328815117,decay 2
4953,19950645,1995-07-26 01:00:00,18.0373,-58.86393,5.45652,JJA,SAt,3038.5789502558723,0.844049708404409,decay 2
4954,19950645,1995-07-26 02:00:00,18.04402,-58.84335,5.40236,JJA,SAt,2320.802289600242,0.6446673026667339,decay 2
4955,19950645,1995-07-26 03:00:00,18.06653,-58.80656,5.3551,JJA,SAt,4291.154281636899,1.1919873004546941,decay 2
4956,19950645,1995-07-26 04:00:00,18.02754,-58.81119,5.32531,JJA,SAt,2303.5969077526656,0.639888029931296,decay 2
4957,19950645,1995-07-26 05:00:00,18.07111,-58.78072,5.28849,JJA,SAt,4216.5729416248305,1.1712702615624528,decay 2
4958,19950645,1995-07-26 06:00:00,18.08536,-58.75579,5.23296,JJA,SAt,2891.2792701860467,0.8031331306072352,decay 2
4959,19950645,1995-07-26 07:00:00,18.08319,-58.71866,5.14223,JJA,SAt,4130.5720188230935,1.1473811163397483,decay 2
4960,19950645,1995-07-26 08:00:00,18.10155,-58.68373,5.04782,JJA,SAt,4026.2435476128076,1.1184009854480021,decay 2
4961,19950645,1995-07-26 09:00:00,17.79456,-58.69114,4.91927,JJA,SAt,17759.693789209403,4.933248274780389,decay 2
4962,19950645,1995-07-26 10:00:00,18.67726,-58.44363,4.82358,JJA,SAt,58115.083283146654,16.14307868976296,decay 2
4963,19950645,1995-07-26 11:00:00,17.61759,-58.53999,4.71378,JJA,SAt,62504.935964591285,17.362482212386467,decay 2
4964,19950645,1995-07-26 12:00:00,15.54359,-58.72962,4.6467,JJA,SAt,121867.67755447263,33.852132654020174,decay 2
4965,19950645,1995-07-26 13:00:00,14.50873,-58.71141,4.65221,JJA,SAt,59780.26073364925,16.605627981569235,decay 2
4966,19950645,1995-07-26 14:00:00,14.28567,-58.60508,4.63864,JJA,SAt,17499.475085374266,4.860965301492851,decay 2
4967,19950645,1995-07-26 15:00:00,14.17788,-58.46851,4.61661,JJA,SAt,16424.029798247095,4.562230499513082,decay 2
4968,19950645,1995-07-26 16:00:00,14.26613,-58.29084,4.5916,JJA,SAt,20414.938829888917,5.670816341635811,decay 2
4969,19950645,1995-07-26 17:00:00,14.57274,-58.10275,4.57006,JJA,SAt,27572.601894911113,7.659056081919753,decay 2
4970,19950645,1995-07-26 18:00:00,14.90926,-57.93966,4.53434,JJA,SAt,26862.638440475803,7.4618440112432785,decay 2
4971,19950645,1995-07-26 19:00:00,15.18423,-57.77794,4.52236,JJA,SAt,24247.881692066807,6.73552269224078,decay 2
4972,19950645,1995-07-26 20:00:00,15.34095,-57.61292,4.4851,JJA,SAt,20577.500666560194,5.715972407377832,decay 2
4973,19950645,1995-07-26 21:00:00,15.50017,-57.44583,4.44826,JJA,SAt,20869.70556292035,5.797140434144541,decay 2
4974,19950645,1995-07-26 22:00:00,15.7981,-57.24919,4.4194,JJA,SAt,28241.42066871556,7.844839074643211,decay 2
4975,19950645,1995-07-26 23:00:00,15.85674,-57.13065,4.34821,JJA,SAt,13646.379516505167,3.7906609768069908,decay 2
4976,19950645,1995-07-27 00:00:00,16.09618,-56.98518,4.30727,JJA,SAt,21708.64536594606,6.03017926831835,decay 2
4977,19950645,1995-07-27 01:00:00,16.58116,-56.84418,4.32261,JJA,SAt,33352.970864472445,9.264714129020124,decay 2
4978,19950645,1995-07-27 02:00:00,17.07831,-56.75463,4.35461,JJA,SAt,31865.766273767687,8.851601742713246,decay 2
4979,19950645,1995-07-27 03:00:00,17.46334,-56.60891,4.37623,JJA,SAt,28558.557155226303,7.932932543118417,decay 2
4980,19950645,1995-07-27 04:00:00,17.85606,-56.48637,4.31119,JJA,SAt,27660.823761793657,7.683562156053794,decay 2
4981,19950645,1995-07-27 05:00:00,18.22107,-56.36919,4.28679,JJA,SAt,25952.26580177058,7.20896272271405,decay 2
4982,19950645,1995-07-27 06:00:00,18.56397,-56.23347,4.26609,JJA,SAt,25986.031031290317,7.218341953136199,decay 2
4983,19950645,1995-07-27 07:00:00,18.92585,-56.09221,4.15195,JJA,SAt,27363.77673337149,7.6010490926031915,decay 2
4984,19950645,1995-07-27 08:00:00,19.37822,-55.93327,4.08749,JJA,SAt,33211.612970454786,9.225448047348552,decay 2
4985,19950645,1995-07-27 09:00:00,19.8105,-55.73167,3.97986,JJA,SAt,35089.3155203506,9.747032088986279,decay 2
4986,19950645,1995-07-27 10:00:00,20.2822,-55.43423,3.74436,JJA,SAt,44415.49634745605,12.337637874293348,decay 2
4987,19950645,1995-07-27 11:00:00,20.7075,-55.24964,3.72032,JJA,SAt,33831.18433002974,9.397551202786039,decay 2
4988,19950645,1995-07-27 12:00:00,21.21695,-55.10026,3.70271,JJA,SAt,36365.31710976454,10.101476974934593,decay 2
4989,19950645,1995-07-27 13:00:00,21.77944,-54.95478,3.68749,JJA,SAt,39330.922553866076,10.9252562649628,decay 2
4990,19950645,1995-07-27 14:00:00,22.43174,-54.87019,3.71837,JJA,SAt,42741.311972669246,11.872586659074791,decay 2
4991,19950645,1995-07-27 15:00:00,22.9345,-54.62056,3.74103,JJA,SAt,42564.49970755913,11.823472140988647,decay 2
4992,19950645,1995-07-27 16:00:00,23.49281,-54.46463,3.76487,JJA,SAt,39969.5998279071,11.102666618863083,decay 2
4993,19950645,1995-07-27 17:00:00,24.02251,-54.27843,3.7407,JJA,SAt,40073.677145057605,11.131576984738224,decay 2
4994,19950645,1995-07-27 18:00:00,24.61638,-54.06513,3.71549,JJA,SAt,45350.56799257407,12.597379997937242,decay 2
4995,19950645,1995-07-27 19:00:00,25.15098,-53.87557,3.65897,JJA,SAt,40827.39083353113,11.340941898203091,decay 2
4996,19950645,1995-07-27 20:00:00,25.63743,-53.56058,3.58077,JJA,SAt,47448.00282325009,13.180000784236137,decay 2
4997,19950645,1995-07-27 21:00:00,26.34602,-53.38396,3.51681,JJA,SAt,50843.60156594934,14.123222657208151,decay 2
4998,19950646,1995-07-18 20:00:00,-31.96765,-53.00939,3.95796,JJA,SAt,,,intensification
4999,19950646,1995-07-18 21:00:00,-30.88229,-52.93164,3.9542,JJA,SAt,73192.31856143188,20.331199600397746,intensification
5000,19950646,1995-07-18 22:00:00,-29.85443,-52.93544,4.2079,JJA,SAt,68889.7710048767,19.13604750135464,intensification
5001,19950646,1995-07-18 23:00:00,-28.75964,-53.04801,4.22498,JJA,SAt,74336.80479927424,20.649112444242842,intensification
5002,19950646,1995-07-19 00:00:00,-27.63431,-53.0177,4.09498,JJA,SAt,75323.15909986853,20.92309974996348,intensification
5003,19950646,1995-07-19 01:00:00,-26.62527,-53.23315,4.06479,JJA,SAt,71462.02039142058,19.85056121983905,intensification
5004,19950646,1995-07-19 02:00:00,-25.4751,-53.00653,4.07535,JJA,SAt,80783.87538647986,22.439965385133295,intensification
5005,19950646,1995-07-19 03:00:00,-24.38379,-53.00661,4.1402,JJA,SAt,73017.41717841961,20.282615882894337,intensification
5006,19950646,1995-07-19 04:00:00,-23.23627,-53.00601,4.13934,JJA,SAt,76778.73096392487,21.327425267756908,intensification
5007,19950646,1995-07-19 05:00:00,-21.9696,-52.76731,4.14428,JJA,SAt,89033.36872919151,24.73149131366431,intensification
5008,19950646,1995-07-19 06:00:00,-20.71368,-52.83459,4.17889,JJA,SAt,84761.40522936733,23.544834785935368,intensification
5009,19950646,1995-07-19 07:00:00,-19.42398,-52.73811,4.28796,JJA,SAt,87391.50292279258,24.275417478553496,intensification
5010,19950646,1995-07-19 08:00:00,-18.00473,-52.50059,4.43481,JJA,SAt,99381.5451638784,27.605984767744,intensification
5011,19950646,1995-07-19 09:00:00,-16.77499,-52.32231,4.44186,JJA,SAt,85732.43690658158,23.814565807383772,intensification
5012,19950646,1995-07-19 10:00:00,-14.95712,-52.11079,4.48207,JJA,SAt,126055.78841080086,35.015496780778015,intensification
5013,19950646,1995-07-19 11:00:00,-13.73953,-51.91547,4.64647,JJA,SAt,86112.6024423092,23.92016734508589,intensification
5014,19950646,1995-07-19 12:00:00,-12.26437,-51.63327,4.88864,JJA,SAt,106233.34887196786,29.509263575546626,intensification
5015,19950646,1995-07-19 13:00:00,-11.42679,-51.46112,5.04487,JJA,SAt,60998.6429212721,16.94406747813114,intensification
5016,19950646,1995-07-19 14:00:00,-10.28726,-51.20684,5.2682,JJA,SAt,84062.57349026643,23.35071485840734,intensification
5017,19950646,1995-07-19 15:00:00,-9.43976,-50.98682,5.41689,JJA,SAt,64038.909170487714,17.78858588069103,intensification
5018,19950646,1995-07-19 16:00:00,-8.56052,-50.70563,5.57387,JJA,SAt,69196.80438918562,19.22133455255156,intensification
5019,19950646,1995-07-19 17:00:00,-7.61652,-50.35337,5.68428,JJA,SAt,77372.55418051138,21.49237616125316,intensification
5020,19950646,1995-07-19 18:00:00,-6.88727,-50.00492,5.75087,JJA,SAt,64790.07817491102,17.997243937475282,intensification
5021,19950646,1995-07-19 19:00:00,-6.04279,-49.59987,5.86489,JJA,SAt,75509.1174147312,20.974754837425333,intensification
5022,19950646,1995-07-19 20:00:00,-5.31448,-49.23245,5.96703,JJA,SAt,66669.5095608806,18.51930821135572,intensification
5023,19950646,1995-07-19 21:00:00,-4.68158,-48.90824,6.0322,JJA,SAt,58525.95239195727,16.257208997765908,intensification
5024,19950646,1995-07-19 22:00:00,-4.51715,-48.77616,6.21983,JJA,SAt,18986.71896708168,5.274088601967134,intensification
5025,19950646,1995-07-19 23:00:00,-3.79556,-48.50474,6.21178,JJA,SAt,61007.14318355432,16.946428662098423,intensification
5026,19950646,1995-07-20 00:00:00,-2.97318,-48.20381,6.12391,JJA,SAt,69370.43230845484,19.269564530126345,intensification
5027,19950646,1995-07-20 01:00:00,-2.18448,-47.89444,6.07132,JJA,SAt,67973.47525159532,18.88152090322092,intensification
5028,19950646,1995-07-20 02:00:00,-1.33975,-47.55853,6.01807,JJA,SAt,73397.82588506241,20.38828496807289,intensification
5029,19950646,1995-07-20 03:00:00,-0.42654,-47.1984,6.01623,JJA,SAt,79570.97585846717,22.10304884957421,intensification
5030,19950646,1995-07-20 04:00:00,0.37864,-46.84153,6.07361,JJA,SAt,72802.57166376106,20.22293657326696,intensification
5031,19950646,1995-07-20 05:00:00,1.1897,-46.50106,6.0579,JJA,SAt,72545.29915376789,20.15147198715775,intensification
5032,19950646,1995-07-20 06:00:00,1.89435,-46.21489,6.06867,JJA,SAt,62743.14504034009,17.42865140009447,intensification
5033,19950646,1995-07-20 07:00:00,2.66792,-45.9537,6.00039,JJA,SAt,66354.60573488446,18.431834926356796,intensification
5034,19950646,1995-07-20 08:00:00,3.27218,-45.6786,5.83073,JJA,SAt,55934.82107054744,15.537450297374289,intensification
5035,19950646,1995-07-20 09:00:00,3.92535,-45.39925,5.70633,JJA,SAt,59604.757826069406,16.55687717390817,intensification
5036,19950646,1995-07-20 10:00:00,5.40919,-45.26668,5.40639,JJA,SAt,116920.85797906113,32.478016105294756,intensification
5037,19950646,1995-07-20 11:00:00,6.25772,-45.05849,5.40343,JJA,SAt,70439.84110922477,19.566622530340215,intensification
5038,19950646,1995-07-20 12:00:00,6.99781,-44.91956,5.40062,JJA,SAt,60217.10461248671,16.726973503468532,mature
5039,19950646,1995-07-20 13:00:00,7.73916,-44.71892,5.3575,JJA,SAt,62584.874585188176,17.384687384774494,mature
5040,19950646,1995-07-20 14:00:00,8.4017,-44.49737,5.2239,JJA,SAt,57945.73491969529,16.096037477693137,mature
5041,19950646,1995-07-20 15:00:00,9.34521,-44.36255,5.10905,JJA,SAt,76404.24052048982,21.223400144580506,mature
5042,19950646,1995-07-20 16:00:00,10.1437,-44.18519,4.99959,JJA,SAt,66561.7171418176,18.48936587272711,mature
5043,19950646,1995-07-20 17:00:00,10.86738,-44.00687,4.83957,JJA,SAt,61097.949713258764,16.971652698127436,mature
5044,19950646,1995-07-20 18:00:00,11.65062,-43.85951,4.69659,JJA,SAt,64824.35401109664,18.0067650030824,mature
5045,19950646,1995-07-20 19:00:00,12.40358,-43.73077,4.54551,JJA,SAt,62106.668783985646,17.251852439996014,mature
5046,19950646,1995-07-20 20:00:00,12.99391,-43.51176,4.37684,JJA,SAt,53395.77798201323,14.83216055055923,mature
5047,19950646,1995-07-20 21:00:00,13.6761,-43.33041,4.24361,JJA,SAt,58670.08058537805,16.297244607049457,decay
5048,19950646,1995-07-20 22:00:00,14.33554,-43.53347,3.78512,JJA,SAt,57838.23722028861,16.066177005635726,decay
5049,19950646,1995-07-20 23:00:00,15.15824,-43.24655,3.62833,JJA,SAt,73737.00514050658,20.482501427918493,decay
5050,19950646,1995-07-21 00:00:00,16.39324,-42.99496,3.64067,JJA,SAt,104065.80250543433,28.907167362620648,decay
5051,19950646,1995-07-21 01:00:00,18.02785,-42.72268,3.63739,JJA,SAt,136630.48681878296,37.95291300521749,decay
5052,19950646,1995-07-21 02:00:00,20.20293,-42.33759,3.6831,JJA,SAt,183296.33627978948,50.91564896660819,decay
5053,19950646,1995-07-21 03:00:00,21.44603,-42.1809,3.77569,JJA,SAt,103774.9002774842,28.826361188190052,decay
5054,19950646,1995-07-21 04:00:00,22.76852,-42.20222,3.8449,JJA,SAt,108977.81037211018,30.271613992252828,decay
5055,19950646,1995-07-21 05:00:00,23.57531,-42.29157,3.97207,JJA,SAt,67147.85199957104,18.652181110991954,decay
5056,19950646,1995-07-21 06:00:00,24.33054,-42.32917,3.96936,JJA,SAt,62242.77934904174,17.289660930289372,decay
5057,19950646,1995-07-21 07:00:00,25.45169,-42.70301,4.01435,JJA,SAt,100854.07973729221,28.015022149247837,decay
5058,19950646,1995-07-21 08:00:00,26.92277,-43.10498,4.06886,JJA,SAt,127882.44082141956,35.5229002281721,decay
5059,19950646,1995-07-21 09:00:00,28.12467,-43.471,4.06188,JJA,SAt,105451.86782377878,29.292185506605218,decay
5060,19950646,1995-07-21 10:00:00,28.7135,-43.88113,4.84392,JJA,SAt,65743.68128282446,18.262133689673462,decay
5061,19950646,1995-07-21 11:00:00,30.28391,-44.45062,5.01752,JJA,SAt,140354.111278829,38.98725313300805,decay
5062,19950646,1995-07-21 12:00:00,31.672,-44.99771,4.9772,JJA,SAt,125405.55605488304,34.83487668191196,decay
5063,19950646,1995-07-21 13:00:00,32.94072,-45.44788,5.06294,JJA,SAt,111261.00885693454,30.905835793592928,decay
5064,19950646,1995-07-21 14:00:00,33.82511,-45.87545,5.28933,JJA,SAt,83570.04983679707,23.213902732443632,decay
5065,19950646,1995-07-21 15:00:00,34.45052,-46.21254,5.5386,JJA,SAt,61113.796648896605,16.9760546246935,decay
5066,19950646,1995-07-21 16:00:00,35.26708,-46.5267,5.59174,JJA,SAt,71730.97631075437,19.92527119743177,decay
5067,19950646,1995-07-21 17:00:00,35.85483,-46.87892,5.76091,JJA,SAt,59520.05557149987,16.533348769861075,intensification 2
5068,19950646,1995-07-21 18:00:00,36.48819,-47.25642,5.90989,JJA,SAt,63742.12577568225,17.706146048800626,intensification 2
5069,19950646,1995-07-21 19:00:00,37.25324,-47.72787,6.04459,JJA,SAt,77795.2902179155,21.609802838309864,intensification 2
5070,19950646,1995-07-21 20:00:00,38.08982,-48.16205,6.1836,JJA,SAt,78825.15372562679,21.895876034896332,intensification 2
5071,19950646,1995-07-21 21:00:00,38.88788,-48.56305,6.38102,JJA,SAt,73921.7780319052,20.53382723108478,intensification 2
5072,19950646,1995-07-21 22:00:00,40.88518,-48.88104,5.94648,JJA,SAt,150716.80407195326,41.8657789088759,intensification 2
5073,19950646,1995-07-21 23:00:00,41.73288,-49.3076,5.98774,JJA,SAt,77841.7232516958,21.622700903248834,intensification 2
5074,19950646,1995-07-22 00:00:00,42.49359,-49.80036,6.01311,JJA,SAt,77545.42776675682,21.540396601876896,intensification 2
5075,19950646,1995-07-22 01:00:00,43.1797,-50.32392,6.09089,JJA,SAt,76077.68879646993,21.132691332352756,intensification 2
5076,19950646,1995-07-22 02:00:00,43.84639,-50.85812,6.15313,JJA,SAt,75784.26473865926,21.051184649627572,intensification 2
5077,19950646,1995-07-22 03:00:00,44.47367,-51.32145,6.27842,JJA,SAt,67628.33590544797,18.785648862624434,intensification 2
5078,19950646,1995-07-22 04:00:00,45.03723,-51.78441,6.41937,JJA,SAt,64562.0729516246,17.933909153229056,intensification 2
5079,19950646,1995-07-22 05:00:00,45.60517,-52.16589,6.45562,JJA,SAt,57555.75210192484,15.987708917201344,intensification 2
5080,19950646,1995-07-22 06:00:00,46.02797,-52.64541,6.53334,JJA,SAt,60544.4766939598,16.81791019276661,intensification 2
5081,19950646,1995-07-22 07:00:00,46.3403,-53.18787,6.53856,JJA,SAt,63850.42301301382,17.73622861472606,intensification 2
5082,19950646,1995-07-22 08:00:00,46.84627,-53.63777,6.4994,JJA,SAt,60226.04532522609,16.729457034785025,intensification 2
5083,19950646,1995-07-22 09:00:00,47.38267,-54.04348,6.49443,JJA,SAt,57215.86658939092,15.893296274830812,intensification 2
5084,19950646,1995-07-22 10:00:00,46.42753,-54.79163,6.29454,JJA,SAt,103630.89115042154,28.786358652894872,intensification 2
5085,19950646,1995-07-22 11:00:00,46.78932,-55.15334,6.26698,JJA,SAt,46377.04721719197,12.882513115886658,intensification 2
5086,19950647,1995-07-18 23:00:00,-160.34573,-36.68829,4.62446,JJA,SAt,,,intensification
5087,19950647,1995-07-19 00:00:00,-159.77599,-36.20426,4.38993,JJA,SAt,74120.21277806633,20.588947993907315,intensification
5088,19950647,1995-07-19 01:00:00,-159.18205,-35.86918,4.23898,JJA,SAt,65117.86116397721,18.088294767771448,intensification
5089,19950647,1995-07-19 02:00:00,-158.57619,-35.70081,4.13118,JJA,SAt,57768.35429174934,16.04676508104148,intensification
5090,19950647,1995-07-19 03:00:00,-157.9709,-35.62782,4.06533,JJA,SAt,55280.89307705848,15.355803632516244,intensification
5091,19950647,1995-07-19 04:00:00,-157.43957,-35.66072,3.99098,JJA,SAt,48151.560359275085,13.375433433131969,intensification
5092,19950647,1995-07-19 05:00:00,-156.90355,-35.63978,3.94898,JJA,SAt,48488.50202610519,13.469028340584774,intensification
5093,19950647,1995-07-19 06:00:00,-156.32304,-35.73005,3.93724,JJA,SAt,53381.89423930268,14.828303955361855,intensification
5094,19950647,1995-07-19 07:00:00,-155.71166,-35.83972,3.88459,JJA,SAt,56480.68281627339,15.689078560075941,intensification
5095,19950647,1995-07-19 08:00:00,-155.1149,-35.95746,3.86356,JJA,SAt,55324.00620177155,15.367779500492098,intensification
5096,19950647,1995-07-19 09:00:00,-154.53801,-36.11533,3.84789,JJA,SAt,54762.04157121425,15.21167821422618,intensification
5097,19950647,1995-07-19 10:00:00,-153.64404,-35.6911,3.35919,JJA,SAt,93318.85545565034,25.921904293236203,intensification
5098,19950647,1995-07-19 11:00:00,-152.91942,-35.76196,3.38543,JJA,SAt,65883.8804564286,18.3010779045635,intensification
5099,19950647,1995-07-19 12:00:00,-152.09641,-35.82782,3.37453,JJA,SAt,74589.15854520103,20.719210707000286,intensification
5100,19950647,1995-07-19 13:00:00,-151.18378,-35.87692,3.38088,JJA,SAt,82433.13452506001,22.898092923627782,intensification
5101,19950647,1995-07-19 14:00:00,-149.19556,-35.49175,3.41981,JJA,SAt,184603.9850916544,51.27888474768178,intensification
5102,19950647,1995-07-19 15:00:00,-147.72687,-35.39358,3.49454,JJA,SAt,133494.73108307223,37.081869745297844,intensification
5103,19950647,1995-07-19 16:00:00,-146.55673,-35.26773,3.61714,JJA,SAt,107068.30800480308,29.741196668000857,intensification
5104,19950647,1995-07-19 17:00:00,-145.73116,-35.64629,3.90646,JJA,SAt,85808.84143154231,23.83578928653953,intensification
5105,19950647,1995-07-19 18:00:00,-145.15895,-36.13169,3.83073,JJA,SAt,74634.53192273986,20.731814422983295,intensification
5106,19950647,1995-07-19 19:00:00,-144.47423,-36.70269,4.1369,JJA,SAt,88233.11082596575,24.50919745165715,intensification
5107,19950647,1995-07-19 20:00:00,-143.97653,-37.21867,4.11486,JJA,SAt,72437.9901953581,20.121663943155028,intensification
5108,19950647,1995-07-19 21:00:00,-143.48685,-37.78596,4.40426,JJA,SAt,76452.48222503204,21.236800618064457,intensification
5109,19950647,1995-07-19 22:00:00,-142.46765,-38.88168,4.48557,JJA,SAt,150819.80005991363,41.894388905531564,intensification
5110,19950647,1995-07-19 23:00:00,-142.11354,-39.05249,4.62837,JJA,SAt,36027.656942209775,10.007682483947159,intensification
5111,19950647,1995-07-20 00:00:00,-141.73834,-39.18515,4.6746,JJA,SAt,35571.07363149825,9.880853786527291,intensification
5112,19950647,1995-07-20 01:00:00,-141.42873,-39.5978,4.71263,JJA,SAt,53040.39031706312,14.733441754739754,intensification
5113,19950647,1995-07-20 02:00:00,-141.16728,-39.72284,4.7406,JJA,SAt,26347.979430987514,7.318883175274309,intensification
5114,19950647,1995-07-20 03:00:00,-140.79684,-40.03608,4.80828,JJA,SAt,47035.67372425821,13.065464923405058,intensification
5115,19950647,1995-07-20 04:00:00,-140.53244,-40.49348,4.84452,JJA,SAt,55588.53019823606,15.441258388398905,intensification
5116,19950647,1995-07-20 05:00:00,-140.39589,-41.02439,4.91438,JJA,SAt,60144.44061199758,16.706789058888216,intensification
5117,19950647,1995-07-20 06:00:00,-140.27562,-41.69546,5.00042,JJA,SAt,75291.76455486417,20.914379043017828,intensification
5118,19950647,1995-07-20 07:00:00,-140.31451,-42.38621,4.97691,JJA,SAt,76875.11480552914,21.35419855709143,intensification
5119,19950647,1995-07-20 08:00:00,-140.36472,-43.0951,5.11178,JJA,SAt,78931.65623837487,21.92546006621524,intensification
5120,19950647,1995-07-20 09:00:00,-140.35181,-43.55685,5.17869,JJA,SAt,51354.94852738008,14.2652634798278,intensification
5121,19950647,1995-07-20 10:00:00,-140.98857,-44.34249,5.27162,JJA,SAt,101143.49781323668,28.095416059232413,intensification
5122,19950647,1995-07-20 11:00:00,-140.93014,-44.61652,5.31508,JJA,SAt,30821.398475194426,8.561499576442896,intensification
5123,19950647,1995-07-20 12:00:00,-140.99344,-44.94826,5.34555,JJA,SAt,37224.631260084214,10.340175350023392,mature
5124,19950647,1995-07-20 13:00:00,-141.09503,-45.27782,5.31658,JJA,SAt,37502.532717191556,10.417370199219876,mature
5125,19950647,1995-07-20 14:00:00,-141.26669,-45.64789,5.30032,JJA,SAt,43272.91159453993,12.020253220705536,mature
5126,19950647,1995-07-20 15:00:00,-141.33946,-45.99051,5.23909,JJA,SAt,38512.76128158045,10.697989244883459,mature
5127,19950647,1995-07-20 16:00:00,-141.42763,-46.39057,5.15846,JJA,SAt,44999.46011242155,12.499850031228208,mature
5128,19950647,1995-07-20 17:00:00,-141.50278,-46.86172,5.12962,JJA,SAt,52702.929448018476,14.639702624449576,mature
5129,19950647,1995-07-20 18:00:00,-141.61803,-47.43238,5.07365,JJA,SAt,64050.35803185994,17.791766119961096,mature
5130,19950647,1995-07-20 19:00:00,-141.70908,-48.01033,5.03736,JJA,SAt,64625.10051333626,17.951416809260074,mature
5131,19950647,1995-07-20 20:00:00,-141.76028,-48.54182,4.97742,JJA,SAt,59220.41140932916,16.45011428036921,mature
5132,19950647,1995-07-20 21:00:00,-141.81551,-49.02383,4.93668,JJA,SAt,53749.680367962894,14.930466768878581,decay
5133,19950647,1995-07-20 22:00:00,-142.16544,-50.14394,4.78754,JJA,SAt,127079.42163747949,35.2998393437443,decay
5134,19950647,1995-07-20 23:00:00,-142.33147,-50.74162,4.71322,JJA,SAt,67491.01214429698,18.747503373415828,decay
5135,19950647,1995-07-21 00:00:00,-142.46475,-51.25897,4.65004,JJA,SAt,58277.87464805719,16.18829851334922,decay
5136,19950647,1995-07-21 01:00:00,-142.59312,-51.71969,4.52026,JJA,SAt,51995.04822933905,14.443068952594182,decay
5137,19950647,1995-07-21 02:00:00,-142.6627,-52.15338,4.39177,JJA,SAt,48459.53186933993,13.460981074816647,decay
5138,19950647,1995-07-21 03:00:00,-142.74992,-52.59181,4.24883,JJA,SAt,49109.51153529186,13.641530982025516,decay
5139,19950647,1995-07-21 04:00:00,-142.82881,-53.07961,4.11025,JJA,SAt,54499.2057389522,15.138668260820056,decay
5140,19950647,1995-07-21 05:00:00,-142.89787,-53.59375,3.96793,JJA,SAt,57353.41939277278,15.931505386881328,decay
5141,19950647,1995-07-21 06:00:00,-142.95111,-54.10902,3.80411,JJA,SAt,57401.80823897108,15.944946733047523,decay
5142,19950647,1995-07-21 07:00:00,-142.98029,-54.61902,3.68468,JJA,SAt,56740.9924138652,15.761386781629222,decay
5143,19950647,1995-07-21 08:00:00,-142.99232,-55.22251,3.61781,JJA,SAt,67109.52428900525,18.64153452472368,decay
5144,19950647,1995-07-21 09:00:00,-143.01117,-55.91433,3.62617,JJA,SAt,76936.11060702833,21.371141835285645,decay
5145,19950647,1995-07-21 10:00:00,-142.811,-56.46185,3.61308,JJA,SAt,62128.58129245398,17.257939247903884,decay
5146,19950647,1995-07-21 11:00:00,-142.63814,-56.98154,3.62859,JJA,SAt,58741.491050221346,16.31708084728371,decay
5147,19950647,1995-07-21 12:00:00,-142.45059,-57.49193,3.59812,JJA,SAt,57864.0752554573,16.073354237627026,decay
5148,19950647,1995-07-21 13:00:00,-142.30751,-58.04416,3.54972,JJA,SAt,61988.74332086084,17.21909536690579,decay
5149,19950647,1995-07-21 14:00:00,-142.16336,-58.68391,3.47368,JJA,SAt,71632.10649758978,19.897807360441604,decay
5150,19950647,1995-07-21 15:00:00,-142.01211,-59.25579,3.42569,JJA,SAt,64178.46834894117,17.827352319150325,decay
5151,19950647,1995-07-21 16:00:00,-141.85182,-59.77731,3.41549,JJA,SAt,58691.050963069,16.303069711963612,decay
5152,19950647,1995-07-21 17:00:00,-141.59839,-60.27793,3.44795,JJA,SAt,57419.01682638829,15.94972689621897,intensification 2
5153,19950647,1995-07-21 18:00:00,-141.2451,-60.7701,3.55049,JJA,SAt,58040.15378676356,16.122264940767657,intensification 2
5154,19950647,1995-07-21 19:00:00,-140.80818,-61.19234,3.70542,JJA,SAt,52533.803028564005,14.592723063490002,intensification 2
5155,19950647,1995-07-21 20:00:00,-140.24654,-61.58456,3.88565,JJA,SAt,52881.19182336307,14.689219950934186,intensification 2
5156,19950647,1995-07-21 21:00:00,-139.63339,-61.88029,4.05322,JJA,SAt,46085.62881235581,12.801563558987725,intensification 2
5157,19950647,1995-07-21 22:00:00,-138.19846,-62.07449,4.03979,JJA,SAt,78009.52107071235,21.669311408531208,intensification 2
5158,19950647,1995-07-21 23:00:00,-137.55057,-62.23703,4.06646,JJA,SAt,38195.20836125464,10.60978010034851,intensification 2
5159,19950647,1995-07-22 00:00:00,-136.87988,-62.40332,4.06126,JJA,SAt,39268.9806305709,10.908050175158584,intensification 2
5160,19950647,1995-07-22 01:00:00,-136.25755,-62.53406,4.00494,JJA,SAt,35135.02250146953,9.759728472630426,intensification 2
5161,19950647,1995-07-22 02:00:00,-135.6907,-62.65948,3.93018,JJA,SAt,32187.926231958485,8.941090619988469,intensification 2
5162,19950647,1995-07-22 03:00:00,-135.22018,-62.7509,3.83396,JJA,SAt,26056.740025051993,7.23798334029222,intensification 2
5163,19950647,1995-07-22 04:00:00,-134.68886,-62.84654,3.76023,JJA,SAt,29024.935930768588,8.062482202991275,intensification 2
5164,19950647,1995-07-22 05:00:00,-134.21039,-62.92334,3.74806,JJA,SAt,25708.750999637574,7.1413197221215485,intensification 2
5165,19950647,1995-07-22 06:00:00,-133.82414,-62.96281,3.74635,JJA,SAt,20023.372909070495,5.56204803029736,intensification 2
5166,19950647,1995-07-22 07:00:00,-133.32101,-62.98447,3.75855,JJA,SAt,25535.464001873428,7.093184444964841,intensification 2
5167,19950647,1995-07-22 08:00:00,-132.72214,-63.00738,3.75498,JJA,SAt,30343.097875575066,8.428638298770851,intensification 2
5168,19950647,1995-07-22 09:00:00,-132.06126,-63.03017,3.72061,JJA,SAt,33436.782132122134,9.287995036700593,intensification 2
5169,19950647,1995-07-22 10:00:00,-129.79269,-62.67328,3.63982,JJA,SAt,121743.36473373548,33.81760131492652,intensification 2
5170,19950647,1995-07-22 11:00:00,-128.54564,-62.75918,3.64437,JJA,SAt,64276.71004507307,17.854641679186965,intensification 2
5171,19950647,1995-07-22 12:00:00,-127.44882,-62.82607,3.61684,JJA,SAt,56255.23437633962,15.626453993427672,intensification 2
5172,19950647,1995-07-22 13:00:00,-126.0432,-62.8866,3.54284,JJA,SAt,71622.28663931046,19.895079622030686,intensification 2
5173,19950647,1995-07-22 14:00:00,-123.89476,-62.97859,3.5789,JJA,SAt,109181.84878397502,30.32829132888195,intensification 2
5174,19950647,1995-07-22 15:00:00,-122.27969,-62.96285,3.70374,JJA,SAt,81629.55462948636,22.674876285968434,intensification 2
5175,19950647,1995-07-22 16:00:00,-120.85132,-62.89225,3.79086,JJA,SAt,72708.66994972191,20.19685276381164,intensification 2
5176,19950647,1995-07-22 17:00:00,-119.32637,-62.77957,3.89546,JJA,SAt,78419.6119833278,21.783225550924392,intensification 2
5177,19950647,1995-07-22 18:00:00,-117.5724,-62.71557,4.04566,JJA,SAt,89588.08937149978,24.88558038097216,intensification 2
5178,19950647,1995-07-22 19:00:00,-116.3894,-62.63273,4.10129,JJA,SAt,61082.860586706876,16.96746127408524,intensification 2
5179,19950647,1995-07-22 20:00:00,-114.94757,-62.53668,4.04663,JJA,SAt,74586.24830676959,20.718402307435998,intensification 2
5180,19950647,1995-07-22 21:00:00,-113.26024,-62.42535,4.13948,JJA,SAt,87566.53486235636,24.324037461765656,intensification 2
5181,19950647,1995-07-22 22:00:00,-110.65372,-61.88523,4.35009,JJA,SAt,148084.67522918014,41.13463200810559,intensification 2
5182,19950647,1995-07-22 23:00:00,-109.32306,-61.5928,4.43039,JJA,SAt,77235.17324436411,21.45421479010114,intensification 2
5183,19950647,1995-07-23 00:00:00,-107.60089,-61.36849,4.56372,JJA,SAt,94769.07769031273,26.324743802864646,intensification 2
5184,19950647,1995-07-23 01:00:00,-106.38019,-61.13012,4.60864,JJA,SAt,70462.67736684775,19.572965935235487,intensification 2
5185,19950647,1995-07-23 02:00:00,-104.76485,-60.94749,4.63376,JJA,SAt,89310.86084697541,24.80857245749317,intensification 2
5186,19950647,1995-07-23 03:00:00,-102.80283,-60.87361,4.80208,JJA,SAt,106380.85469466113,29.55023741518365,intensification 2
5187,19950647,1995-07-23 04:00:00,-101.1156,-60.77507,4.88239,JJA,SAt,92109.99149037537,25.58610874732649,intensification 2
5188,19950647,1995-07-23 05:00:00,-99.33069,-60.65791,4.95653,JJA,SAt,97946.57734009072,27.207382594469646,intensification 2
5189,19950647,1995-07-23 06:00:00,-97.50583,-60.52267,5.16095,JJA,SAt,100766.90527949827,27.99080702208285,intensification 2
5190,19950647,1995-07-23 07:00:00,-96.58862,-60.26731,5.0057,JJA,SAt,57834.05611397273,16.065015587214646,intensification 2
5191,19950647,1995-07-23 08:00:00,-94.96451,-60.11665,5.13973,JJA,SAt,91319.25229026302,25.366458969517506,intensification 2
5192,19950647,1995-07-23 09:00:00,-93.30978,-59.96453,5.23237,JJA,SAt,93427.32981880188,25.9520360607783,intensification 2
5193,19950647,1995-07-23 10:00:00,-91.58026,-59.8937,5.24726,JJA,SAt,96681.56856456226,26.85599126793396,intensification 2
5194,19950647,1995-07-23 11:00:00,-90.37897,-59.71335,5.03122,JJA,SAt,70113.03009066089,19.475841691850245,intensification 2
5195,19950647,1995-07-23 12:00:00,-88.78159,-59.62977,5.11604,JJA,SAt,90168.69959214519,25.046860997818108,intensification 2
5196,19950647,1995-07-23 13:00:00,-87.2168,-59.56865,5.33816,JJA,SAt,88310.23059194733,24.530619608874257,intensification 2
5197,19950647,1995-07-23 14:00:00,-85.51117,-59.69368,5.52624,JJA,SAt,96884.07101863803,26.912241949621674,intensification 2
5198,19950647,1995-07-23 15:00:00,-83.27924,-60.12063,5.66092,JJA,SAt,133178.35740889917,36.99398816913866,intensification 2
5199,19950647,1995-07-23 16:00:00,-81.95813,-60.29945,5.82414,JJA,SAt,75642.27756300311,21.011743767500864,mature 2
5200,19950647,1995-07-23 17:00:00,-80.82935,-60.41252,5.89891,JJA,SAt,63340.33592594069,17.59453775720575,mature 2
5201,19950647,1995-07-23 18:00:00,-80.29703,-60.34013,5.90409,JJA,SAt,30345.32471752323,8.429256865978676,mature 2
5202,19950647,1995-07-23 19:00:00,-79.57346,-60.35142,5.91657,JJA,SAt,39827.07182894478,11.063075508040217,mature 2
5203,19950647,1995-07-23 20:00:00,-78.27982,-60.51046,6.1141,JJA,SAt,73152.60390523104,20.320167751453067,mature 2
5204,19950647,1995-07-23 21:00:00,-76.84448,-60.60741,6.44001,JJA,SAt,79184.83592273395,21.995787756314986,mature 2
5205,19950647,1995-07-23 22:00:00,-76.58508,-60.52679,7.12655,JJA,SAt,16770.99915585141,4.658610876625391,mature 2
5206,19950647,1995-07-23 23:00:00,-75.86935,-60.66804,7.26983,JJA,SAt,42110.42758922323,11.697340997006453,mature 2
5207,19950647,1995-07-24 00:00:00,-75.29645,-60.84061,7.37876,JJA,SAt,36562.658837797215,10.156294121610337,mature 2
5208,19950647,1995-07-24 01:00:00,-74.87402,-60.97618,7.44834,JJA,SAt,27364.6861908547,7.601301719681861,mature 2
5209,19950647,1995-07-24 02:00:00,-74.50436,-61.11894,7.46533,JJA,SAt,25454.18626564026,7.070607296011183,mature 2
5210,19950647,1995-07-24 03:00:00,-74.03503,-61.225,7.55147,JJA,SAt,27790.146151927325,7.7194850422020345,mature 2
5211,19950647,1995-07-24 04:00:00,-73.52582,-61.36069,7.68478,JJA,SAt,31101.96671851172,8.63943519958659,mature 2
5212,19950647,1995-07-24 05:00:00,-73.07907,-61.5326,7.80989,JJA,SAt,30482.504021317593,8.467362228143775,mature 2
5213,19950647,1995-07-24 06:00:00,-72.76077,-61.71534,7.93288,JJA,SAt,26378.67011033602,7.3274083639822285,mature 2
5214,19950647,1995-07-24 07:00:00,-72.57913,-61.87465,7.88302,JJA,SAt,20122.781712783668,5.589661586884352,mature 2
5215,19950647,1995-07-24 08:00:00,-72.41544,-62.01944,7.84883,JJA,SAt,18234.038327200153,5.065010646444487,mature 2
5216,19950647,1995-07-24 09:00:00,-72.31165,-62.16797,7.71109,JJA,SAt,17376.63705496205,4.826843626378348,mature 2
5217,19950647,1995-07-24 10:00:00,-72.97937,-62.49962,7.66572,JJA,SAt,50481.79967057443,14.022722130715119,decay 2
5218,19950647,1995-07-24 11:00:00,-73.03357,-62.60927,7.74339,JJA,SAt,12504.960995515756,3.4736002765321543,decay 2
5219,19950647,1995-07-24 12:00:00,-73.21747,-62.70723,7.63369,JJA,SAt,14382.654242976956,3.9951817341602656,decay 2
5220,19950647,1995-07-24 13:00:00,-73.39557,-62.77979,7.45968,JJA,SAt,12139.037012186565,3.371954725607379,decay 2
5221,19950647,1995-07-24 14:00:00,-73.46368,-62.82914,7.50432,JJA,SAt,6487.9141039558235,1.8021983622099509,decay 2
5222,19950647,1995-07-24 15:00:00,-73.64179,-62.87384,7.48837,JJA,SAt,10313.671366480043,2.864908712911123,decay 2
5223,19950647,1995-07-24 16:00:00,-73.90781,-62.89147,7.40344,JJA,SAt,13624.800910935004,3.784666919704168,decay 2
5224,19950647,1995-07-24 17:00:00,-74.14835,-62.94024,7.3126,JJA,SAt,13330.697877010827,3.7029716325030075,decay 2
5225,19950647,1995-07-24 18:00:00,-74.47818,-62.98122,7.21243,JJA,SAt,17284.17503017108,4.801159730603079,decay 2
5226,19950647,1995-07-24 19:00:00,-74.75412,-63.04214,7.04976,JJA,SAt,15484.592261821294,4.301275628283693,decay 2
5227,19950647,1995-07-24 20:00:00,-74.92178,-63.10653,6.9297,JJA,SAt,11069.489974411745,3.0748583262254847,decay 2
5228,19950647,1995-07-24 21:00:00,-75.03332,-63.12606,6.80032,JJA,SAt,6014.038150928979,1.6705661530358276,decay 2
5229,19950647,1995-07-24 22:00:00,-74.91425,-63.03956,6.74795,JJA,SAt,11333.066687010378,3.148074079725105,decay 2
5230,19950647,1995-07-24 23:00:00,-74.79269,-63.03335,6.60857,JJA,SAt,6167.6443303242695,1.713234536201186,decay 2
5231,19950647,1995-07-25 00:00:00,-74.62845,-63.04304,6.49994,JJA,SAt,8350.042032741694,2.319456120206026,decay 2
5232,19950647,1995-07-25 01:00:00,-74.46164,-63.03142,6.39431,JJA,SAt,8508.754102356816,2.3635428062102264,decay 2
5233,19950647,1995-07-25 02:00:00,-74.32089,-63.05642,6.28035,JJA,SAt,7619.761775633131,2.116600493231425,decay 2
5234,19950647,1995-07-25 03:00:00,-74.28955,-63.13833,6.20504,JJA,SAt,9243.473240767158,2.5676314557686553,decay 2
5235,19950647,1995-07-25 04:00:00,-74.28876,-63.2104,6.1366,JJA,SAt,8013.927731830947,2.2260910366197075,decay 2
5236,19950647,1995-07-25 05:00:00,-74.32178,-63.26773,6.03516,JJA,SAt,6585.699517499187,1.8293609770831076,decay 2
5237,19950647,1995-07-25 06:00:00,-74.41303,-63.3213,5.92983,JJA,SAt,7501.682545375258,2.083800707048683,decay 2
5238,19950647,1995-07-25 07:00:00,-74.55063,-63.39128,5.8759,JJA,SAt,10374.424357008915,2.8817845436135876,decay 2
5239,19950647,1995-07-25 08:00:00,-74.66266,-63.4773,5.8259,JJA,SAt,11069.18617900293,3.074773938611925,decay 2
5240,19950647,1995-07-25 09:00:00,-74.9133,-63.55415,5.83996,JJA,SAt,15082.901808684242,4.189694946856734,decay 2
5241,19950647,1995-07-25 10:00:00,-75.14392,-63.68293,5.61942,JJA,SAt,18300.064926634564,5.083351368509601,decay 2
5242,19950647,1995-07-25 11:00:00,-75.42688,-63.66016,5.55426,JJA,SAt,14182.513046699622,3.9395869574165614,decay 2
5243,19950647,1995-07-25 12:00:00,-75.63052,-63.61938,5.4885,JJA,SAt,11029.392248758139,3.063720069099483,decay 2
5244,19950647,1995-07-25 13:00:00,-75.8862,-63.57966,5.39402,JJA,SAt,13390.684203080267,3.71963450085563,decay 2
5245,19950647,1995-07-25 14:00:00,-76.16461,-63.52731,5.27979,JJA,SAt,14965.89197002709,4.157192213896414,decay 2
5246,19950647,1995-07-25 15:00:00,-76.50174,-63.49647,5.14249,JJA,SAt,17067.773535967277,4.741048204435355,decay 2
5247,19950647,1995-07-25 16:00:00,-76.92444,-63.4495,5.06049,JJA,SAt,21632.01371513337,6.008892698648158,decay 2
5248,19950647,1995-07-25 17:00:00,-77.30756,-63.38071,5.04315,JJA,SAt,20542.1585215608,5.706155144878,decay 2
5249,19950647,1995-07-25 18:00:00,-77.64923,-63.28224,5.05332,JJA,SAt,20264.60655446554,5.629057376240428,decay 2
5250,19950647,1995-07-25 19:00:00,-77.98328,-63.1695,5.06724,JJA,SAt,20907.838108314583,5.807732807865162,decay 2
5251,19950647,1995-07-25 20:00:00,-78.34653,-63.01907,5.08961,JJA,SAt,24776.661213660762,6.882405892683545,decay 2
5252,19950647,1995-07-25 21:00:00,-78.66446,-62.8562,5.10121,JJA,SAt,24221.323131337613,6.728145314260448,decay 2
5253,19950647,1995-07-25 22:00:00,-78.76157,-62.79116,5.00757,JJA,SAt,8753.669559389473,2.431574877608187,decay 2
5254,19950647,1995-07-25 23:00:00,-78.92252,-62.63964,4.99276,JJA,SAt,18739.566723602085,5.205435201000579,decay 2
5255,19950647,1995-07-26 00:00:00,-79.09885,-62.47829,4.93913,JJA,SAt,20088.126997305935,5.580035277029427,decay 2
5256,19950647,1995-07-26 01:00:00,-79.28757,-62.29369,4.8574,JJA,SAt,22714.517635334138,6.30958823203726,decay 2
5257,19950647,1995-07-26 02:00:00,-79.43854,-62.09597,4.7673,JJA,SAt,23338.377526252174,6.482882646181159,decay 2
5258,19950647,1995-07-26 03:00:00,-79.61389,-61.87207,4.68864,JJA,SAt,26527.684534761767,7.368801259656046,decay 2
5259,19950647,1995-07-26 04:00:00,-79.83981,-61.61787,4.62881,JJA,SAt,30665.59728722116,8.518221468672545,decay 2
5260,19950647,1995-07-26 05:00:00,-80.05484,-61.35685,4.59064,JJA,SAt,31187.644379505546,8.663234549862652,decay 2
5261,19950647,1995-07-26 06:00:00,-80.18115,-61.00242,4.49336,JJA,SAt,39988.20778459143,11.107835495719842,decay 2
5262,19950647,1995-07-26 07:00:00,-80.34683,-60.63176,4.42366,JJA,SAt,42183.0943446752,11.717526206854222,decay 2
5263,19950647,1995-07-26 08:00:00,-80.50915,-60.26099,4.39174,JJA,SAt,42178.003399681205,11.716112055467,decay 2
5264,19950647,1995-07-26 09:00:00,-80.64423,-59.86647,4.35375,JJA,SAt,44504.42542727199,12.362340396464441,decay 2
5265,19950647,1995-07-26 10:00:00,-80.23218,-59.69619,4.28881,JJA,SAt,29837.50403675244,8.288195565764568,decay 2
5266,19950647,1995-07-26 11:00:00,-80.38037,-59.43206,4.18148,JJA,SAt,30533.112382470532,8.481420106241814,decay 2
5267,19950647,1995-07-26 12:00:00,-80.50629,-59.13984,4.01699,JJA,SAt,33271.075481231,9.241965411453055,decay 2
5268,19950647,1995-07-26 13:00:00,-80.55008,-58.78014,3.88349,JJA,SAt,40075.59647951211,11.13211013319781,decay 2
5269,19950647,1995-07-26 14:00:00,-80.52881,-58.29952,3.77781,JJA,SAt,53456.8336696425,14.849120463789584,decay 2
5270,19950647,1995-07-26 15:00:00,-80.51025,-57.83703,3.75756,JJA,SAt,51438.19672412697,14.288387978924158,decay 2
5271,19950647,1995-07-26 16:00:00,-80.52881,-57.42572,3.77036,JJA,SAt,45748.99314944232,12.708053652622867,decay 2
5272,19950647,1995-07-26 17:00:00,-80.59561,-57.05978,3.80294,JJA,SAt,40888.72451364783,11.357979031568842,decay 2
5273,19950647,1995-07-26 18:00:00,-80.76703,-56.75164,3.81588,JJA,SAt,35809.43737934542,9.94706593870706,decay 2
5274,19950647,1995-07-26 19:00:00,-80.90173,-56.42041,3.82966,JJA,SAt,37743.3927328268,10.484275759118555,decay 2
5275,19950647,1995-07-26 20:00:00,-80.94031,-55.95335,3.81132,JJA,SAt,51989.61207993485,14.441558911093013,decay 2
5276,19950647,1995-07-26 21:00:00,-80.57257,-55.14556,3.79578,JJA,SAt,92752.64301461316,25.764623059614767,decay 2
5277,19950647,1995-07-26 22:00:00,-80.53735,-55.02919,3.79335,JJA,SAt,13132.461544298112,3.6479059845272532,decay 2
5278,19950648,1995-07-20 14:00:00,-41.32602,-53.14791,2.51164,JJA,SAt,,,mature
5279,19950648,1995-07-20 15:00:00,-40.27286,-53.2619,2.64374,JJA,SAt,71276.7130929458,19.799086970262724,mature
5280,19950648,1995-07-20 16:00:00,-39.35397,-53.34743,2.71109,JJA,SAt,61792.1250268549,17.16447917412636,mature
5281,19950648,1995-07-20 17:00:00,-38.21756,-53.51524,2.76025,JJA,SAt,77562.40688355188,21.545113023208856,mature
5282,19950648,1995-07-20 18:00:00,-37.04529,-53.68314,2.74692,JJA,SAt,79574.10628399986,22.103918412222185,mature
5283,19950648,1995-07-20 19:00:00,-35.81638,-53.86117,2.74209,JJA,SAt,83148.78269027716,23.096884080632545,mature
5284,19950648,1995-07-20 20:00:00,-34.40729,-54.15352,2.80879,JJA,SAt,97647.9762048665,27.12443783468514,mature
5285,19950648,1995-07-20 21:00:00,-32.9657,-54.46893,2.89774,JJA,SAt,99872.99465660813,27.74249851572448,decay
5286,19950648,1995-07-20 22:00:00,-31.16168,-54.86948,3.14832,JJA,SAt,124257.04094201137,34.51584470611427,decay
5287,19950648,1995-07-20 23:00:00,-29.72955,-55.18797,3.25444,JJA,SAt,97901.63668661252,27.194899079614586,decay
5288,19950648,1995-07-21 00:00:00,-28.49393,-55.39822,3.37461,JJA,SAt,81647.05944081278,22.679738733559105,decay
5289,19950648,1995-07-21 01:00:00,-27.3208,-55.55122,3.44196,JJA,SAt,75864.18495961609,21.07338471100447,decay
5290,19950648,1995-07-21 02:00:00,-26.23611,-55.62509,3.53882,JJA,SAt,68654.89331298166,19.07080369805046,decay
5291,19950648,1995-07-21 03:00:00,-25.12824,-55.64584,3.65642,JJA,SAt,69572.71325931657,19.325753683143493,decay
5292,19950648,1995-07-21 04:00:00,-24.00882,-55.75496,3.71488,JJA,SAt,71184.51040147051,19.773475111519588,decay
5293,19950648,1995-07-21 05:00:00,-22.88229,-55.79065,3.80238,JJA,SAt,70569.20743156366,19.602557619878795,decay
5294,19950648,1995-07-21 06:00:00,-21.72183,-55.8143,3.86742,JJA,SAt,72572.00438575742,20.15889010715484,decay
5295,19950648,1995-07-21 07:00:00,-20.57098,-55.90632,3.89099,JJA,SAt,72542.09375676406,20.15058159910113,decay
5296,19950648,1995-07-21 08:00:00,-19.41232,-55.99511,3.94141,JJA,SAt,72808.36301190461,20.224545281084616,decay
5297,19950648,1995-07-21 09:00:00,-18.31842,-55.93307,4.01236,JJA,SAt,68429.22898518205,19.00811916255057,decay
5298,19950648,1995-07-21 10:00:00,-17.50745,-55.62051,4.1225,JJA,SAt,61481.80891472841,17.078280254091226,decay
5299,19950648,1995-07-21 11:00:00,-16.3794,-55.53112,4.15262,JJA,SAt,71601.97012878436,19.889436146884545,decay
5300,19950648,1995-07-21 12:00:00,-15.26031,-55.40632,4.1507,JJA,SAt,71889.28238205353,19.969245106125978,decay
5301,19950648,1995-07-21 13:00:00,-14.10568,-55.23105,4.1945,JJA,SAt,75608.82288805713,21.00245080223809,decay
5302,19950648,1995-07-21 14:00:00,-13.00061,-55.05791,4.2165,JJA,SAt,72816.37582813267,20.226771063370187,decay
5303,19950648,1995-07-21 15:00:00,-11.92679,-54.94527,4.30147,JJA,SAt,69619.50536288234,19.33875148968954,decay
5304,19950648,1995-07-21 16:00:00,-10.88208,-54.87997,4.39206,JJA,SAt,67168.45322812819,18.657903674480053,decay
5305,19950648,1995-07-21 17:00:00,-9.89789,-54.80733,4.44393,JJA,SAt,63529.94224681615,17.64720617967115,intensification 2
5306,19950648,1995-07-21 18:00:00,-8.91101,-54.71003,4.54263,JJA,SAt,64237.25403454645,17.843681676262904,intensification 2
5307,19950648,1995-07-21 19:00:00,-8.01981,-54.67029,4.60426,JJA,SAt,57447.69070005702,15.95769186112695,intensification 2
5308,19950648,1995-07-21 20:00:00,-7.15793,-54.60708,4.6672,JJA,SAt,55906.921699294304,15.529700472026196,intensification 2
5309,19950648,1995-07-21 21:00:00,-6.2746,-54.52025,4.73467,JJA,SAt,57761.14198004091,16.044761661122475,intensification 2
5310,19950648,1995-07-21 22:00:00,-5.08221,-54.50332,4.48291,JJA,SAt,76994.07986091552,21.387244405809867,intensification 2
5311,19950648,1995-07-21 23:00:00,-4.21985,-54.29483,4.40592,JJA,SAt,60443.29485527124,16.789804126464233,intensification 2
5312,19950648,1995-07-22 00:00:00,-3.41599,-54.04673,4.33846,JJA,SAt,59150.38345272553,16.430662070201535,intensification 2
5313,19950648,1995-07-22 01:00:00,-2.6463,-53.79612,4.27816,JJA,SAt,57591.23983967176,15.997566622131044,intensification 2
5314,19950648,1995-07-22 02:00:00,-1.86746,-53.60831,4.19467,JJA,SAt,55357.38431187927,15.377051197744242,intensification 2
5315,19950648,1995-07-22 03:00:00,-1.10696,-53.46076,4.03777,JJA,SAt,52869.380981757655,14.685939161599348,intensification 2
5316,19950648,1995-07-22 04:00:00,-0.3277,-53.43089,3.75769,JJA,SAt,51713.6717242377,14.364908812288249,intensification 2
5317,19950648,1995-07-22 05:00:00,0.46497,-53.42147,3.48437,JJA,SAt,52529.69654331608,14.591582373143355,intensification 2
5318,19950648,1995-07-22 06:00:00,1.36685,-53.17443,3.21656,JJA,SAt,65929.96509893972,18.313879194149923,intensification 2
5319,19950648,1995-07-22 07:00:00,2.81625,-51.6048,2.97824,JJA,SAt,200331.73122337137,55.64770311760316,intensification 2
5320,19950648,1995-07-22 08:00:00,3.94465,-50.47024,2.88978,JJA,SAt,148793.2682282064,41.331463396724004,intensification 2
5321,19950648,1995-07-22 09:00:00,4.80342,-49.94325,2.91144,JJA,SAt,84668.77242869555,23.51910345241543,intensification 2
5322,19950648,1995-07-22 10:00:00,5.87847,-49.6989,2.62073,JJA,SAt,81769.75092456814,22.71381970126893,intensification 2
5323,19950648,1995-07-22 11:00:00,6.66035,-49.4412,2.67309,JJA,SAt,63246.235662828294,17.56839879523008,intensification 2
5324,19950648,1995-07-22 12:00:00,7.38875,-49.30349,2.73655,JJA,SAt,54916.58707866137,15.25460752185038,intensification 2
5325,19950648,1995-07-22 13:00:00,8.20701,-49.08371,2.78308,JJA,SAt,64286.00264734735,17.857222957596484,intensification 2
5326,19950648,1995-07-22 14:00:00,9.05261,-48.92908,2.82248,JJA,SAt,64030.3982279827,17.786221729995194,intensification 2
5327,19950648,1995-07-22 15:00:00,9.90679,-48.72312,2.83888,JJA,SAt,66591.66685935397,18.497685238709433,intensification 2
5328,19950648,1995-07-22 16:00:00,10.81451,-48.54558,2.83584,JJA,SAt,69562.9950533287,19.323054181480195,intensification 2
5329,19950648,1995-07-22 17:00:00,11.68665,-48.36081,2.86718,JJA,SAt,67519.97560684432,18.75554877967898,intensification 2
5330,19950648,1995-07-22 18:00:00,12.51242,-48.21101,2.83265,JJA,SAt,63328.830433443385,17.591341787067606,intensification 2
5331,19950648,1995-07-22 19:00:00,13.40281,-47.99969,2.88431,JJA,SAt,70164.29595527217,19.490082209797826,intensification 2
5332,19950648,1995-07-22 20:00:00,14.20573,-47.87165,2.88212,JJA,SAt,61485.70796936741,17.079363324824282,intensification 2
5333,19950648,1995-07-22 21:00:00,14.93718,-47.77426,2.84461,JJA,SAt,55672.50547446059,15.46458485401683,intensification 2
5334,19950648,1995-07-22 22:00:00,16.85443,-47.50537,2.67002,JJA,SAt,146718.827257529,40.755229793758055,intensification 2
5335,19950648,1995-07-22 23:00:00,17.54181,-47.48149,2.74222,JJA,SAt,51712.08355505744,14.364467654182622,intensification 2
5336,19950648,1995-07-23 00:00:00,18.43354,-47.40737,2.88491,JJA,SAt,67563.87149910854,18.767742083085707,intensification 2
5337,19950648,1995-07-23 01:00:00,19.23983,-47.36393,2.98467,JJA,SAt,60893.773049779025,16.91493695827195,intensification 2
5338,19950648,1995-07-23 02:00:00,20.07566,-47.33766,3.11282,JJA,SAt,63035.12290982683,17.509756363840786,intensification 2
5339,19950648,1995-07-23 03:00:00,20.92972,-47.32789,3.18269,JJA,SAt,64371.88566736987,17.881079352047184,intensification 2
5340,19950648,1995-07-23 04:00:00,21.80186,-47.3535,3.20303,JJA,SAt,65777.04114944782,18.27140031929106,intensification 2
5341,19950648,1995-07-23 05:00:00,22.71194,-47.34307,3.19172,JJA,SAt,68574.05070768068,19.04834741880019,intensification 2
5342,19950648,1995-07-23 06:00:00,23.57491,-47.31284,3.16657,JJA,SAt,65126.91430925112,18.090809530347535,intensification 2
5343,19950648,1995-07-23 07:00:00,24.40137,-47.31469,3.17937,JJA,SAt,62305.533682946814,17.30709268970745,intensification 2
5344,19950648,1995-07-23 08:00:00,25.25215,-47.27642,3.14234,JJA,SAt,64301.67142865115,17.86157539684754,intensification 2
5345,19950648,1995-07-23 09:00:00,26.18307,-47.26026,3.17053,JJA,SAt,70263.42351742554,19.517617643729317,intensification 2
5346,19950648,1995-07-23 10:00:00,28.0234,-46.63284,3.04592,JJA,SAt,156146.82379747348,43.37411772152041,intensification 2
5347,19950648,1995-07-23 11:00:00,29.05578,-46.63535,3.16267,JJA,SAt,78824.89290557263,21.895803584881286,intensification 2
5348,19950648,1995-07-23 12:00:00,30.05636,-46.67661,3.23592,JJA,SAt,76503.21954867529,21.25089431907647,intensification 2
5349,19950648,1995-07-23 13:00:00,31.12765,-46.72948,3.25661,JJA,SAt,81902.19125967224,22.750608683242287,intensification 2
5350,19950648,1995-07-23 14:00:00,32.2686,-46.78068,3.12091,JJA,SAt,87105.10104751958,24.195861402088774,intensification 2
5351,19950648,1995-07-23 15:00:00,33.4364,-46.83668,2.98103,JJA,SAt,89093.61650988825,24.74822680830229,intensification 2
5352,19950648,1995-07-23 16:00:00,34.70855,-46.93334,2.78428,JJA,SAt,97275.26190554151,27.020906084872642,mature 2
5353,19950648,1995-07-23 17:00:00,36.0029,-46.97846,2.69775,JJA,SAt,98364.75213770953,27.32354226047487,mature 2
5354,19950648,1995-07-23 18:00:00,37.22595,-46.96186,2.66562,JJA,SAt,92819.03160357475,25.78306433432632,mature 2
5355,19950648,1995-07-23 19:00:00,38.72356,-47.12956,2.57679,JJA,SAt,114993.94616780391,31.942762824389973,mature 2
5356,19950648,1995-07-23 20:00:00,40.07476,-47.24144,2.63745,JJA,SAt,102865.47494073989,28.573743039094413,mature 2
5357,19950648,1995-07-23 21:00:00,41.69996,-47.55348,2.67743,JJA,SAt,127149.88846917074,35.319413463658535,mature 2
5358,19950649,1995-07-20 19:00:00,-20.87674,-65.58813,3.32042,JJA,SAt,,,mature
5359,19950649,1995-07-20 20:00:00,-20.31879,-65.72671,3.37966,JJA,SAt,29856.556335188532,8.293487870885704,mature
5360,19950649,1995-07-20 21:00:00,-19.56647,-65.85805,3.39508,JJA,SAt,37281.22908832863,10.355896968980176,decay
5361,19950649,1995-07-20 22:00:00,-19.33578,-66.06909,3.78569,JJA,SAt,25687.497470461312,7.135415964017032,decay
5362,19950649,1995-07-20 23:00:00,-18.76855,-66.29189,3.80334,JJA,SAt,35533.03413273775,9.870287259093818,decay
5363,19950649,1995-07-21 00:00:00,-18.51337,-66.50446,3.80571,JJA,SAt,26225.118422207885,7.284755117279968,decay
5364,19950649,1995-07-21 01:00:00,-18.62894,-66.69647,3.78926,JJA,SAt,21952.05794532625,6.097793873701736,decay
5365,19950649,1995-07-21 02:00:00,-18.77744,-66.84314,3.76694,JJA,SAt,17561.35075568947,4.878152987691519,decay
5366,19950649,1995-07-21 03:00:00,-18.64023,-66.98967,3.74399,JJA,SAt,17356.789918747458,4.821330532985405,decay
5367,19950649,1995-07-21 04:00:00,-18.33154,-67.10659,3.76691,JJA,SAt,18659.768302721604,5.183268972978223,decay
5368,19950649,1995-07-21 05:00:00,-18.12448,-67.16289,3.8359,JJA,SAt,10919.163139200477,3.0331008720001322,decay
5369,19950649,1995-07-21 06:00:00,-17.91461,-67.17378,3.91843,JJA,SAt,9135.752679646088,2.537709077679469,decay
5370,19950649,1995-07-21 07:00:00,-17.88342,-67.12979,3.98816,JJA,SAt,5073.459557541192,1.40929432153922,decay
5371,19950649,1995-07-21 08:00:00,-17.88711,-67.13922,4.05139,JJA,SAt,1060.6212355627022,0.2946170098785284,decay
5372,19950649,1995-07-21 09:00:00,-18.06406,-67.09647,4.09369,JJA,SAt,9007.243604760162,2.5020121124333783,decay
5373,19950649,1995-07-21 10:00:00,-18.31653,-67.24847,4.17531,JJA,SAt,20106.848656229628,5.585235737841563,decay
5374,19950649,1995-07-21 11:00:00,-18.24869,-67.30872,4.21992,JJA,SAt,7305.67045335309,2.0293529037091917,decay
5375,19950649,1995-07-21 12:00:00,-18.28723,-67.3644,4.25497,JJA,SAt,6407.759273540492,1.7799331315390257,decay
5376,19950649,1995-07-21 13:00:00,-18.37067,-67.41103,4.29711,JJA,SAt,6293.698702492808,1.7482496395813354,decay
5377,19950649,1995-07-21 14:00:00,-18.43466,-67.44041,4.3339,JJA,SAt,4258.351484342822,1.1828754123174505,decay
5378,19950649,1995-07-21 15:00:00,-18.37491,-67.43361,4.37931,JJA,SAt,2659.0319275232273,0.7386199798675631,decay
5379,19950649,1995-07-21 16:00:00,-18.22861,-67.36632,4.45281,JJA,SAt,9750.296220558024,2.7084156168216733,decay
5380,19950649,1995-07-21 17:00:00,-18.05731,-67.27464,4.54404,JJA,SAt,12564.405491830856,3.490112636619682,intensification 2
5381,19950649,1995-07-21 18:00:00,-17.93555,-67.18512,4.61198,JJA,SAt,11249.195382097714,3.1247764950271426,intensification 2
5382,19950649,1995-07-21 19:00:00,-17.79889,-67.07899,4.6595,JJA,SAt,13196.163081053463,3.665600855848184,intensification 2
5383,19950649,1995-07-21 20:00:00,-17.64545,-67.00142,4.71028,JJA,SAt,10894.663433349662,3.026295398152684,intensification 2
5384,19950649,1995-07-21 21:00:00,-17.44894,-66.95815,4.77111,JJA,SAt,9806.404512931344,2.7240012535920397,intensification 2
5385,19950649,1995-07-21 22:00:00,-16.43957,-65.86169,4.71037,JJA,SAt,129927.31890421505,36.09092191783751,intensification 2
5386,19950649,1995-07-21 23:00:00,-16.26752,-65.91199,4.77569,JJA,SAt,9610.929682809267,2.669702689669241,intensification 2
5387,19950649,1995-07-22 00:00:00,-16.19196,-66.00678,4.83167,JJA,SAt,11082.010543997516,3.0783362622215322,intensification 2
5388,19950649,1995-07-22 01:00:00,-16.16849,-66.07561,4.87353,JJA,SAt,7726.580473899257,2.1462723538609048,intensification 2
5389,19950649,1995-07-22 02:00:00,-16.17297,-66.13995,4.95278,JJA,SAt,7157.136088592789,1.9880933579424414,intensification 2
5390,19950649,1995-07-22 03:00:00,-16.17062,-66.17151,5.07088,JJA,SAt,3510.9063419354916,0.9752517616487477,intensification 2
5391,19950649,1995-07-22 04:00:00,-16.22208,-66.21176,5.2037,JJA,SAt,5036.527024182595,1.3990352844951652,intensification 2
5392,19950649,1995-07-22 05:00:00,-16.36014,-66.28869,5.3624,JJA,SAt,10554.679015723901,2.931855282145528,intensification 2
5393,19950649,1995-07-22 06:00:00,-16.60358,-66.40035,5.51909,JJA,SAt,16496.148182948666,4.582263384152407,intensification 2
5394,19950649,1995-07-22 07:00:00,-16.91611,-66.55126,5.63713,JJA,SAt,21771.028275701203,6.047507854361445,intensification 2
5395,19950649,1995-07-22 08:00:00,-17.32367,-66.69855,5.72651,JJA,SAt,24321.130562579187,6.755869600716441,intensification 2
5396,19950649,1995-07-22 09:00:00,-17.6777,-66.80717,5.78431,JJA,SAt,19679.959782157242,5.466655495043678,intensification 2
5397,19950649,1995-07-22 10:00:00,-17.50684,-66.71612,5.8793,JJA,SAt,12597.345106551687,3.499262529597691,intensification 2
5398,19950649,1995-07-22 11:00:00,-17.92139,-66.81557,5.91304,JJA,SAt,21282.756999182562,5.911876944217378,intensification 2
5399,19950649,1995-07-22 12:00:00,-18.30493,-66.89157,5.98666,JJA,SAt,18773.634677679293,5.214898521577581,intensification 2
5400,19950649,1995-07-22 13:00:00,-18.71805,-66.96148,6.02358,JJA,SAt,19609.75938710874,5.447155385307983,intensification 2
5401,19950649,1995-07-22 14:00:00,-19.10977,-67.01261,6.06676,JJA,SAt,17952.28725245346,4.98674645901485,intensification 2
5402,19950649,1995-07-22 15:00:00,-19.53247,-67.0405,6.11563,JJA,SAt,18605.39900552607,5.168166390423908,intensification 2
5403,19950649,1995-07-22 16:00:00,-19.93445,-67.04895,6.14884,JJA,SAt,17458.1274495352,4.849479847093112,intensification 2
5404,19950649,1995-07-22 17:00:00,-20.35208,-67.06349,6.18502,JJA,SAt,18174.99568013495,5.048609911148597,intensification 2
5405,19950649,1995-07-22 18:00:00,-20.75369,-67.06746,6.21624,JJA,SAt,17407.48389371739,4.835412192699276,intensification 2
5406,19950649,1995-07-22 19:00:00,-21.16907,-67.0703,6.21701,JJA,SAt,17998.78443076831,4.999662341880087,intensification 2
5407,19950649,1995-07-22 20:00:00,-21.57687,-67.06431,6.19399,JJA,SAt,17681.315080041004,4.911476411122501,intensification 2
5408,19950649,1995-07-22 21:00:00,-21.94388,-67.02103,6.14963,JJA,SAt,16629.214450672105,4.619226236297807,intensification 2
5409,19950649,1995-07-22 22:00:00,-22.1871,-66.57991,6.37152,JJA,SAt,50193.97484653488,13.942770790704134,intensification 2
5410,19950649,1995-07-22 23:00:00,-22.44644,-66.47007,6.33723,JJA,SAt,16766.974366866347,4.657492879685097,intensification 2
5411,19950649,1995-07-23 00:00:00,-22.62881,-66.37272,6.32056,JJA,SAt,13526.82115972605,3.7574503221461253,intensification 2
5412,19950649,1995-07-23 01:00:00,-22.76389,-66.29391,6.34248,JJA,SAt,10637.11038257676,2.9547528840491,intensification 2
5413,19950649,1995-07-23 02:00:00,-22.87216,-66.22912,6.37956,JJA,SAt,8682.786268656331,2.411885074626759,intensification 2
5414,19950649,1995-07-23 03:00:00,-22.94983,-66.15707,6.41529,JJA,SAt,8737.233637995938,2.4270093438877605,intensification 2
5415,19950649,1995-07-23 04:00:00,-23.02405,-66.08212,6.40514,JJA,SAt,8978.812954340194,2.494114709538943,intensification 2
5416,19950649,1995-07-23 05:00:00,-23.12073,-66.00249,6.35614,JJA,SAt,9872.050208353965,2.7422361689872123,intensification 2
5417,19950649,1995-07-23 06:00:00,-23.24521,-65.93882,6.27265,JJA,SAt,9049.407883798995,2.5137244121663875,intensification 2
5418,19950649,1995-07-23 07:00:00,-23.4021,-65.88902,6.19627,JJA,SAt,9019.587209472635,2.5054408915201765,intensification 2
5419,19950649,1995-07-23 08:00:00,-23.6076,-65.84554,6.12039,JJA,SAt,10519.369175962851,2.922046993323014,intensification 2
5420,19950649,1995-07-23 09:00:00,-23.82373,-65.80759,6.06053,JJA,SAt,10707.901939776182,2.974417205493384,intensification 2
5421,19950649,1995-07-23 10:00:00,-24.8057,-65.53017,6.1739,JJA,SAt,54546.729664713326,15.151869351309257,intensification 2
5422,19950649,1995-07-23 11:00:00,-25.00378,-65.46021,6.17745,JJA,SAt,11998.897182994138,3.3330269952761498,intensification 2
5423,19950649,1995-07-23 12:00:00,-25.17068,-65.38746,6.17539,JJA,SAt,11180.980091753669,3.105827803264908,intensification 2
5424,19950649,1995-07-23 13:00:00,-25.26416,-65.30101,6.14528,JJA,SAt,10545.571577348112,2.929325438152253,intensification 2
5425,19950649,1995-07-23 14:00:00,-25.31244,-65.20356,6.09534,JJA,SAt,11066.559814091235,3.074044392803121,intensification 2
5426,19950649,1995-07-23 15:00:00,-25.31326,-65.10514,6.02883,JJA,SAt,10943.887199255563,3.039968666459879,intensification 2
5427,19950649,1995-07-23 16:00:00,-25.29263,-65.00737,5.94154,JJA,SAt,10914.502414391463,3.031806226219851,mature 2
5428,19950649,1995-07-23 17:00:00,-25.2945,-64.92538,5.81374,JJA,SAt,9117.309490649119,2.5325859696247552,mature 2
5429,19950649,1995-07-23 18:00:00,-25.30637,-64.84602,5.67926,JJA,SAt,8842.205005048796,2.456168056957999,mature 2
5430,19950649,1995-07-23 19:00:00,-25.31885,-64.76118,5.55147,JJA,SAt,9452.271281337236,2.6256309114825656,mature 2
5431,19950649,1995-07-23 20:00:00,-25.29785,-64.66236,5.43371,JJA,SAt,11033.479778216653,3.06485549394907,mature 2
5432,19950649,1995-07-23 21:00:00,-25.20151,-64.54202,5.36826,JJA,SAt,14148.049348154593,3.93001370782072,mature 2
5433,19950649,1995-07-23 22:00:00,-25.48248,-64.49199,5.87725,JJA,SAt,14547.551817317773,4.040986615921604,mature 2
5434,19950649,1995-07-23 23:00:00,-25.29596,-64.33602,5.81965,JJA,SAt,19519.449405008352,5.422069279168987,mature 2
5435,19950649,1995-07-24 00:00:00,-25.12009,-64.19894,5.75565,JJA,SAt,17447.837567383154,4.846621546495321,mature 2
5436,19950649,1995-07-24 01:00:00,-24.97192,-64.07684,5.68761,JJA,SAt,15361.7448586166,4.267151349615722,mature 2
5437,19950649,1995-07-24 02:00:00,-24.85196,-63.96054,5.6084,JJA,SAt,14190.937282457511,3.9419270229048644,mature 2
5438,19950649,1995-07-24 03:00:00,-24.76541,-63.85318,5.53255,JJA,SAt,12666.136663908028,3.5183712955300077,mature 2
5439,19950649,1995-07-24 04:00:00,-24.66904,-63.75628,5.4334,JJA,SAt,11767.42529164009,3.2687292476778027,mature 2
5440,19950649,1995-07-24 05:00:00,-24.58884,-63.66436,5.34838,JJA,SAt,10957.681466014057,3.043800407226127,mature 2
5441,19950649,1995-07-24 06:00:00,-24.4888,-63.56221,5.25505,JJA,SAt,12387.827773000812,3.4410632702780033,mature 2
5442,19950649,1995-07-24 07:00:00,-24.36304,-63.4567,5.20091,JJA,SAt,13287.24305240455,3.690900847890153,mature 2
5443,19950649,1995-07-24 08:00:00,-24.2579,-63.34299,5.13818,JJA,SAt,13684.794274988539,3.801331743052372,mature 2
5444,19950649,1995-07-24 09:00:00,-24.17923,-63.20474,5.05594,JJA,SAt,15868.125796905151,4.407812721362542,mature 2
5445,19950649,1995-07-24 10:00:00,-24.59875,-63.19441,4.70612,JJA,SAt,21064.400976281642,5.8512224934115675,decay 2
5446,19950649,1995-07-24 11:00:00,-24.85666,-63.03146,4.6257,JJA,SAt,22282.45430224337,6.189570639512048,decay 2
5447,19950649,1995-07-24 12:00:00,-25.20679,-62.83719,4.59673,JJA,SAt,27936.568437612983,7.76015789933694,decay 2
5448,19950649,1995-07-24 13:00:00,-25.45859,-62.62301,4.59625,JJA,SAt,27051.090765053013,7.514191879181393,decay 2
5449,19950649,1995-07-24 14:00:00,-25.53098,-62.36554,4.63106,JJA,SAt,28869.743708772057,8.019373252436683,decay 2
5450,19950649,1995-07-24 15:00:00,-25.5221,-62.06426,4.69396,JJA,SAt,33504.01668386017,9.30667130107227,decay 2
5451,19950649,1995-07-24 16:00:00,-25.56415,-61.7237,4.76829,JJA,SAt,37932.6075824125,10.536835439559027,decay 2
5452,19950649,1995-07-24 17:00:00,-25.52106,-61.34931,4.83293,JJA,SAt,41692.90896871396,11.581363602420543,decay 2
5453,19950649,1995-07-24 18:00:00,-25.35962,-60.94754,4.94503,JJA,SAt,45506.85430937557,12.640792863715436,decay 2
5454,19950649,1995-07-24 19:00:00,-25.0058,-60.57183,5.03631,JJA,SAt,45985.26769989334,12.773685472192595,decay 2
5455,19950649,1995-07-24 20:00:00,-24.47229,-60.22374,5.07939,JJA,SAt,48547.55625600004,13.485432293333345,decay 2
5456,19950649,1995-07-24 21:00:00,-23.85425,-59.87215,5.0462,JJA,SAt,52016.07124547115,14.44890867929754,decay 2
5457,19950649,1995-07-24 22:00:00,-22.62408,-59.28199,4.87878,JJA,SAt,95413.47568678201,26.503743246328337,decay 2
5458,19950649,1995-07-24 23:00:00,-21.65619,-58.73905,4.82854,JJA,SAt,81946.53574903584,22.7629265969544,decay 2
5459,19950649,1995-07-25 00:00:00,-20.80066,-58.25564,4.8557,JJA,SAt,73213.57340497404,20.3371037236039,decay 2
5460,19950649,1995-07-25 01:00:00,-19.99597,-57.82369,4.88437,JJA,SAt,67454.55682181005,18.737376894947236,decay 2
5461,19950649,1995-07-25 02:00:00,-19.17484,-57.41156,4.95537,JJA,SAt,67016.56028139427,18.615711189276187,decay 2
5462,19950649,1995-07-25 03:00:00,-18.35733,-57.02881,4.98059,JJA,SAt,65065.05218512614,18.073625606979483,decay 2
5463,19950649,1995-07-25 04:00:00,-17.56696,-56.68301,4.93187,JJA,SAt,61541.13566040981,17.09475990566939,decay 2
5464,19950649,1995-07-25 05:00:00,-16.7587,-56.28369,4.80708,JJA,SAt,66590.49124342407,18.497358678728908,decay 2
5465,19950649,1995-07-25 06:00:00,-15.78793,-55.75281,4.8333,JJA,SAt,84407.10752500268,23.44641875694519,decay 2
5466,19950649,1995-07-25 07:00:00,-14.85025,-55.26347,4.70935,JJA,SAt,80291.44678045412,22.303179661237255,decay 2
5467,19950649,1995-07-25 08:00:00,-13.86667,-54.76898,4.69609,JJA,SAt,83397.66510796279,23.16601808554522,decay 2
5468,19950649,1995-07-25 09:00:00,-12.78619,-54.24165,4.72387,JJA,SAt,91127.47446786232,25.31318735218398,decay 2
5469,19950649,1995-07-25 10:00:00,-11.75461,-53.77902,4.94288,JJA,SAt,84791.73238484495,23.553258995790262,decay 2
5470,19950649,1995-07-25 11:00:00,-10.86829,-53.30343,4.81672,JJA,SAt,78907.37785222974,21.918716070063816,decay 2
5471,19950649,1995-07-25 12:00:00,-9.90625,-52.75503,4.92533,JJA,SAt,88640.96952188351,24.622491533856532,decay 2
5472,19950649,1995-07-25 13:00:00,-8.99442,-52.27135,4.79673,JJA,SAt,81852.55300935882,22.73682028037745,decay 2
5473,19950649,1995-07-25 14:00:00,-7.9372,-51.69623,4.77269,JJA,SAt,96598.94374164201,26.83303992823389,decay 2
5474,19950649,1995-07-25 15:00:00,-7.01215,-51.24418,4.81231,JJA,SAt,81437.0223289066,22.621395091362945,decay 2
5475,19950649,1995-07-25 16:00:00,-6.03006,-50.69773,4.73833,JJA,SAt,91764.51409053912,25.490142802927533,decay 2
5476,19950649,1995-07-25 17:00:00,-5.11005,-50.16771,4.72841,JJA,SAt,87860.76268404062,24.405767412233505,decay 2
5477,19950649,1995-07-25 18:00:00,-4.1318,-49.62917,4.75538,JJA,SAt,92169.50041223578,25.602639003398828,decay 2
5478,19950649,1995-07-25 19:00:00,-3.13165,-49.13957,4.87086,JJA,SAt,90580.84715669684,25.161346432415787,decay 2
5479,19950649,1995-07-25 20:00:00,-2.20422,-48.68718,4.99567,JJA,SAt,84401.43166264336,23.444842128512043,decay 2
5480,19950649,1995-07-25 21:00:00,-1.23932,-48.1592,5.01211,JJA,SAt,92282.96982906091,25.63415828585025,decay 2
5481,19950649,1995-07-25 22:00:00,0.47636,-47.42909,4.42998,JJA,SAt,151706.14054267138,42.14059459518649,decay 2
5482,19950649,1995-07-25 23:00:00,1.52015,-46.8875,4.58261,JJA,SAt,99271.8874410393,27.575524289177583,decay 2
5483,19950649,1995-07-26 00:00:00,2.56759,-46.45074,4.7855,JJA,SAt,93520.4791867124,25.97791088519789,decay 2
5484,19950649,1995-07-26 01:00:00,3.51644,-46.03799,4.93691,JJA,SAt,86200.25284673413,23.94451467964837,decay 2
5485,19950649,1995-07-26 02:00:00,4.37977,-45.61838,5.03676,JJA,SAt,81556.84326821934,22.65467868561648,decay 2
5486,19950649,1995-07-26 03:00:00,5.25516,-45.1867,5.24201,JJA,SAt,83515.33933990625,23.19870537219618,decay 2
5487,19950649,1995-07-26 04:00:00,6.07051,-44.78522,5.36331,JJA,SAt,78132.93782028793,21.70359383896887,decay 2
5488,19950649,1995-07-26 05:00:00,6.94154,-44.36123,5.48405,JJA,SAt,83563.2823156245,23.21202286545125,decay 2
5489,19950649,1995-07-26 06:00:00,7.86701,-44.08219,5.62397,JJA,SAt,80009.1432204264,22.224762005674,decay 2
5490,19950649,1995-07-26 07:00:00,8.81129,-43.82075,5.72002,JJA,SAt,80988.59751213931,22.49683264226092,decay 2
5491,19950649,1995-07-26 08:00:00,9.80321,-43.56505,5.70117,JJA,SAt,84666.4260031738,23.518451667548277,decay 2
5492,19950649,1995-07-26 09:00:00,10.80329,-43.33721,5.75298,JJA,SAt,84611.07196652108,23.503075546255854,decay 2
5493,19950649,1995-07-26 10:00:00,11.45333,-43.15498,5.90203,JJA,SAt,56415.34824936526,15.67093006926813,decay 2
5494,19950649,1995-07-26 11:00:00,12.38002,-43.01824,6.03848,JJA,SAt,76775.05642210512,21.326404561695867,decay 2
5495,19950649,1995-07-26 12:00:00,13.29304,-42.91274,6.09603,JJA,SAt,75211.26520398617,20.89201811221838,decay 2
5496,19950649,1995-07-26 13:00:00,14.2743,-42.76958,6.15192,JJA,SAt,81572.7264111637,22.659090669767696,decay 2
5497,19950649,1995-07-26 14:00:00,15.22707,-42.69004,6.22246,JJA,SAt,78322.45700026305,21.756238055628625,decay 2
5498,19950649,1995-07-26 15:00:00,16.16016,-42.61584,6.28811,JJA,SAt,76753.18621878546,21.320329505218183,decay 2
5499,19950649,1995-07-26 16:00:00,17.11322,-42.56753,6.25132,JJA,SAt,78203.0258140432,21.72306272612311,decay 2
5500,19950649,1995-07-26 17:00:00,18.14338,-42.47544,6.29568,JJA,SAt,85043.34453937343,23.623151260937064,decay 2
5501,19950649,1995-07-26 18:00:00,19.1624,-42.3768,6.24865,JJA,SAt,84355.12259632593,23.431978498979426,decay 2
5502,19950649,1995-07-26 19:00:00,20.14708,-42.29294,6.30624,JJA,SAt,81473.41716489715,22.631504768026986,decay 2
5503,19950649,1995-07-26 20:00:00,21.26884,-42.25335,6.41848,JJA,SAt,92400.8801231387,25.666911145316305,decay 2
5504,19950649,1995-07-26 21:00:00,22.235,-42.28094,6.51983,JJA,SAt,79560.41672386829,22.10011575663008,decay 2
5505,19950649,1995-07-26 22:00:00,23.92582,-42.3708,6.81947,JJA,SAt,139357.87937203003,38.71052204778612,decay 2
5506,19950649,1995-07-26 23:00:00,24.85444,-42.45253,6.96603,JJA,SAt,76776.59134833554,21.326830930093205,decay 2
5507,19950649,1995-07-27 00:00:00,25.77272,-42.60268,7.06654,JJA,SAt,77078.36607468387,21.41065724296774,decay 2
5508,19950649,1995-07-27 01:00:00,26.80916,-42.80342,7.30159,JJA,SAt,87583.98897088453,24.328885825245703,decay 2
5509,19950649,1995-07-27 02:00:00,27.66822,-42.90088,7.22696,JJA,SAt,70862.39025127378,19.683997292020496,decay 2
5510,19950649,1995-07-27 03:00:00,28.77711,-43.08814,7.41621,JJA,SAt,92558.0201402644,25.710561150073445,decay 2
5511,19950649,1995-07-27 04:00:00,29.73192,-43.24705,7.38866,JJA,SAt,79425.79427587338,22.06272063218705,decay 2
5512,19950649,1995-07-27 05:00:00,30.71878,-43.43276,7.34281,JJA,SAt,82436.64662066993,22.899068505741646,decay 2
5513,19950649,1995-07-27 06:00:00,31.76498,-43.69645,7.41611,JJA,SAt,89247.30316557556,24.79091754599321,decay 2
5514,19950649,1995-07-27 07:00:00,32.76899,-43.93558,7.09908,JJA,SAt,84830.73311577585,23.564092532159957,decay 2
5515,19950649,1995-07-27 08:00:00,33.76315,-44.39032,7.2768,JJA,SAt,94049.36367753841,26.12482324376067,decay 2
5516,19950649,1995-07-27 09:00:00,34.75033,-44.66491,7.12538,JJA,SAt,84000.97829530807,23.33360508203002,decay 2
5517,19950649,1995-07-27 10:00:00,36.62923,-45.08573,7.28502,JJA,SAt,155267.2589314326,43.12979414762016,decay 2
5518,19950649,1995-07-27 11:00:00,37.72206,-45.3595,7.57164,JJA,SAt,90842.7050114398,25.234084725399946,decay 2
5519,19950649,1995-07-27 12:00:00,38.72747,-45.64745,7.69295,JJA,SAt,84643.26413848353,23.512017816245425,decay 2
5520,19950649,1995-07-27 13:00:00,39.72103,-45.94599,7.80716,JJA,SAt,83874.64158303612,23.29851155084337,decay 2
5521,19950649,1995-07-27 14:00:00,40.77541,-46.24357,7.81922,JJA,SAt,87778.1160345248,24.382810009590223,decay 2
5522,19950649,1995-07-27 15:00:00,41.83976,-46.59055,7.88449,JJA,SAt,90252.73848597526,25.070205134993127,decay 2
5523,19950649,1995-07-27 16:00:00,42.85317,-46.87743,7.60566,JJA,SAt,83561.23586646702,23.211454407351948,decay 2
5524,19950649,1995-07-27 17:00:00,43.85492,-47.3215,7.77557,JJA,SAt,90485.3977061636,25.134832696156554,decay 2
5525,19950649,1995-07-27 18:00:00,44.87863,-47.66211,7.80418,JJA,SAt,85733.74506731346,23.81492918536485,decay 2
5526,19950649,1995-07-27 19:00:00,45.87598,-48.03892,7.85839,JJA,SAt,85404.74624710175,23.723540624194932,decay 2
5527,19950649,1995-07-27 20:00:00,46.86235,-48.3649,7.90672,JJA,SAt,81594.51336992718,22.66514260275755,decay 2
5528,19950649,1995-07-27 21:00:00,47.73883,-48.66576,8.0087,JJA,SAt,72711.96356370856,20.19776765658571,decay 2
5529,19950650,1995-07-21 08:00:00,-2.34097,-7.81148,1.90006,JJA,SAt,,,decay
5530,19950650,1995-07-21 09:00:00,-2.69696,-7.59595,1.94926,JJA,SAt,45968.73105132333,12.769091958700926,decay
5531,19950650,1995-07-21 10:00:00,-2.73456,-7.36086,2.30117,JJA,SAt,26467.494017947545,7.352081671652096,decay
5532,19950650,1995-07-21 11:00:00,-2.94009,-7.24289,2.3258,JJA,SAt,26190.423025377688,7.275117507049358,decay
5533,19950650,1995-07-21 12:00:00,-3.14859,-7.11657,2.34987,JJA,SAt,26951.888340227655,7.486635650063238,decay
5534,19950650,1995-07-21 13:00:00,-3.3634,-6.97784,2.36273,JJA,SAt,28282.654879040943,7.856293021955818,decay
5535,19950650,1995-07-21 14:00:00,-3.55496,-6.85898,2.3676,JJA,SAt,24936.098327176907,6.926693979771363,decay
5536,19950650,1995-07-21 15:00:00,-3.76285,-6.72953,2.35346,JJA,SAt,27093.8989997676,7.526083055491,decay
5537,19950650,1995-07-21 16:00:00,-4.01852,-6.5855,2.35085,JJA,SAt,32463.09366259094,9.017526017386373,decay
5538,19950650,1995-07-21 17:00:00,-4.28644,-6.44777,2.35074,JJA,SAt,33326.27692144383,9.257299144845508,intensification 2
5539,19950650,1995-07-21 18:00:00,-4.5571,-6.31981,2.34783,JJA,SAt,33121.37602393064,9.200382228869623,intensification 2
5540,19950650,1995-07-21 19:00:00,-4.84018,-6.18446,2.33522,JJA,SAt,34721.27181507472,9.644797726409644,intensification 2
5541,19950650,1995-07-21 20:00:00,-5.15457,-5.94878,2.31294,JJA,SAt,43534.26083279901,12.092850231333058,intensification 2
5542,19950650,1995-07-21 21:00:00,-5.42151,-5.70818,2.28418,JJA,SAt,39846.083459238274,11.068356516455076,intensification 2
5543,19950650,1995-07-21 22:00:00,-5.05191,-5.72427,2.17743,JJA,SAt,40932.45933324625,11.370127592568402,intensification 2
5544,19950650,1995-07-21 23:00:00,-5.23895,-5.42907,2.13319,JJA,SAt,38806.37555520588,10.779548765334967,intensification 2
5545,19950650,1995-07-22 00:00:00,-5.40891,-5.17916,2.10303,JJA,SAt,33560.75291095301,9.322431364153614,intensification 2
5546,19950650,1995-07-22 01:00:00,-5.37582,-5.0106,2.03202,JJA,SAt,19097.989743667713,5.304997151018809,intensification 2
5547,19950650,1995-07-22 02:00:00,-5.30524,-5.04859,1.97103,JJA,SAt,8886.211185453074,2.468391995959187,intensification 2
5548,19950650,1995-07-22 03:00:00,-5.10507,-4.8338,1.8892,JJA,SAt,32590.871743968102,9.053019928880028,intensification 2
5549,19950650,1995-07-22 04:00:00,-4.99127,-4.62825,1.83235,JJA,SAt,26104.36472596398,7.251212423878884,intensification 2
5550,19950650,1995-07-22 05:00:00,-5.17108,-4.44535,1.8688,JJA,SAt,28475.870899257112,7.909964138682531,intensification 2
5551,19950650,1995-07-22 06:00:00,-5.32394,-4.0049,1.85367,JJA,SAt,51826.38504126713,14.396218067018648,intensification 2
5552,19950650,1995-07-22 07:00:00,-5.4144,-4.00348,1.8416,JJA,SAt,10035.395677797056,2.787609910499182,intensification 2
5553,19950650,1995-07-22 08:00:00,-5.69052,-3.78504,1.78812,JJA,SAt,39093.65613595601,10.859348926654446,intensification 2
5554,19950651,1995-07-21 11:00:00,-36.69482,-37.11843,3.39448,JJA,SAt,,,decay
5555,19950651,1995-07-21 12:00:00,-36.06665,-37.35439,3.31707,JJA,SAt,61488.971190992226,17.080269775275617,decay
5556,19950651,1995-07-21 13:00:00,-35.45938,-37.56139,3.16948,JJA,SAt,58334.609992745296,16.204058331318137,decay
5557,19950651,1995-07-21 14:00:00,-34.59338,-37.83068,3.11419,JJA,SAt,81867.07622694524,22.740854507484787,decay
5558,19950651,1995-07-21 15:00:00,-33.83011,-38.01777,3.05429,JJA,SAt,70106.46638523536,19.474018440343155,decay
5559,19950651,1995-07-21 16:00:00,-33.25842,-38.13797,2.92824,JJA,SAt,51794.04187508808,14.387233854191132,decay
5560,19950651,1995-07-21 17:00:00,-32.60773,-38.2663,2.85758,JJA,SAt,58620.99920401876,16.28361089000521,intensification 2
5561,19950651,1995-07-21 18:00:00,-32.00146,-38.36161,2.80773,JJA,SAt,53946.076027326846,14.985021118701901,intensification 2
5562,19950651,1995-07-21 19:00:00,-31.49619,-38.40944,2.79119,JJA,SAt,44359.410998905485,12.32205861080708,intensification 2
5563,19950651,1995-07-21 20:00:00,-31.02862,-38.42939,2.74222,JJA,SAt,40794.75642213868,11.331876783927411,intensification 2
5564,19950651,1995-07-21 21:00:00,-30.59348,-38.44083,2.66049,JJA,SAt,37922.225815398786,10.53395161538855,intensification 2
5565,19950651,1995-07-21 22:00:00,-30.14362,-38.59909,2.43757,JJA,SAt,42911.24568347979,11.919790467633275,intensification 2
5566,19950651,1995-07-21 23:00:00,-29.48712,-38.6538,2.47775,JJA,SAt,57353.058456637526,15.931405126843757,intensification 2
5567,19950651,1995-07-22 00:00:00,-28.76907,-38.70266,2.55256,JJA,SAt,62567.52606807919,17.37986835224422,intensification 2
5568,19950651,1995-07-22 01:00:00,-28.11182,-38.6944,2.60498,JJA,SAt,57044.61564011618,15.84572656669894,intensification 2
5569,19950651,1995-07-22 02:00:00,-27.32187,-38.67243,2.713,JJA,SAt,68611.06707403669,19.05862974278797,intensification 2
5570,19950651,1995-07-22 03:00:00,-26.56992,-38.60459,2.80538,JJA,SAt,65744.31472719286,18.26230964644246,intensification 2
5571,19950651,1995-07-22 04:00:00,-25.89261,-38.50124,2.82676,JJA,SAt,60008.19304001531,16.668942511115365,intensification 2
5572,19950651,1995-07-22 05:00:00,-25.25497,-38.39549,2.76828,JJA,SAt,56759.83873579781,15.766621871054948,intensification 2
5573,19950651,1995-07-22 06:00:00,-24.59552,-38.30228,2.67468,JJA,SAt,58433.36502852319,16.231490285700886,intensification 2
5574,19950651,1995-07-22 07:00:00,-23.91031,-38.21958,2.62855,JJA,SAt,60528.325154822865,16.81342365411746,intensification 2
5575,19950651,1995-07-22 08:00:00,-23.26068,-38.14021,2.55324,JJA,SAt,57464.20953342013,15.962280425950036,intensification 2
5576,19950651,1995-07-22 09:00:00,-22.5929,-38.0856,2.52025,JJA,SAt,58737.233328499286,16.315898146805356,intensification 2
5577,19950651,1995-07-22 10:00:00,-22.08932,-38.05705,2.10858,JJA,SAt,44196.30976175889,12.276752711599691,intensification 2
5578,19950651,1995-07-22 11:00:00,-21.47687,-37.9113,2.0271,JJA,SAt,56069.42288562315,15.574839690450874,intensification 2
5579,19950651,1995-07-22 12:00:00,-20.71576,-37.74829,2.02398,JJA,SAt,69258.87910038278,19.238577527884104,intensification 2
5580,19950651,1995-07-22 13:00:00,-20.121,-37.56198,1.95403,JJA,SAt,56308.12874977662,15.641146874937949,intensification 2
5581,19950651,1995-07-22 14:00:00,-19.49905,-37.38171,1.91821,JJA,SAt,58432.85676174511,16.231349100484753,intensification 2
5582,19950651,1995-07-22 15:00:00,-18.94116,-37.17308,1.86343,JJA,SAt,54541.19622963663,15.150332286010176,intensification 2
5583,19950651,1995-07-22 16:00:00,-18.44391,-36.89883,1.73606,JJA,SAt,53647.2435612335,14.90201210034264,intensification 2
5584,19950651,1995-07-22 17:00:00,-17.98776,-36.60958,1.65254,JJA,SAt,51826.244958611715,14.396179155169921,intensification 2
5585,19950651,1995-07-22 18:00:00,-17.5853,-36.33435,1.54187,JJA,SAt,47240.507277392,13.122363132608887,intensification 2
5586,19950651,1995-07-22 19:00:00,-17.27469,-36.04282,1.42896,JJA,SAt,42753.46831075258,11.875963419653495,intensification 2
5587,19950651,1995-07-22 20:00:00,-17.02615,-35.76687,1.31944,JJA,SAt,37981.88372030279,10.550523255639662,intensification 2
5588,19950651,1995-07-22 21:00:00,-16.76199,-35.53048,1.24833,JJA,SAt,35505.564919161494,9.862656921989304,intensification 2
5589,19950652,1995-07-21 23:00:00,-88.05917,-38.98393,5.90496,JJA,SAt,,,intensification 2
5590,19950652,1995-07-22 00:00:00,-88.13919,-38.79671,6.06974,JJA,SAt,21939.7094892915,6.094363747025417,intensification 2
5591,19950652,1995-07-22 01:00:00,-87.99365,-38.70919,6.23315,JJA,SAt,15936.983385747573,4.426939829374326,intensification 2
5592,19950652,1995-07-22 02:00:00,-87.71878,-38.68483,6.52641,JJA,SAt,24007.511415396093,6.66875317094336,intensification 2
5593,19950652,1995-07-22 03:00:00,-87.4285,-38.64828,6.82809,JJA,SAt,25527.866474119866,7.091074020588851,intensification 2
5594,19950652,1995-07-22 04:00:00,-86.98618,-38.68003,6.94653,JJA,SAt,38565.66792844728,10.7126855356798,intensification 2
5595,19950652,1995-07-22 05:00:00,-86.51556,-38.71447,7.09926,JJA,SAt,41021.08586879285,11.39474607466468,intensification 2
5596,19950652,1995-07-22 06:00:00,-86.04614,-38.76083,7.26638,JJA,SAt,41039.82360859749,11.399951002388192,intensification 2
5597,19950652,1995-07-22 07:00:00,-85.55142,-38.8015,7.34827,JJA,SAt,43120.78669523719,11.977996304232553,intensification 2
5598,19950652,1995-07-22 08:00:00,-85.23578,-38.77616,7.4227,JJA,SAt,27501.899969809536,7.639416658280426,intensification 2
5599,19950652,1995-07-22 09:00:00,-84.88904,-38.78249,7.50669,JJA,SAt,30064.923888824433,8.351367746895676,intensification 2
5600,19950652,1995-07-22 10:00:00,-84.01413,-38.8045,7.55261,JJA,SAt,75864.54926049369,21.073485905692692,intensification 2
5601,19950652,1995-07-22 11:00:00,-83.73489,-38.83963,7.63351,JJA,SAt,24504.38557526921,6.806773770908114,intensification 2
5602,19950652,1995-07-22 12:00:00,-83.47873,-38.90065,7.78494,JJA,SAt,23191.345950561074,6.442040541822521,intensification 2
5603,19950652,1995-07-22 13:00:00,-83.24912,-38.93997,7.83185,JJA,SAt,20339.508364486166,5.6498634345794905,intensification 2
5604,19950652,1995-07-22 14:00:00,-83.07752,-38.88724,7.89647,JJA,SAt,15962.705309093664,4.434084808081574,intensification 2
5605,19950652,1995-07-22 15:00:00,-82.84979,-38.83934,7.86483,JJA,SAt,20423.933990496953,5.673314997360265,intensification 2
5606,19950652,1995-07-22 16:00:00,-82.60821,-38.78247,7.84512,JJA,SAt,21866.12233341521,6.073922870393114,intensification 2
5607,19950652,1995-07-22 17:00:00,-82.41171,-38.72104,7.82845,JJA,SAt,18358.038866233048,5.099455240620291,intensification 2
5608,19950652,1995-07-22 18:00:00,-82.19363,-38.68021,7.6966,JJA,SAt,19461.78698423123,5.40605194006423,intensification 2
5609,19950652,1995-07-22 19:00:00,-81.97946,-38.66255,7.69159,JJA,SAt,18696.519275106708,5.19347757641853,intensification 2
5610,19950652,1995-07-22 20:00:00,-81.70761,-38.61323,7.72333,JJA,SAt,24240.133756827694,6.733370488007693,intensification 2
5611,19950652,1995-07-22 21:00:00,-81.47565,-38.59897,7.63943,JJA,SAt,20218.16565653118,5.616157126814216,intensification 2
5612,19950652,1995-07-22 22:00:00,-81.05142,-38.77057,7.8901,JJA,SAt,41472.64992986316,11.5201805360731,intensification 2
5613,19950652,1995-07-22 23:00:00,-80.88513,-38.73622,7.87507,JJA,SAt,14917.156076985537,4.143654465829316,intensification 2
5614,19950652,1995-07-23 00:00:00,-80.6669,-38.70653,7.78352,JJA,SAt,19218.026697360205,5.338340749266724,intensification 2
5615,19950652,1995-07-23 01:00:00,-80.5115,-38.6293,7.65198,JJA,SAt,15992.863377816446,4.442462049393457,intensification 2
5616,19950652,1995-07-23 02:00:00,-80.38641,-38.5725,7.42992,JJA,SAt,12571.97579157143,3.492215497658731,intensification 2
5617,19950652,1995-07-23 03:00:00,-80.19318,-38.49532,7.26739,JJA,SAt,18871.64627543323,5.24212396539812,intensification 2
5618,19950652,1995-07-23 04:00:00,-79.93909,-38.40576,7.14251,JJA,SAt,24264.41746589945,6.740115962749847,intensification 2
5619,19950652,1995-07-23 05:00:00,-79.72678,-38.30845,7.03001,JJA,SAt,21442.59323266098,5.956275897961383,intensification 2
5620,19950652,1995-07-23 06:00:00,-79.57044,-38.22752,6.93307,JJA,SAt,16348.41899619926,4.541227498944239,intensification 2
5621,19950652,1995-07-23 07:00:00,-79.37527,-38.1714,6.81847,JJA,SAt,18160.540763332407,5.044594656481224,intensification 2
5622,19950652,1995-07-23 08:00:00,-79.22391,-38.091,6.77568,JJA,SAt,15974.728981484539,4.437424717079039,intensification 2
5623,19950652,1995-07-23 09:00:00,-79.02853,-38.08286,6.63415,JJA,SAt,17123.38904736729,4.7564969576020255,intensification 2
5624,19950652,1995-07-23 10:00:00,-78.95334,-38.02061,6.35589,JJA,SAt,9552.9016949167,2.6535838041435276,intensification 2
5625,19950652,1995-07-23 11:00:00,-78.75967,-37.92998,6.27854,JJA,SAt,19741.593935275203,5.4837760931320005,intensification 2
5626,19950652,1995-07-23 12:00:00,-78.60815,-37.85959,6.16787,JJA,SAt,15428.431621971653,4.285675450547681,intensification 2
5627,19950652,1995-07-23 13:00:00,-78.44455,-37.80455,6.04448,JJA,SAt,15617.051100136434,4.338069750037898,intensification 2
5628,19950652,1995-07-23 14:00:00,-78.27161,-37.75495,5.86513,JJA,SAt,16168.640599057362,4.491289055293712,intensification 2
5629,19950652,1995-07-23 15:00:00,-78.09601,-37.70601,5.70026,JJA,SAt,16373.733082329874,4.548259189536076,intensification 2
5630,19950652,1995-07-23 16:00:00,-77.92996,-37.6773,5.60483,JJA,SAt,14955.449401206446,4.154291500335124,mature 2
5631,19950652,1995-07-23 17:00:00,-77.79953,-37.65739,5.44131,JJA,SAt,11691.823263924094,3.2477286844233593,mature 2
5632,19950652,1995-07-23 18:00:00,-77.62051,-37.67162,5.19729,JJA,SAt,15836.989262562172,4.399163684045048,mature 2
5633,19950652,1995-07-23 19:00:00,-77.43777,-37.70787,4.92503,JJA,SAt,16577.237354234938,4.604788153954149,mature 2
5634,19950652,1995-07-23 20:00:00,-77.28796,-37.69462,4.52127,JJA,SAt,13262.178624587841,3.6839385068299557,mature 2
5635,19950652,1995-07-23 21:00:00,-77.15118,-37.72207,4.28692,JJA,SAt,12413.675229656204,3.4482431193489456,mature 2
5636,19950652,1995-07-23 22:00:00,-76.98828,-37.75896,4.12977,JJA,SAt,14899.899483155074,4.138860967543076,mature 2
5637,19950652,1995-07-23 23:00:00,-76.86807,-37.84125,3.80791,JJA,SAt,13974.207207804246,3.881724224390068,mature 2
5638,19950652,1995-07-24 00:00:00,-76.76315,-37.98455,3.48864,JJA,SAt,18401.619508480697,5.111560974577971,mature 2
5639,19950652,1995-07-24 01:00:00,-76.5958,-38.13758,3.09776,JJA,SAt,22454.751760519615,6.237431044588782,mature 2
5640,19950652,1995-07-24 02:00:00,-76.46918,-38.28727,2.72798,JJA,SAt,19985.745361863548,5.551595933850986,mature 2
5641,19950652,1995-07-24 03:00:00,-76.2854,-38.49227,2.44468,JJA,SAt,27859.778953035722,7.738827486954367,mature 2
5642,19950652,1995-07-24 04:00:00,-76.07999,-38.71478,2.14371,JJA,SAt,30508.540083285905,8.474594467579418,mature 2
5643,19950652,1995-07-24 05:00:00,-75.91754,-38.87543,1.84809,JJA,SAt,22744.49802446687,6.317916117907464,mature 2
5644,19950652,1995-07-24 06:00:00,-75.64798,-39.05093,1.50272,JJA,SAt,30397.323972427377,8.44370110345205,mature 2
5645,19950652,1995-07-24 07:00:00,-75.35113,-39.25122,1.1871,JJA,SAt,33929.81250827112,9.4249479189642,mature 2
5646,19950653,1995-07-22 00:00:00,-45.23215,-24.68406,2.16745,JJA,SE-BR,,,intensification 2
5647,19950653,1995-07-22 01:00:00,-45.26923,-24.43386,2.28181,JJA,SE-BR,28072.6183391024,7.797949538639555,intensification 2
5648,19950653,1995-07-22 02:00:00,-45.16446,-25.18358,2.68486,JJA,SE-BR,84033.18572552035,23.34255159042232,intensification 2
5649,19950653,1995-07-22 03:00:00,-45.0358,-25.54491,3.20838,JJA,SE-BR,42206.57021969244,11.7240472832479,intensification 2
5650,19950653,1995-07-22 04:00:00,-45.19138,-25.41297,2.47225,JJA,SE-BR,21427.503267996173,5.9520842411100485,intensification 2
5651,19950653,1995-07-22 05:00:00,-45.06576,-25.37432,2.6384,JJA,SE-BR,13330.524591372243,3.702923497603401,intensification 2
5652,19950653,1995-07-22 06:00:00,-44.91708,-25.54327,2.95783,JJA,SE-BR,23994.72801267628,6.665202225743411,intensification 2
5653,19950653,1995-07-22 07:00:00,-44.79208,-25.78694,3.13991,JJA,SE-BR,29851.071151942353,8.291964208872876,intensification 2
5654,19950653,1995-07-22 08:00:00,-44.77545,-26.01431,3.19123,JJA,SE-BR,25337.08878120481,7.038080217001336,intensification 2
5655,19950653,1995-07-22 09:00:00,-44.72592,-26.2387,2.99968,JJA,SE-BR,25436.31697875588,7.065643605209966,intensification 2
5656,19950653,1995-07-22 10:00:00,-44.42386,-27.76506,3.34444,JJA,SE-BR,172341.60888824725,47.872669135624236,intensification 2
5657,19950653,1995-07-22 11:00:00,-44.38297,-27.97371,3.29894,JJA,SE-BR,23546.449444392238,6.540680401220066,intensification 2
5658,19950653,1995-07-22 12:00:00,-44.33218,-28.07347,3.32183,JJA,SE-BR,12161.632400256922,3.3782312222935893,intensification 2
5659,19950653,1995-07-22 13:00:00,-44.35385,-28.10918,3.32711,JJA,SE-BR,4503.981163437337,1.2511058787325937,intensification 2
5660,19950653,1995-07-22 14:00:00,-44.38547,-28.18577,3.23817,JJA,SE-BR,9063.149849152667,2.51754162476463,intensification 2
5661,19950653,1995-07-22 15:00:00,-44.51797,-28.47465,3.22392,JJA,SE-BR,34641.18288143514,9.622550800398649,intensification 2
5662,19950653,1995-07-22 16:00:00,-44.59756,-28.49482,3.17134,JJA,SE-BR,8095.547643313788,2.24876323425383,intensification 2
5663,19950653,1995-07-22 17:00:00,-44.68686,-28.59696,3.16755,JJA,SE-BR,14320.472505188256,3.97790902921896,intensification 2
5664,19950653,1995-07-22 18:00:00,-44.78632,-28.7424,3.03694,JJA,SE-BR,18860.003536422533,5.238889871228482,intensification 2
5665,19950653,1995-07-22 19:00:00,-44.927,-28.9721,2.9908,JJA,SE-BR,28983.97720300939,8.05110477861372,intensification 2
5666,19950653,1995-07-22 20:00:00,-45.0842,-29.14523,2.9512,JJA,SE-BR,24577.900664278608,6.82719462896628,intensification 2
5667,19950653,1995-07-22 21:00:00,-45.24838,-29.28344,2.87676,JJA,SE-BR,22137.54539740867,6.149318165946853,intensification 2
5668,19950653,1995-07-22 22:00:00,-45.29037,-29.15042,2.49814,JJA,SE-BR,15342.25867162336,4.261738519895378,intensification 2
5669,19950653,1995-07-22 23:00:00,-45.2251,-28.61594,2.35669,JJA,SE-BR,59770.33560187341,16.60287100052039,intensification 2
5670,19950653,1995-07-23 00:00:00,-45.1141,-27.99026,2.18864,JJA,SE-BR,70416.12186116974,19.560033850324928,intensification 2
5671,19950653,1995-07-23 01:00:00,-45.07263,-27.43109,2.00861,JJA,SE-BR,62310.828277304725,17.308563410362424,intensification 2
5672,19950653,1995-07-23 02:00:00,-44.87286,-26.41705,2.0333,JJA,SE-BR,114482.40498030606,31.80066805008502,intensification 2
5673,19950653,1995-07-23 03:00:00,-44.74695,-26.02392,2.05442,JJA,SE-BR,45482.69004270046,12.634080567416794,intensification 2
5674,19950653,1995-07-23 04:00:00,-44.72211,-26.11963,2.14071,JJA,SE-BR,10927.850068891765,3.0355139080254903,intensification 2
5675,19950653,1995-07-23 05:00:00,-44.56873,-26.33717,2.12374,JJA,SE-BR,28621.45944192323,7.950405400534231,intensification 2
5676,19950653,1995-07-23 06:00:00,-44.24512,-26.49984,2.57206,JJA,SE-BR,36955.26446339549,10.26535123983208,intensification 2
5677,19950653,1995-07-23 07:00:00,-44.41998,-26.6928,2.597,JJA,SE-BR,27616.027877006956,7.6711188547241544,intensification 2
5678,19950653,1995-07-23 08:00:00,-45.13168,-27.09317,2.01745,JJA,SE-BR,83446.44892765135,23.17956914656982,intensification 2
5679,19950653,1995-07-23 09:00:00,-44.21033,-27.07305,2.78511,JJA,SE-BR,91242.91882040803,25.34525522789112,intensification 2
5680,19950653,1995-07-23 10:00:00,-43.93451,-26.7717,3.16981,JJA,SE-BR,43250.68015514331,12.014077820873142,intensification 2
5681,19950653,1995-07-23 11:00:00,-44.40185,-26.77323,2.85669,JJA,SE-BR,46395.57519066192,12.887659775183867,intensification 2
5682,19950653,1995-07-23 12:00:00,-44.78503,-26.751,2.60432,JJA,SE-BR,38123.95634221712,10.589987872838089,intensification 2
5683,19950653,1995-07-23 13:00:00,-44.65646,-26.7988,2.67164,JJA,SE-BR,13826.010536721782,3.840558482422717,intensification 2
5684,19950653,1995-07-23 14:00:00,-44.8208,-26.76115,2.66155,JJA,SE-BR,16842.422448768095,4.67845068021336,intensification 2
5685,19950653,1995-07-23 15:00:00,-44.59283,-26.82883,2.79779,JJA,SE-BR,23845.95764398807,6.623877123330019,intensification 2
5686,19950653,1995-07-23 16:00:00,-44.49789,-27.0037,2.88078,JJA,SE-BR,21603.34359681521,6.000928776893114,mature 2
5687,19950653,1995-07-23 17:00:00,-44.51611,-27.0993,2.86271,JJA,SE-BR,10782.291816852521,2.9950810602368114,mature 2
5688,19950653,1995-07-23 18:00:00,-44.48096,-27.15715,2.77785,JJA,SE-BR,7312.929593872396,2.0313693316312214,mature 2
5689,19950653,1995-07-23 19:00:00,-44.51703,-27.25735,2.6416,JJA,SE-BR,11698.817880612312,3.24967163350342,mature 2
5690,19950653,1995-07-23 20:00:00,-44.52799,-27.32553,2.54532,JJA,SE-BR,7658.250016599693,2.1272916712776926,mature 2
5691,19950653,1995-07-23 21:00:00,-44.42926,-27.38909,2.4469,JJA,SE-BR,12042.49911707296,3.345138643631378,mature 2
5692,19950653,1995-07-23 22:00:00,-44.23044,-27.82446,2.53562,JJA,SE-BR,52224.721213758836,14.506867003821899,mature 2
5693,19950653,1995-07-23 23:00:00,-44.24674,-27.92628,2.45168,JJA,SE-BR,11434.683977102297,3.176301104750638,mature 2
5694,19950653,1995-07-24 00:00:00,-44.25671,-27.95365,2.38788,JJA,SE-BR,3197.1163715915823,0.8880878809976618,mature 2
5695,19950653,1995-07-24 01:00:00,-44.17956,-28.05572,2.31673,JJA,SE-BR,13644.924720075496,3.790256866687638,mature 2
5696,19950653,1995-07-24 02:00:00,-44.18677,-28.22993,2.27471,JJA,SE-BR,19384.19058553688,5.384497384871355,mature 2
5697,19950653,1995-07-24 03:00:00,-44.23029,-28.48575,2.17087,JJA,SE-BR,28762.918165724186,7.989699490478941,mature 2
5698,19950653,1995-07-24 04:00:00,-44.33234,-28.61486,2.09904,JJA,SE-BR,17477.37862493535,4.854827395815375,mature 2
5699,19950653,1995-07-24 05:00:00,-44.53568,-28.737,1.99778,JJA,SE-BR,24040.952104593784,6.678042251276051,mature 2
5700,19950653,1995-07-24 06:00:00,-44.65967,-28.84938,1.91023,JJA,SE-BR,17382.153644646223,4.828376012401729,mature 2
5701,19950653,1995-07-24 07:00:00,-44.80594,-28.96668,1.80857,JJA,SE-BR,19309.12046011566,5.36364457225435,mature 2
5702,19950653,1995-07-24 08:00:00,-45.00104,-29.08745,1.66758,JJA,SE-BR,23241.513214378883,6.455975892883023,mature 2
5703,19950653,1995-07-24 09:00:00,-45.15045,-29.22192,1.5629,JJA,SE-BR,20834.59637968982,5.787387883247173,mature 2
5704,19950653,1995-07-24 10:00:00,-44.90894,-29.26623,1.48156,JJA,SE-BR,23944.395840588862,6.65122106683024,decay 2
5705,19950653,1995-07-24 11:00:00,-45.10916,-29.41867,1.42514,JJA,SE-BR,25767.45494126811,7.157626372574476,decay 2
5706,19950653,1995-07-24 12:00:00,-45.21381,-29.64287,1.40209,JJA,SE-BR,26907.51889665731,7.474310804627031,decay 2
5707,19950653,1995-07-24 13:00:00,-45.34778,-29.96679,1.39997,JJA,SE-BR,38267.575375756,10.629882048821111,decay 2
5708,19950653,1995-07-24 14:00:00,-45.48105,-30.35055,1.40931,JJA,SE-BR,44554.364862391914,12.376212461775532,decay 2
5709,19950653,1995-07-24 15:00:00,-45.53607,-30.61465,1.42353,JJA,SE-BR,29836.153190229456,8.287820330619294,decay 2
5710,19950653,1995-07-24 16:00:00,-45.57614,-30.80525,1.39968,JJA,SE-BR,21537.20188889953,5.98255608024987,decay 2
5711,19950653,1995-07-24 17:00:00,-45.44235,-30.89107,1.40314,JJA,SE-BR,15943.408204802841,4.4287245013341225,decay 2
5712,19950653,1995-07-24 18:00:00,-45.29398,-30.97426,1.39995,JJA,SE-BR,16906.632909129283,4.696286919202579,decay 2
5713,19950653,1995-07-24 19:00:00,-45.16626,-31.0293,1.38029,JJA,SE-BR,13625.029804348887,3.784730501208024,decay 2
5714,19950653,1995-07-24 20:00:00,-45.03458,-31.11505,1.37352,JJA,SE-BR,15754.34545944231,4.3762070720673085,decay 2
5715,19950653,1995-07-24 21:00:00,-44.90067,-31.18933,1.31447,JJA,SE-BR,15185.600336989872,4.21822231583052,decay 2
5716,19950654,1995-07-22 01:00:00,-65.13763,-49.13407,3.69558,JJA,LA-PLATA,,,intensification 2
5717,19950654,1995-07-22 02:00:00,-63.38278,-49.30479,4.32279,JJA,LA-PLATA,128855.21722454917,35.793115895708105,intensification 2
5718,19950654,1995-07-22 03:00:00,-62.29422,-49.37563,4.7937,JJA,LA-PLATA,79258.90323432787,22.01636200953552,intensification 2
5719,19950654,1995-07-22 04:00:00,-61.31799,-49.45255,5.0294,JJA,LA-PLATA,71138.09178192934,19.760581050535926,intensification 2
5720,19950654,1995-07-22 05:00:00,-60.37778,-49.46187,5.06472,JJA,LA-PLATA,67964.48269359312,18.879022970442534,intensification 2
5721,19950654,1995-07-22 06:00:00,-59.40951,-49.47142,5.01284,JJA,LA-PLATA,69979.26013323279,19.438683370342442,intensification 2
5722,19950654,1995-07-22 07:00:00,-58.24713,-49.5022,4.84237,JJA,LA-PLATA,84033.28568131287,23.342579355920243,intensification 2
5723,19950654,1995-07-22 08:00:00,-56.81619,-49.57181,4.65927,JJA,LA-PLATA,103545.90435363537,28.762751209343158,intensification 2
5724,19950654,1995-07-22 09:00:00,-55.15332,-49.7884,4.54931,JJA,LA-PLATA,122039.48900790862,33.8998580577524,intensification 2
5725,19950654,1995-07-22 10:00:00,-53.33197,-50.04716,4.72486,JJA,LA-PLATA,133536.03316749434,37.09334254652621,intensification 2
5726,19950654,1995-07-22 11:00:00,-51.46527,-50.51569,4.74119,JJA,LA-PLATA,142499.1282305554,39.58309117515427,intensification 2
5727,19950654,1995-07-22 12:00:00,-49.53174,-51.00233,4.72224,JJA,LA-PLATA,146368.5775325059,40.65793820347386,intensification 2
5728,19950654,1995-07-22 13:00:00,-47.78314,-51.38918,4.76927,JJA,LA-PLATA,129211.6181362151,35.89211614894864,intensification 2
5729,19950654,1995-07-22 14:00:00,-46.35586,-51.62626,4.81743,JJA,LA-PLATA,102235.70436486212,28.398806768017256,intensification 2
5730,19950654,1995-07-22 15:00:00,-44.92743,-51.81271,4.81769,JJA,LA-PLATA,100558.426411837,27.93289622551028,intensification 2
5731,19950654,1995-07-22 16:00:00,-43.63089,-51.92133,4.82266,JJA,LA-PLATA,89837.01072571501,24.954725201587504,intensification 2
5732,19950654,1995-07-22 17:00:00,-42.53531,-51.96664,4.79262,JJA,LA-PLATA,75263.71356265561,20.90658710073767,intensification 2
5733,19950654,1995-07-22 18:00:00,-41.50375,-51.95839,4.7542,JJA,LA-PLATA,70683.56135701621,19.63432259917117,intensification 2
5734,19950654,1995-07-22 19:00:00,-40.27048,-51.91054,4.80078,JJA,LA-PLATA,84717.61897011017,23.532671936141714,intensification 2
5735,19950654,1995-07-22 20:00:00,-39.16153,-51.84396,4.85292,JJA,LA-PLATA,76483.48122274759,21.24541145076322,intensification 2
5736,19950654,1995-07-22 21:00:00,-38.22589,-51.76622,4.88758,JJA,LA-PLATA,64908.77324264459,18.030214789623496,intensification 2
5737,19950654,1995-07-22 22:00:00,-35.22827,-51.3623,5.00057,JJA,LA-PLATA,211999.60234826003,58.88877843007223,intensification 2
5738,19950654,1995-07-22 23:00:00,-34.1311,-51.24583,4.80337,JJA,LA-PLATA,77363.71765243838,21.489921570121773,intensification 2
5739,19950654,1995-07-23 00:00:00,-33.55667,-51.18337,4.56015,JJA,LA-PLATA,40609.082042993934,11.280300567498315,intensification 2
5740,19950654,1995-07-23 01:00:00,-33.69861,-51.19784,4.29285,JJA,LA-PLATA,10021.727482623706,2.783813189617696,intensification 2
5741,19950654,1995-07-23 02:00:00,-34.5174,-51.27698,4.09348,JJA,LA-PLATA,57678.010158759025,16.021669488544173,intensification 2
5742,19950654,1995-07-23 03:00:00,-34.9332,-51.33046,3.99239,JJA,LA-PLATA,29511.018960804035,8.19750526689001,intensification 2
5743,19950654,1995-07-23 04:00:00,-35.14179,-51.33158,3.9397,JJA,LA-PLATA,14492.720239087937,4.025755621968871,intensification 2
5744,19950654,1995-07-23 05:00:00,-35.35852,-51.28663,3.92029,JJA,LA-PLATA,15872.429421552453,4.40900817265346,intensification 2
5745,19950654,1995-07-23 06:00:00,-35.17807,-51.19863,3.9011,JJA,LA-PLATA,15922.768976861875,4.422991382461632,intensification 2
5746,19950654,1995-07-23 07:00:00,-34.20612,-51.08032,3.91193,JJA,LA-PLATA,69073.59200140642,19.18710888927956,intensification 2
5747,19950654,1995-07-23 08:00:00,-33.23593,-50.94929,3.89612,JJA,LA-PLATA,69415.36241007359,19.28204511390933,intensification 2
5748,19950654,1995-07-23 09:00:00,-32.51694,-50.79905,3.79749,JJA,LA-PLATA,53143.161422065714,14.761989283907143,intensification 2
5749,19950654,1995-07-23 10:00:00,-31.78256,-50.67829,3.8328,JJA,LA-PLATA,53394.636961138305,14.831843600316196,intensification 2
5750,19950654,1995-07-23 11:00:00,-32.31207,-50.50561,3.83299,JJA,LA-PLATA,42021.842572141584,11.672734047817107,intensification 2
5751,19950654,1995-07-23 12:00:00,-32.53604,-50.33301,3.87934,JJA,LA-PLATA,24902.628268506673,6.917396741251854,intensification 2
5752,19950654,1995-07-23 13:00:00,-32.35934,-50.19883,3.8966,JJA,LA-PLATA,19502.67644102583,5.4174101225071745,intensification 2
5753,19950654,1995-07-23 14:00:00,-31.94043,-50.10689,3.90779,JJA,LA-PLATA,31548.508951776308,8.763474708826752,intensification 2
5754,19950654,1995-07-23 15:00:00,-31.31464,-50.00831,3.91344,JJA,LA-PLATA,45999.61063341898,12.777669620394162,intensification 2
5755,19950654,1995-07-23 16:00:00,-30.422,-49.88934,3.90973,JJA,LA-PLATA,65224.36964686645,18.117880457462903,mature 2
5756,19950654,1995-07-23 17:00:00,-29.31137,-49.74329,3.89641,JJA,LA-PLATA,81322.1900242185,22.589497228949583,mature 2
5757,19950654,1995-07-23 18:00:00,-27.95157,-49.53849,3.89261,JJA,LA-PLATA,100527.27764549873,27.924243790416316,mature 2
5758,19950654,1995-07-23 19:00:00,-26.47324,-49.31097,3.90521,JJA,LA-PLATA,109872.61916299752,30.520171989721533,mature 2
5759,19950654,1995-07-23 20:00:00,-25.12662,-49.05333,3.92969,JJA,LA-PLATA,101981.75076424448,28.328264101179023,mature 2
5760,19950654,1995-07-23 21:00:00,-23.67014,-48.76642,3.98477,JJA,LA-PLATA,111119.20015647142,30.866444487908726,mature 2
5761,19950654,1995-07-23 22:00:00,-22.6029,-48.51823,4.12019,JJA,LA-PLATA,83127.1543251962,23.09087620144339,mature 2
5762,19950654,1995-07-23 23:00:00,-21.54117,-48.27985,4.117,JJA,LA-PLATA,82743.71472160215,22.984365200445044,mature 2
5763,19950654,1995-07-24 00:00:00,-20.30981,-48.01378,4.06618,JJA,LA-PLATA,96027.00816949164,26.674168935969902,mature 2
5764,19950654,1995-07-24 01:00:00,-18.87213,-47.81761,4.16533,JJA,LA-PLATA,109340.01911489383,30.37222753191495,mature 2
5765,19950654,1995-07-24 02:00:00,-17.59219,-47.61845,4.19292,JJA,LA-PLATA,98278.3419314003,27.29953942538897,mature 2
5766,19950654,1995-07-24 03:00:00,-16.28409,-47.31451,4.10253,JJA,LA-PLATA,103974.5748846004,28.881826356833443,mature 2
5767,19950654,1995-07-24 04:00:00,-14.95889,-47.08174,4.15057,JJA,LA-PLATA,103413.03996109815,28.725844433638375,mature 2
5768,19950654,1995-07-24 05:00:00,-13.40689,-46.88415,4.18933,JJA,LA-PLATA,119763.66792659793,33.267685535166095,mature 2
5769,19950654,1995-07-24 06:00:00,-11.58853,-46.64516,4.16644,JJA,LA-PLATA,141024.26626365597,39.17340729545999,mature 2
5770,19950654,1995-07-24 07:00:00,-10.01358,-46.42051,4.18654,JJA,LA-PLATA,123036.6230771871,34.17683974366309,mature 2
5771,19950654,1995-07-24 08:00:00,-8.4415,-46.20702,4.18798,JJA,LA-PLATA,123050.42248309536,34.18067291197093,mature 2
5772,19950654,1995-07-24 09:00:00,-6.94275,-46.03669,4.19979,JJA,LA-PLATA,117052.68515274802,32.51463476465223,mature 2
5773,19950654,1995-07-24 10:00:00,-5.65341,-45.9499,4.23479,JJA,LA-PLATA,100069.3458030794,27.79704050085539,decay 2
5774,19950654,1995-07-24 11:00:00,-4.32291,-45.83171,4.16634,JJA,LA-PLATA,103807.9016933892,28.835528248163666,decay 2
5775,19950654,1995-07-24 12:00:00,-3.08426,-45.72948,4.09342,JJA,LA-PLATA,96724.51961493198,26.867922115258885,decay 2
5776,19950654,1995-07-24 13:00:00,-2.00226,-45.6182,4.01358,JJA,LA-PLATA,84972.87229086988,23.603575636352744,decay 2
5777,19950654,1995-07-24 14:00:00,-0.84174,-45.5442,3.93865,JJA,LA-PLATA,90690.92962958814,25.191924897107814,decay 2
5778,19950654,1995-07-24 15:00:00,0.29009,-45.49453,3.9424,JJA,LA-PLATA,88353.89516128799,24.542748655913332,decay 2
5779,19950654,1995-07-24 16:00:00,1.3843,-45.42613,3.89715,JJA,LA-PLATA,85677.81102347789,23.79939195096608,decay 2
5780,19950654,1995-07-24 17:00:00,2.5802,-45.43063,3.90743,JJA,LA-PLATA,93324.62046726102,25.923505685350282,decay 2
5781,19950654,1995-07-24 18:00:00,3.80392,-45.46434,3.84765,JJA,LA-PLATA,95535.42982931716,26.537619397032543,decay 2
5782,19950654,1995-07-24 19:00:00,4.89458,-45.50574,3.79783,JJA,LA-PLATA,85149.94539084367,23.652762608567684,decay 2
5783,19950654,1995-07-24 20:00:00,5.88652,-45.46373,3.78381,JJA,LA-PLATA,77470.9080204418,21.519696672344946,decay 2
5784,19950654,1995-07-24 21:00:00,6.70934,-45.42384,3.71237,JJA,LA-PLATA,64345.441858554696,17.873733849598526,decay 2
5785,19950654,1995-07-24 22:00:00,8.26087,-46.05695,3.82869,JJA,LA-PLATA,139471.65326851414,38.742125907920595,decay 2
5786,19950654,1995-07-24 23:00:00,9.08904,-46.04544,3.71008,JJA,LA-PLATA,63923.310404676784,17.756475112410218,decay 2
5787,19950654,1995-07-25 00:00:00,9.95959,-46.12004,3.61608,JJA,LA-PLATA,67653.03416568336,18.7925094904676,decay 2
5788,19950654,1995-07-25 01:00:00,10.94211,-46.33945,3.50119,JJA,LA-PLATA,79416.3559320444,22.060098870012336,decay 2
5789,19950654,1995-07-25 02:00:00,12.07503,-46.69167,3.36863,JJA,LA-PLATA,95126.02497226188,26.4238958256283,decay 2
5790,19950654,1995-07-25 03:00:00,13.28982,-47.12045,3.27397,JJA,LA-PLATA,103872.23412009054,28.853398366691817,decay 2
5791,19950654,1995-07-25 04:00:00,14.60193,-47.58891,3.1769,JJA,LA-PLATA,111725.23717190216,31.034788103306155,decay 2
5792,19950654,1995-07-25 05:00:00,15.97825,-48.07108,3.12287,JJA,LA-PLATA,115886.39674464782,32.19066576240217,decay 2
5793,19950654,1995-07-25 06:00:00,17.31429,-48.64194,3.09714,JJA,LA-PLATA,117362.24429490604,32.600623415251675,decay 2
5794,19950655,1995-07-24 02:00:00,-85.4588,-53.52118,4.92331,JJA,SAt,,,mature 2
5795,19950655,1995-07-24 03:00:00,-85.26224,-52.89391,5.00583,JJA,SAt,70966.99449034051,19.713054025094586,mature 2
5796,19950655,1995-07-24 04:00:00,-84.90231,-52.36415,5.07531,JJA,SAt,63718.924627323846,17.699701285367734,mature 2
5797,19950655,1995-07-24 05:00:00,-84.50497,-51.94784,5.19676,JJA,SAt,53643.74566814172,14.901040463372698,mature 2
5798,19950655,1995-07-24 06:00:00,-84.00919,-51.63458,5.28437,JJA,SAt,48744.4226039465,13.540117389985138,mature 2
5799,19950655,1995-07-24 07:00:00,-83.55203,-51.33453,5.35673,JJA,SAt,45991.549443645315,12.775430401012587,mature 2
5800,19950655,1995-07-24 08:00:00,-83.05045,-51.06718,5.3795,JJA,SAt,45880.65798744097,12.744627218733603,mature 2
5801,19950655,1995-07-24 09:00:00,-82.59296,-50.78852,5.37522,JJA,SAt,44588.94854736691,12.385819040935253,mature 2
5802,19950655,1995-07-24 10:00:00,-82.17096,-50.36679,4.95717,JJA,SAt,55560.76356421076,15.43354543450299,decay 2
5803,19950655,1995-07-24 11:00:00,-81.62277,-50.07301,4.88668,JJA,SAt,50875.13195289287,14.131981098025799,decay 2
5804,19950655,1995-07-24 12:00:00,-81.0965,-49.73572,4.83166,JJA,SAt,53170.6683050054,14.769630084723723,decay 2
5805,19950655,1995-07-24 13:00:00,-80.58166,-49.47912,4.74958,JJA,SAt,46801.02209853321,13.000283916259226,decay 2
5806,19950655,1995-07-24 14:00:00,-80.08478,-49.20611,4.66817,JJA,SAt,47089.11973171667,13.080311036587965,decay 2
5807,19950655,1995-07-24 15:00:00,-79.59085,-48.94725,4.47429,JJA,SAt,46074.30859458826,12.798419054052296,decay 2
5808,19950655,1995-07-24 16:00:00,-79.12875,-48.7276,4.29752,JJA,SAt,41717.34655595247,11.588151821097908,decay 2
5809,19950655,1995-07-24 17:00:00,-78.66708,-48.48597,4.09753,JJA,SAt,43290.73864397569,12.025205178882135,decay 2
5810,19950655,1995-07-24 18:00:00,-78.23123,-48.1891,3.93254,JJA,SAt,46125.5433383421,12.812650927317248,decay 2
5811,19950655,1995-07-24 19:00:00,-77.71344,-47.99543,3.78871,JJA,SAt,44075.72292365442,12.243256367681784,decay 2
5812,19950655,1995-07-24 20:00:00,-77.09509,-47.89117,3.62676,JJA,SAt,47494.76895989961,13.192991377749891,decay 2
5813,19950655,1995-07-24 21:00:00,-76.58426,-47.61969,3.49404,JJA,SAt,48678.005104449345,13.521668084569262,decay 2
5814,19950655,1995-07-24 22:00:00,-76.77722,-47.24015,2.75521,JJA,SAt,44629.26763352353,12.39701878708987,decay 2
5815,19950655,1995-07-24 23:00:00,-77.57367,-45.49696,2.54267,JJA,SAt,203235.56984417734,56.45432495671593,decay 2
5816,19950655,1995-07-25 00:00:00,-77.59418,-44.73346,2.37611,JJA,SAt,84912.69863879487,23.586860732998574,decay 2
5817,19950655,1995-07-25 01:00:00,-77.53302,-44.08501,2.22039,JJA,SAt,72267.922077283,20.074422799245276,decay 2
5818,19950655,1995-07-25 02:00:00,-77.48141,-43.51604,2.12431,JJA,SAt,63402.102802675276,17.611695222965356,decay 2
5819,19950655,1995-07-25 03:00:00,-77.50641,-42.98665,1.93623,JJA,SAt,58900.3755521977,16.361215431166027,decay 2
5820,19950655,1995-07-25 04:00:00,-77.52328,-42.5251,1.79754,JJA,SAt,51340.569609027865,14.261269335841074,decay 2
5821,19950655,1995-07-25 05:00:00,-77.41797,-42.03812,1.76375,JJA,SAt,54838.44301764087,15.232900838233576,decay 2
5822,19950655,1995-07-25 06:00:00,-77.43283,-41.48873,1.67944,JJA,SAt,61101.898438894386,16.972749566359553,decay 2
5823,19950655,1995-07-25 07:00:00,-77.65146,-40.69601,1.56314,JJA,SAt,90030.46086026542,25.008461350073727,decay 2
5824,19950655,1995-07-25 08:00:00,-77.64819,-40.09171,1.53809,JJA,SAt,67195.7597140238,18.66548880945106,decay 2
5825,19950655,1995-07-25 09:00:00,-77.49695,-39.60926,1.55855,JJA,SAt,55177.78046801878,15.327161241116327,decay 2
5826,19950655,1995-07-25 10:00:00,-77.21664,-39.43997,1.4103,JJA,SAt,30534.938566228804,8.481927379508,decay 2
5827,19950655,1995-07-25 11:00:00,-76.90839,-39.13288,1.35899,JJA,SAt,43241.223348441694,12.011450930122693,decay 2
5828,19950655,1995-07-25 12:00:00,-77.53882,-37.8925,1.2776,JJA,SAt,148429.89141370746,41.230525392696514,decay 2
5829,19950655,1995-07-25 13:00:00,-78.78271,-36.45448,1.25931,JJA,SAt,194197.4388473988,53.94373301316633,decay 2
5830,19950655,1995-07-25 14:00:00,-79.2431,-35.77341,1.26179,JJA,SAt,86287.64566552323,23.96879046264534,decay 2
5831,19950655,1995-07-25 15:00:00,-78.83832,-35.64836,1.27689,JJA,SAt,39102.33254508137,10.861759040300381,decay 2
5832,19950655,1995-07-25 16:00:00,-78.49365,-35.48363,1.31184,JJA,SAt,36158.64360096199,10.044067666933886,decay 2
5833,19950655,1995-07-25 17:00:00,-78.59994,-35.10546,1.26651,JJA,SAt,43142.91614458798,11.98414337349666,decay 2
5834,19950655,1995-07-25 18:00:00,-78.86533,-34.83081,1.23161,JJA,SAt,38954.74282911446,10.820761896976238,decay 2
5835,19950655,1995-07-25 19:00:00,-79.10071,-34.51265,1.20173,JJA,SAt,41411.7218382965,11.503256066193472,decay 2
5836,19950655,1995-07-25 20:00:00,-79.1076,-34.32085,1.13864,JJA,SAt,21336.579790454736,5.92682771957076,decay 2
5837,19950656,1995-07-24 09:00:00,-59.18543,-47.27636,2.14627,JJA,LA-PLATA,,,mature 2
5838,19950656,1995-07-24 10:00:00,-59.36801,-47.70761,2.3326,JJA,LA-PLATA,49876.407315693104,13.854557587692529,decay 2
5839,19950656,1995-07-24 11:00:00,-58.63574,-47.90789,2.36586,JJA,LA-PLATA,59046.96606873419,16.401935019092832,decay 2
5840,19950656,1995-07-24 12:00:00,-57.71829,-48.15067,2.48262,JJA,LA-PLATA,73369.62688391974,20.38045191219993,decay 2
5841,19950656,1995-07-24 13:00:00,-56.78067,-48.39798,2.64488,JJA,LA-PLATA,74640.73675816307,20.73353798837863,decay 2
5842,19950656,1995-07-24 14:00:00,-55.93195,-48.69619,2.83663,JJA,LA-PLATA,70729.60444461387,19.647112345726075,decay 2
5843,19950656,1995-07-24 15:00:00,-55.23352,-49.0008,2.98225,JJA,LA-PLATA,61310.62560937117,17.030729335936435,decay 2
5844,19950656,1995-07-24 16:00:00,-54.57748,-49.3433,3.08304,JJA,LA-PLATA,61032.638488143224,16.953510691150896,decay 2
5845,19950656,1995-07-24 17:00:00,-53.97983,-49.71395,3.23767,JJA,LA-PLATA,59658.665511566294,16.57185153099064,decay 2
5846,19950656,1995-07-24 18:00:00,-53.38946,-50.07857,3.30034,JJA,LA-PLATA,58583.359546864405,16.273155429684557,decay 2
5847,19950656,1995-07-24 19:00:00,-52.75394,-50.41602,3.30951,JJA,LA-PLATA,58736.83656472337,16.315787934645382,decay 2
5848,19950656,1995-07-24 20:00:00,-52.01502,-50.68272,3.29578,JJA,LA-PLATA,60042.60831305831,16.678502309182864,decay 2
5849,19950656,1995-07-24 21:00:00,-51.30298,-50.95361,3.26968,JJA,LA-PLATA,58390.38319585419,16.219550887737277,decay 2
5850,19950656,1995-07-24 22:00:00,-51.10538,-51.27322,3.26871,JJA,LA-PLATA,38122.01378322229,10.589448273117302,decay 2
5851,19950656,1995-07-24 23:00:00,-50.49951,-51.63886,3.27011,JJA,LA-PLATA,58439.90707333387,16.23330752037052,decay 2
5852,19950656,1995-07-25 00:00:00,-49.72269,-51.98757,3.31804,JJA,LA-PLATA,65993.46508361779,18.331518078782718,decay 2
5853,19950656,1995-07-25 01:00:00,-49.16135,-52.436,3.31943,JJA,LA-PLATA,62841.68947566185,17.456024854350513,decay 2
5854,19950656,1995-07-25 02:00:00,-48.6152,-52.93941,3.42544,JJA,LA-PLATA,66995.69449612199,18.60991513781166,decay 2
5855,19950656,1995-07-25 03:00:00,-47.94354,-53.31252,3.4922,JJA,LA-PLATA,61070.633574712476,16.964064881864577,decay 2
5856,19950656,1995-07-25 04:00:00,-47.37875,-53.72361,3.66199,JJA,LA-PLATA,59023.27488214009,16.395354133927803,decay 2
5857,19950656,1995-07-25 05:00:00,-46.58063,-54.01618,3.78649,JJA,LA-PLATA,61615.01129556233,17.11528091543398,decay 2
5858,19950656,1995-07-25 06:00:00,-45.84897,-54.30886,3.88994,JJA,LA-PLATA,57689.264949025266,16.024795819173686,decay 2
5859,19950656,1995-07-25 07:00:00,-45.17557,-54.59306,4.00142,JJA,LA-PLATA,53794.73838530405,14.942982884806682,decay 2
5860,19950656,1995-07-25 08:00:00,-44.54605,-54.9023,4.11251,JJA,LA-PLATA,53053.69288303277,14.737136911953547,decay 2
5861,19950656,1995-07-25 09:00:00,-43.92441,-55.20108,4.23184,JJA,LA-PLATA,51687.50730678685,14.357640918551903,decay 2
5862,19950656,1995-07-25 10:00:00,-43.49905,-55.43859,4.25999,JJA,LA-PLATA,37706.05397504059,10.473903881955719,decay 2
5863,19950656,1995-07-25 11:00:00,-42.67343,-55.53857,4.28638,JJA,LA-PLATA,53188.41021405712,14.774558392793644,decay 2
5864,19950656,1995-07-25 12:00:00,-42.20682,-55.80107,4.29299,JJA,LA-PLATA,41330.02574807647,11.48056270779902,decay 2
5865,19950656,1995-07-25 13:00:00,-42.14218,-56.21719,4.29154,JJA,LA-PLATA,46444.649532740055,12.901291536872238,decay 2
5866,19950656,1995-07-25 14:00:00,-42.56754,-56.79831,4.31798,JJA,LA-PLATA,69689.41929272265,19.358172025756293,decay 2
5867,19950656,1995-07-25 15:00:00,-43.16367,-57.35895,4.38893,JJA,LA-PLATA,72000.7479893911,20.00020777483086,decay 2
5868,19950656,1995-07-25 16:00:00,-43.85565,-57.8659,4.42961,JJA,LA-PLATA,69829.66722734307,19.397129785373075,decay 2
5869,19950656,1995-07-25 17:00:00,-46.4527,-58.57467,4.45259,JJA,LA-PLATA,171278.35163335828,47.577319898155075,decay 2
5870,19950656,1995-07-25 18:00:00,-49.33997,-58.79421,4.56531,JJA,LA-PLATA,168628.76411470232,46.84132336519509,decay 2
5871,19950656,1995-07-25 19:00:00,-52.27103,-58.26873,4.70189,JJA,LA-PLATA,179875.75140744046,49.965486502066796,decay 2
5872,19950656,1995-07-25 20:00:00,-53.1528,-57.99768,4.90056,JJA,LA-PLATA,59898.656750377835,16.638515763993844,decay 2
5873,19950656,1995-07-25 21:00:00,-52.98798,-58.15844,5.07854,JJA,LA-PLATA,20333.500742389402,5.648194650663723,decay 2
5874,19950656,1995-07-25 22:00:00,-54.89389,-57.01295,5.33312,JJA,LA-PLATA,170659.363628525,47.40537878570139,decay 2
5875,19950656,1995-07-25 23:00:00,-54.02969,-57.54082,5.59858,JJA,LA-PLATA,78380.93708561634,21.77248252378232,decay 2
5876,19950656,1995-07-26 00:00:00,-53.41284,-57.89621,5.95387,JJA,LA-PLATA,53884.71693389283,14.967976926081342,decay 2
5877,19950656,1995-07-26 01:00:00,-52.94989,-58.16515,6.35173,JJA,LA-PLATA,40461.7678718813,11.239379964411471,decay 2
5878,19950656,1995-07-26 02:00:00,-52.57251,-58.38707,6.69901,JJA,LA-PLATA,33102.709799735705,9.195197166593251,decay 2
5879,19950656,1995-07-26 03:00:00,-52.27762,-58.56714,7.04221,JJA,LA-PLATA,26359.681124542356,7.32213364570621,decay 2
5880,19950656,1995-07-26 04:00:00,-52.06439,-58.72227,7.27585,JJA,LA-PLATA,21207.608270116936,5.891002297254705,decay 2
5881,19950656,1995-07-26 05:00:00,-51.83749,-58.86658,7.43747,JJA,LA-PLATA,20697.065736179014,5.749184926716393,decay 2
5882,19950656,1995-07-26 06:00:00,-51.61517,-58.99257,7.55804,JJA,LA-PLATA,18948.27275940031,5.26340909983342,decay 2
5883,19950656,1995-07-26 07:00:00,-51.34351,-59.10777,7.66377,JJA,LA-PLATA,20135.276488636984,5.593132357954718,decay 2
5884,19950656,1995-07-26 08:00:00,-51.05548,-59.23046,7.69829,JJA,LA-PLATA,21343.523884031354,5.928756634453154,decay 2
5885,19950656,1995-07-26 09:00:00,-50.75717,-59.33162,7.75621,JJA,LA-PLATA,20338.190706308676,5.6494974184190765,decay 2
5886,19950656,1995-07-26 10:00:00,-49.82013,-59.53027,8.04146,JJA,LA-PLATA,57409.62134739262,15.947117040942395,decay 2
5887,19950656,1995-07-26 11:00:00,-49.55542,-59.62214,8.11242,JJA,LA-PLATA,18070.017299968193,5.0194492499911645,decay 2
5888,19950656,1995-07-26 12:00:00,-49.3053,-59.68599,8.09762,JJA,LA-PLATA,15743.055389990845,4.373070941664124,decay 2
5889,19950656,1995-07-26 13:00:00,-49.07907,-59.69876,8.08096,JJA,LA-PLATA,12773.779520733828,3.54827208909273,decay 2
5890,19950656,1995-07-26 14:00:00,-48.82642,-59.68625,8.03097,JJA,LA-PLATA,14245.160710362008,3.956989086211669,decay 2
5891,19950656,1995-07-26 15:00:00,-48.37091,-59.66548,7.95684,JJA,LA-PLATA,25677.006025874813,7.132501673854114,decay 2
5892,19950656,1995-07-26 16:00:00,-47.76236,-59.68505,7.77032,JJA,LA-PLATA,34234.58636317204,9.509607323103346,decay 2
5893,19950656,1995-07-26 17:00:00,-46.74252,-59.73363,7.55549,JJA,LA-PLATA,57452.00920303524,15.958891445287566,decay 2
5894,19950656,1995-07-26 18:00:00,-45.39477,-59.80054,7.37869,JJA,LA-PLATA,75823.12731252272,21.06197980903409,decay 2
5895,19950656,1995-07-26 19:00:00,-44.436,-59.85595,7.22264,JJA,LA-PLATA,53934.3784927945,14.981771803554029,decay 2
5896,19950656,1995-07-26 20:00:00,-43.45694,-59.9141,7.1039,JJA,LA-PLATA,55003.27477319944,15.278687436999844,decay 2
5897,19950656,1995-07-26 21:00:00,-42.36835,-59.98071,7.01528,JJA,LA-PLATA,61069.2340623221,16.963676128422808,decay 2
5898,19950656,1995-07-26 22:00:00,-41.8548,-60.12557,6.84537,JJA,LA-PLATA,32742.263939137025,9.095073316426951,decay 2
5899,19950656,1995-07-26 23:00:00,-41.13605,-60.16477,6.79456,JJA,LA-PLATA,40023.0992202428,11.117527561178557,decay 2
5900,19950656,1995-07-27 00:00:00,-40.57678,-60.19438,6.73199,JJA,LA-PLATA,31099.76978331569,8.638824939809913,decay 2
5901,19950656,1995-07-27 01:00:00,-39.97803,-60.24203,6.65843,JJA,LA-PLATA,33490.856863603534,9.303015795445425,decay 2
5902,19950656,1995-07-27 02:00:00,-39.36237,-60.29366,6.55337,JJA,LA-PLATA,34433.48661250731,9.564857392363141,decay 2
5903,19950656,1995-07-27 03:00:00,-38.92944,-60.32172,6.47958,JJA,LA-PLATA,24048.83234242018,6.680231206227828,decay 2
5904,19950656,1995-07-27 04:00:00,-38.60672,-60.33778,6.43164,JJA,LA-PLATA,17852.807727348496,4.959113257596805,decay 2
5905,19950656,1995-07-27 05:00:00,-38.36939,-60.34138,6.43097,JJA,LA-PLATA,13065.407414063116,3.629279837239755,decay 2
5906,19950656,1995-07-27 06:00:00,-38.22287,-60.31248,6.40075,JJA,LA-PLATA,8682.12213327811,2.4117005925772528,decay 2
5907,19950656,1995-07-27 07:00:00,-38.08066,-60.27465,6.37059,JJA,LA-PLATA,8893.908014239216,2.470530003955338,decay 2
5908,19950656,1995-07-27 08:00:00,-37.95749,-60.21651,6.31847,JJA,LA-PLATA,9380.538944539152,2.6057052623719867,decay 2
5909,19950656,1995-07-27 09:00:00,-37.83331,-60.15947,6.21085,JJA,LA-PLATA,9346.33629806527,2.5962045272403524,decay 2
5910,19950656,1995-07-27 10:00:00,-39.35571,-59.97656,5.91733,JJA,LA-PLATA,86879.58849600548,24.13321902666819,decay 2
5911,19950656,1995-07-27 11:00:00,-39.65573,-59.82439,5.87763,JJA,LA-PLATA,23795.24923074137,6.609791452983714,decay 2
5912,19950656,1995-07-27 12:00:00,-40.08283,-59.62635,5.86976,JJA,LA-PLATA,32529.479516960797,9.03596653248911,decay 2
5913,19950656,1995-07-27 13:00:00,-40.4584,-59.43743,5.84251,JJA,LA-PLATA,29827.703074892284,8.285473076358969,decay 2
5914,19950656,1995-07-27 14:00:00,-40.62253,-59.26999,5.83246,JJA,LA-PLATA,20813.2761379344,5.781465593870667,decay 2
5915,19950656,1995-07-27 15:00:00,-40.28159,-59.20412,5.9,JJA,LA-PLATA,20728.086799654266,5.7578018887928515,decay 2
5916,19950656,1995-07-27 16:00:00,-39.79712,-59.16531,5.91899,JJA,LA-PLATA,27931.76252371516,7.758822923254211,decay 2
5917,19950656,1995-07-27 17:00:00,-39.07065,-59.14783,5.92566,JJA,LA-PLATA,41460.72994628043,11.516869429522341,decay 2
5918,19950656,1995-07-27 18:00:00,-38.10638,-59.16982,5.90353,JJA,LA-PLATA,55022.351921684174,15.28398664491227,decay 2
5919,19950656,1995-07-27 19:00:00,-37.39786,-59.16132,5.77517,JJA,LA-PLATA,40392.282389131375,11.220078441425382,decay 2
5920,19950656,1995-07-27 20:00:00,-36.46988,-59.15951,5.66576,JJA,LA-PLATA,52897.2515295592,14.693680980433111,decay 2
5921,19950656,1995-07-27 21:00:00,-35.4057,-59.17236,5.52088,JJA,LA-PLATA,60667.44839014945,16.852068997263736,decay 2
5922,19950656,1995-07-27 22:00:00,-34.08289,-59.33328,4.84458,JJA,LA-PLATA,77297.97099582112,21.47165860995031,incipient
5923,19950656,1995-07-27 23:00:00,-32.38602,-59.42541,4.71742,JJA,LA-PLATA,96648.08052102302,26.846689033617505,intensification
5924,19950656,1995-07-28 00:00:00,-31.06357,-59.43171,4.64154,JJA,LA-PLATA,74793.45732497289,20.775960368048025,intensification
5925,19950656,1995-07-28 01:00:00,-29.91229,-59.39703,4.55839,JJA,LA-PLATA,65251.37882521774,18.125383007004928,intensification
5926,19950656,1995-07-28 02:00:00,-28.91147,-59.33347,4.47795,JJA,LA-PLATA,57145.570723112956,15.873769645309155,intensification
5927,19950656,1995-07-28 03:00:00,-28.01065,-59.25841,4.45911,JJA,LA-PLATA,51821.642897614045,14.39490080489279,intensification
5928,19950656,1995-07-28 04:00:00,-27.32309,-59.18667,4.44581,JJA,LA-PLATA,39926.34415391836,11.090651153866212,intensification
5929,19950656,1995-07-28 05:00:00,-26.60455,-59.13245,4.40046,JJA,LA-PLATA,41400.815802586825,11.500226611829675,intensification
5930,19950656,1995-07-28 06:00:00,-25.77881,-59.05313,4.36871,JJA,LA-PLATA,47979.67283346318,13.327686898184217,intensification
5931,19950656,1995-07-28 07:00:00,-24.87918,-58.99814,4.31543,JJA,LA-PLATA,51844.61088088823,14.40128080024673,intensification
5932,19950656,1995-07-28 08:00:00,-23.96524,-58.92354,4.25516,JJA,LA-PLATA,53052.66932847519,14.736852591243109,intensification
5933,19950656,1995-07-28 09:00:00,-23.12909,-58.82997,4.15743,JJA,LA-PLATA,49170.42774074958,13.658452150208218,intensification
5934,19950656,1995-07-28 10:00:00,-21.9122,-58.70954,4.24464,JJA,LA-PLATA,71421.99252799671,19.839442368887976,incipient
5935,19950656,1995-07-28 11:00:00,-21.15884,-58.63,4.15452,JJA,LA-PLATA,44446.45055390058,12.346236264972383,incipient
5936,19950656,1995-07-28 12:00:00,-20.58023,-58.49881,4.10535,JJA,LA-PLATA,36588.74287083226,10.163539686342295,incipient
5937,19950656,1995-07-28 13:00:00,-20.00024,-58.37623,4.06506,JJA,LA-PLATA,36404.73832427901,10.112427312299724,incipient
5938,19950656,1995-07-28 14:00:00,-19.38611,-58.26549,3.97173,JJA,LA-PLATA,37917.356289463045,10.53259896929529,incipient
5939,19950656,1995-07-28 15:00:00,-18.71933,-58.13983,3.89665,JJA,LA-PLATA,41490.352430730854,11.525097897425237,incipient
5940,19950656,1995-07-28 16:00:00,-18.03818,-58.01395,3.85188,JJA,LA-PLATA,42425.42323629779,11.784839787860498,decay
5941,19950656,1995-07-28 17:00:00,-17.25647,-57.90943,3.76685,JJA,LA-PLATA,47552.88294208893,13.209134150580258,decay
5942,19950657,1995-07-24 10:00:00,-7.41363,-57.34219,2.86246,JJA,SAt,,,decay 2
5943,19950657,1995-07-24 11:00:00,-7.04877,-57.03376,2.91795,JJA,SAt,40737.21677214629,11.315893547818414,decay 2
5944,19950657,1995-07-24 12:00:00,-6.56876,-56.71304,2.97201,JJA,SAt,46071.80514444706,12.797723651235295,decay 2
5945,19950657,1995-07-24 13:00:00,-5.92627,-56.35421,3.04597,JJA,SAt,56071.764596078785,15.57549016557744,decay 2
5946,19950657,1995-07-24 14:00:00,-4.95181,-55.89406,3.09407,JJA,SAt,79155.22431392713,21.987562309424202,decay 2
5947,19950657,1995-07-24 15:00:00,-3.87781,-55.38353,3.1598,JJA,SAt,88122.5713375335,24.47849203820375,decay 2
5948,19950657,1995-07-24 16:00:00,-3.08682,-54.93636,3.25516,JJA,SAt,70689.7621048341,19.63604502912058,decay 2
5949,19950657,1995-07-24 17:00:00,-2.75797,-54.57888,3.3038,JJA,SAt,45003.02090060961,12.500839139058225,decay 2
5950,19950657,1995-07-24 18:00:00,-2.50223,-54.27023,3.32564,JJA,SAt,38099.663067483605,10.583239740967668,decay 2
5951,19950657,1995-07-24 19:00:00,-2.21429,-53.94168,3.38024,JJA,SAt,41073.50075559812,11.409305765443923,decay 2
5952,19950657,1995-07-24 20:00:00,-1.88458,-53.60429,3.38142,JJA,SAt,43323.19585572117,12.034221071033658,decay 2
5953,19950657,1995-07-24 21:00:00,-1.60831,-53.22064,3.38238,JJA,SAt,46423.52860505156,12.895424612514322,decay 2
5954,19950657,1995-07-24 22:00:00,-0.91904,-53.63915,3.27058,JJA,SAt,65198.18802941984,18.110607785949956,decay 2
5955,19950657,1995-07-24 23:00:00,-0.57773,-53.32743,3.24818,JJA,SAt,41369.624555216156,11.491562376448933,decay 2
5956,19950657,1995-07-25 00:00:00,-0.28436,-52.88034,3.24847,JJA,SAt,53432.67826345958,14.842410628738772,decay 2
5957,19950657,1995-07-25 01:00:00,0.28766,-52.4244,3.30213,JJA,SAt,63711.63809151744,17.697677247643732,decay 2
5958,19950657,1995-07-25 02:00:00,0.94347,-52.02994,3.27641,JJA,SAt,62601.99429058549,17.38944285849597,decay 2
5959,19950657,1995-07-25 03:00:00,1.56416,-51.70694,3.22025,JJA,SAt,55732.11915283586,15.481144209121073,decay 2
5960,19950657,1995-07-25 04:00:00,2.20047,-51.39726,3.13039,JJA,SAt,55868.73065005658,15.51909184723794,decay 2
5961,19950657,1995-07-25 05:00:00,2.87128,-51.08579,3.11011,JJA,SAt,58138.175802632264,16.149493278508963,decay 2
5962,19950657,1995-07-25 06:00:00,3.51746,-50.79297,3.07449,JJA,SAt,55768.56202344817,15.491267228735602,decay 2
5963,19950657,1995-07-25 07:00:00,4.25777,-50.44072,3.07445,JJA,SAt,65285.80541626592,18.134945948962756,decay 2
5964,19950657,1995-07-25 08:00:00,4.9367,-50.10897,3.04982,JJA,SAt,60734.306989163306,16.87064083032314,decay 2
5965,19950657,1995-07-25 09:00:00,5.55024,-49.7276,2.94513,JJA,SAt,61056.16502356944,16.9600458398804,decay 2
5966,19950657,1995-07-25 10:00:00,7.01204,-49.67692,2.73257,JJA,SAt,105276.79734261299,29.243554817392496,decay 2
5967,19950657,1995-07-25 11:00:00,7.53881,-49.50233,2.68163,JJA,SAt,42646.06181188059,11.846128281077942,decay 2
5968,19950657,1995-07-25 12:00:00,8.17809,-49.29683,2.57167,JJA,SAt,51596.154192488415,14.332265053469005,decay 2
5969,19950657,1995-07-25 13:00:00,8.87002,-49.23868,2.45952,JJA,SAt,50619.24664373052,14.0609018454807,decay 2
5970,19950657,1995-07-25 14:00:00,9.53815,-49.06971,2.29658,JJA,SAt,52095.25849051166,14.470905136253238,decay 2
5971,19950658,1995-07-25 03:00:00,-56.06116,-35.98352,2.92524,JJA,LA-PLATA,,,decay 2
5972,19950658,1995-07-25 04:00:00,-55.58566,-36.30002,2.98508,JJA,LA-PLATA,55332.602063306185,15.370167239807273,decay 2
5973,19950658,1995-07-25 05:00:00,-55.08624,-36.54542,3.05018,JJA,LA-PLATA,52357.84674536771,14.543846318157696,decay 2
5974,19950658,1995-07-25 06:00:00,-54.48285,-36.82176,3.07781,JJA,LA-PLATA,61961.5204422092,17.21153345616922,decay 2
5975,19950658,1995-07-25 07:00:00,-53.76477,-37.15107,3.06273,JJA,LA-PLATA,73543.81796818625,20.42883832449618,decay 2
5976,19950658,1995-07-25 08:00:00,-53.03516,-37.49773,3.02046,JJA,LA-PLATA,75153.17805018989,20.875882791719413,decay 2
5977,19950658,1995-07-25 09:00:00,-52.36896,-37.75252,2.97444,JJA,LA-PLATA,65153.56456618627,18.098212379496186,decay 2
5978,19950658,1995-07-25 10:00:00,-51.85678,-37.83274,3.28003,JJA,LA-PLATA,45880.717452152276,12.744643736708966,decay 2
5979,19950658,1995-07-25 11:00:00,-50.85718,-38.2779,3.16439,JJA,LA-PLATA,100548.92378408254,27.930256606689593,decay 2
5980,19950658,1995-07-25 12:00:00,-49.76273,-38.78769,3.11787,JJA,LA-PLATA,110795.78584618124,30.77660717949479,decay 2
5981,19950658,1995-07-25 13:00:00,-48.76172,-39.25131,3.11989,JJA,LA-PLATA,100677.33662902743,27.96592684139651,decay 2
5982,19950658,1995-07-25 14:00:00,-47.72507,-39.80184,3.08942,JJA,LA-PLATA,107946.27958238112,29.985077661772532,decay 2
5983,19950658,1995-07-25 15:00:00,-46.62845,-40.32262,3.13536,JJA,LA-PLATA,109830.20754366046,30.50839098435013,decay 2
5984,19950658,1995-07-25 16:00:00,-45.82422,-40.63905,3.14873,JJA,LA-PLATA,76580.94660493897,21.272485168038603,decay 2
5985,19950658,1995-07-25 17:00:00,-44.9382,-41.11945,3.24946,JJA,LA-PLATA,91663.67193165171,25.462131092125475,decay 2
5986,19950658,1995-07-25 18:00:00,-44.17071,-41.47294,3.3601,JJA,LA-PLATA,75206.16811064286,20.89060225295635,decay 2
5987,19950658,1995-07-25 19:00:00,-43.4021,-41.76956,3.50642,JJA,LA-PLATA,71900.85067771736,19.972458521588155,decay 2
5988,19950658,1995-07-25 20:00:00,-42.71072,-42.02726,3.63622,JJA,LA-PLATA,63996.11401917099,17.77669833865861,decay 2
5989,19950658,1995-07-25 21:00:00,-42.02658,-42.29438,3.79849,JJA,LA-PLATA,63734.19600353193,17.703943334314424,decay 2
5990,19950658,1995-07-25 22:00:00,-40.89633,-42.48605,4.38864,JJA,LA-PLATA,95236.79547543144,26.454665409842068,decay 2
5991,19950658,1995-07-25 23:00:00,-40.09537,-42.66045,4.39804,JJA,LA-PLATA,68393.55945022638,18.998210958396218,decay 2
5992,19950658,1995-07-26 00:00:00,-39.31549,-42.79308,4.49566,JJA,LA-PLATA,65388.009877641736,18.163336077122704,decay 2
5993,19950658,1995-07-26 01:00:00,-38.52139,-42.88306,4.53177,JJA,LA-PLATA,65516.703278612265,18.199084244058962,decay 2
5994,19950658,1995-07-26 02:00:00,-37.70343,-43.00772,4.64154,JJA,LA-PLATA,68005.38452861343,18.89038459128151,decay 2
5995,19950658,1995-07-26 03:00:00,-36.94736,-43.07345,4.74986,JJA,LA-PLATA,61878.14871479954,17.18837464299987,decay 2
5996,19950658,1995-07-26 04:00:00,-36.19931,-43.13493,4.69707,JJA,LA-PLATA,61113.71351691012,16.976031532475034,decay 2
5997,19950658,1995-07-26 05:00:00,-35.44766,-43.16487,4.71571,JJA,LA-PLATA,61067.65411674547,16.96323725465152,decay 2
5998,19950658,1995-07-26 06:00:00,-34.63657,-43.23391,4.64036,JJA,LA-PLATA,66192.18538435725,18.386718162321458,decay 2
5999,19950658,1995-07-26 07:00:00,-33.86618,-43.30532,4.60162,JJA,LA-PLATA,62877.920140277005,17.466088927854724,decay 2
6000,19950658,1995-07-26 08:00:00,-33.10355,-43.39523,4.58006,JJA,LA-PLATA,62469.53829691724,17.352649526921457,decay 2
6001,19950658,1995-07-26 09:00:00,-32.31967,-43.43057,4.45471,JJA,LA-PLATA,63438.96790778922,17.62193552994145,decay 2
6002,19950658,1995-07-26 10:00:00,-31.5148,-43.79566,4.38512,JJA,LA-PLATA,76463.60849367573,21.239891248243257,decay 2
6003,19950658,1995-07-26 11:00:00,-30.68246,-43.81136,4.3012,JJA,LA-PLATA,66819.03910400136,18.560844195555934,decay 2
6004,19950658,1995-07-26 12:00:00,-29.86652,-43.80744,4.27085,JJA,LA-PLATA,65475.11713732223,18.187532538145064,decay 2
6005,19950658,1995-07-26 13:00:00,-29.08371,-43.79256,4.26795,JJA,LA-PLATA,62846.89659177836,17.457471275493987,decay 2
6006,19950658,1995-07-26 14:00:00,-28.24445,-43.73991,4.30333,JJA,LA-PLATA,67647.37132382925,18.79093647884146,decay 2
6007,19950658,1995-07-26 15:00:00,-27.44397,-43.67194,4.27613,JJA,LA-PLATA,64786.63732250196,17.996288145139435,decay 2
6008,19950658,1995-07-26 16:00:00,-26.60992,-43.59611,4.21355,JJA,LA-PLATA,67650.57328101374,18.791825911392706,decay 2
6009,19950658,1995-07-26 17:00:00,-25.84042,-43.51393,4.10661,JJA,LA-PLATA,62679.24462202672,17.41090128389631,decay 2
6010,19950658,1995-07-26 18:00:00,-25.11469,-43.42331,3.98109,JJA,LA-PLATA,59426.70807490104,16.507418909694735,decay 2
6011,19950658,1995-07-26 19:00:00,-24.09363,-43.37657,3.90764,JJA,LA-PLATA,82656.11758963409,22.960032663787246,decay 2
6012,19950658,1995-07-26 20:00:00,-23.17172,-43.33657,3.7574,JJA,LA-PLATA,74668.09426508653,20.74113729585737,decay 2
6013,19950658,1995-07-26 21:00:00,-21.99268,-43.35502,3.69715,JJA,LA-PLATA,95362.90079729853,26.489694665916257,decay 2
6014,19950658,1995-07-26 22:00:00,-21.17792,-43.57062,3.82852,JJA,LA-PLATA,69990.8646958826,19.44190685996739,decay 2
6015,19950658,1995-07-26 23:00:00,-19.87311,-43.63957,3.73497,JJA,LA-PLATA,105338.35946474357,29.260655406873212,decay 2
6016,19950658,1995-07-27 00:00:00,-18.43796,-43.69398,3.70301,JJA,LA-PLATA,115593.17062819906,32.10921406338863,decay 2
6017,19950658,1995-07-27 01:00:00,-16.9997,-43.73761,3.66667,JJA,LA-PLATA,115692.12681717603,32.13670189366001,decay 2
6018,19950658,1995-07-27 02:00:00,-15.4837,-43.80124,3.63105,JJA,LA-PLATA,121934.35409033767,33.870653913982686,decay 2
6019,19950658,1995-07-27 03:00:00,-13.85837,-43.85585,3.63352,JJA,LA-PLATA,130519.67332067424,36.255464811298395,decay 2
6020,19950658,1995-07-27 04:00:00,-12.85327,-43.77213,3.53483,JJA,LA-PLATA,81181.60387337199,22.550445520381107,decay 2
6021,19950658,1995-07-27 05:00:00,-12.16089,-43.59675,3.49782,JJA,LA-PLATA,58991.51513824031,16.38653198284453,decay 2
6022,19950658,1995-07-27 06:00:00,-11.28275,-43.46835,3.46976,JJA,LA-PLATA,72215.92181959614,20.059978283221152,decay 2
6023,19950658,1995-07-27 07:00:00,-10.51602,-43.31998,3.48951,JJA,LA-PLATA,64110.121655244424,17.808367126456783,decay 2
6024,19950658,1995-07-27 08:00:00,-9.77701,-43.18431,3.49328,JJA,LA-PLATA,61722.972370470285,17.145270102908412,decay 2
6025,19950658,1995-07-27 09:00:00,-8.84308,-43.0236,3.47019,JJA,LA-PLATA,77898.26509235609,21.638406970098913,decay 2
6026,19950658,1995-07-27 10:00:00,-8.56424,-43.32973,4.02672,JJA,LA-PLATA,40865.31918646838,11.351477551796773,decay 2
6027,19950658,1995-07-27 11:00:00,-7.44214,-43.02911,3.98142,JJA,LA-PLATA,96930.76200887376,26.9252116691316,decay 2
6028,19950658,1995-07-27 12:00:00,-5.95459,-42.58395,3.96754,JJA,LA-PLATA,131056.90006852694,36.40469446347971,decay 2
6029,19950658,1995-07-27 13:00:00,-4.39828,-42.14373,3.95264,JJA,LA-PLATA,136913.0423605072,38.03140065569645,decay 2
6030,19950658,1995-07-27 14:00:00,-3.13199,-41.817,3.91266,JJA,LA-PLATA,110795.45185058787,30.776514402941075,decay 2
6031,19950658,1995-07-27 15:00:00,-2.57941,-41.71067,3.84011,JJA,LA-PLATA,47331.42363540982,13.147617676502728,decay 2
6032,19950658,1995-07-27 16:00:00,-1.95822,-41.57165,3.77975,JJA,LA-PLATA,53884.681647551995,14.96796712432,decay 2
6033,19950658,1995-07-27 17:00:00,-1.45776,-41.49555,3.71443,JJA,LA-PLATA,42507.47822368779,11.807632839913275,decay 2
6034,19950658,1995-07-27 18:00:00,-1.09824,-41.50485,3.67533,JJA,LA-PLATA,29958.63436727593,8.321842879798869,decay 2
6035,19950658,1995-07-27 19:00:00,-0.5571,-41.40502,3.68501,JJA,LA-PLATA,46443.59744129782,12.900999289249393,decay 2
6036,19950658,1995-07-27 20:00:00,-0.1582,-41.32612,3.70316,JJA,LA-PLATA,34425.97907989345,9.562771966637069,decay 2
6037,19950658,1995-07-27 21:00:00,0.65356,-41.20074,3.76697,JJA,LA-PLATA,69267.16089092223,19.240878025256173,decay 2
6038,19950659,1995-07-25 07:00:00,-81.23132,-72.58112,1.6343,JJA,SAt,,,decay 2
6039,19950659,1995-07-25 08:00:00,-80.16989,-72.87078,1.58541,JJA,SAt,47598.02250000629,13.221672916668414,decay 2
6040,19950659,1995-07-25 09:00:00,-79.40225,-73.07356,1.54658,JJA,SAt,33662.75417467975,9.350765048522153,decay 2
6041,19950659,1995-07-25 10:00:00,-79.97577,-72.81987,1.7862,JJA,SAt,33845.17846307669,9.401438461965748,decay 2
6042,19950659,1995-07-25 11:00:00,-80.59149,-72.87286,1.76704,JJA,SAt,21034.73731130041,5.842982586472337,decay 2
6043,19950659,1995-07-25 12:00:00,-80.90109,-72.88375,1.76954,JJA,SAt,10207.160486480678,2.835322357355744,decay 2
6044,19950659,1995-07-25 13:00:00,-80.97107,-72.84361,1.82136,JJA,SAt,5017.814213708007,1.3938372815855575,decay 2
6045,19950659,1995-07-25 14:00:00,-81.09164,-72.79472,1.90055,JJA,SAt,6725.838304802153,1.868288418000598,decay 2
6046,19950659,1995-07-25 15:00:00,-81.12985,-72.76573,1.92693,JJA,SAt,3460.2444070388437,0.9611790019552344,decay 2
6047,19950659,1995-07-25 16:00:00,-80.81525,-72.87272,1.95541,JJA,SAt,15757.775757768297,4.377159932713416,decay 2
6048,19950659,1995-07-25 17:00:00,-80.50037,-73.02978,1.99762,JJA,SAt,20257.74676222114,5.627151878394761,decay 2
6049,19950659,1995-07-25 18:00:00,-80.13031,-73.17903,2.04093,JJA,SAt,20455.76012715425,5.682155590876181,decay 2
6050,19950659,1995-07-25 19:00:00,-79.78772,-73.28538,2.05026,JJA,SAt,16143.812927441682,4.484392479844912,decay 2
6051,19950659,1995-07-25 20:00:00,-79.43433,-73.39122,2.02891,JJA,SAt,16292.465777733643,4.525684938259346,decay 2
6052,19950659,1995-07-25 21:00:00,-79.18207,-73.48736,2.00267,JJA,SAt,13349.311699129079,3.7081421386469664,decay 2
6053,19950659,1995-07-25 22:00:00,-80.74466,-73.10426,2.26423,JJA,SAt,65638.22459806247,18.232840166128465,decay 2
6054,19950659,1995-07-25 23:00:00,-80.89273,-73.20632,2.18776,JJA,SAt,12310.69846837046,3.4196384634362387,decay 2
6055,19950659,1995-07-26 00:00:00,-81.04675,-73.29984,2.16761,JJA,SAt,11510.471327880216,3.197353146633393,decay 2
6056,19950659,1995-07-26 01:00:00,-81.30359,-73.3864,2.143,JJA,SAt,12635.485264304334,3.509857017862315,decay 2
6057,19950659,1995-07-26 02:00:00,-81.43103,-73.44621,2.14089,JJA,SAt,7783.857122628441,2.1621825340634557,decay 2
6058,19950659,1995-07-26 03:00:00,-81.45853,-73.4901,2.16018,JJA,SAt,4957.310548736062,1.3770307079822395,decay 2
6059,19950659,1995-07-26 04:00:00,-81.00864,-73.54391,2.18178,JJA,SAt,15403.354854504854,4.278709681806904,decay 2
6060,19950659,1995-07-26 05:00:00,-80.4769,-73.57062,2.19105,JJA,SAt,16997.69722459909,4.721582562388637,decay 2
6061,19950659,1995-07-26 06:00:00,-79.96109,-73.57334,2.18628,JJA,SAt,16223.520752520606,4.506533542366835,decay 2
6062,19950659,1995-07-26 07:00:00,-79.71466,-73.56705,2.14725,JJA,SAt,7781.827982835745,2.16161888412104,decay 2
6063,19950659,1995-07-26 08:00:00,-79.75528,-73.5546,2.10311,JJA,SAt,1884.2418226774935,0.5234005062993038,decay 2
6064,19950659,1995-07-26 09:00:00,-80.05963,-73.54169,2.07386,JJA,SAt,9691.338608068745,2.692038502241318,decay 2
6065,19950659,1995-07-26 10:00:00,-81.46686,-73.3936,2.21051,JJA,SAt,47472.583421352785,13.186828728153552,decay 2
6066,19950659,1995-07-26 11:00:00,-81.89276,-73.45022,2.19461,JJA,SAt,14906.9805147056,4.140827920751556,decay 2
6067,19950659,1995-07-26 12:00:00,-82.37924,-73.4427,2.19933,JJA,SAt,15434.662695729163,4.287406304369212,decay 2
6068,19950659,1995-07-26 13:00:00,-83.37097,-73.38103,2.21715,JJA,SAt,32220.309912676712,8.950086086854641,decay 2
6069,19950659,1995-07-26 14:00:00,-85.05692,-73.27665,2.24771,JJA,SAt,55017.069955229636,15.282519432008232,decay 2
6070,19950659,1995-07-26 15:00:00,-87.07175,-73.1852,2.30427,JJA,SAt,65430.40634990228,18.175112874972857,decay 2
6071,19950659,1995-07-26 16:00:00,-88.22519,-73.13232,2.36464,JJA,SAt,37620.413932099116,10.450114981138643,decay 2
6072,19950659,1995-07-26 17:00:00,-88.6221,-73.09046,2.42735,JJA,SAt,13640.297199972112,3.7889714444366978,decay 2
6073,19950659,1995-07-26 18:00:00,-88.73407,-73.06554,2.46643,JJA,SAt,4561.957228133475,1.2672103411481874,decay 2
6074,19950659,1995-07-26 19:00:00,-88.64136,-73.04211,2.51681,JJA,SAt,3976.960007075062,1.1047111130764062,decay 2
6075,19950659,1995-07-26 20:00:00,-88.43369,-73.00125,2.58162,JJA,SAt,8130.896166400266,2.2585822684445183,decay 2
6076,19950659,1995-07-26 21:00:00,-88.12436,-72.92886,2.6741,JJA,SAt,12896.806040169153,3.582446122269209,decay 2
6077,19950659,1995-07-26 22:00:00,-87.36472,-72.70694,3.08495,JJA,SAt,35093.16727555927,9.748102020988687,decay 2
6078,19950659,1995-07-26 23:00:00,-86.74188,-72.57671,3.21048,JJA,SAt,25231.335554104575,7.008704320584604,decay 2
6079,19950659,1995-07-27 00:00:00,-86.1441,-72.42679,3.29549,JJA,SAt,26025.61099044298,7.229336386234161,decay 2
6080,19950659,1995-07-27 01:00:00,-85.4913,-72.25535,3.32254,JJA,SAt,29124.848887035998,8.090235801954444,decay 2
6081,19950659,1995-07-27 02:00:00,-84.74277,-72.06435,3.30509,JJA,SAt,33185.20374394817,9.218112151096715,decay 2
6082,19950659,1995-07-27 03:00:00,-83.90524,-71.83141,3.28219,JJA,SAt,38777.587451562846,10.771552069878569,decay 2
6083,19950659,1995-07-27 04:00:00,-83.03317,-71.59128,3.28181,JJA,SAt,40482.87417219959,11.245242825610998,decay 2
6084,19950659,1995-07-27 05:00:00,-82.3031,-71.35666,3.30801,JJA,SAt,36686.53930423403,10.19070536228723,decay 2
6085,19950659,1995-07-27 06:00:00,-81.68942,-71.1596,3.37775,JJA,SAt,30997.439837200858,8.610399954778016,decay 2
6086,19950659,1995-07-27 07:00:00,-81.15118,-70.97239,3.45706,JJA,SAt,28468.63749540298,7.907954859834161,decay 2
6087,19950659,1995-07-27 08:00:00,-80.59705,-70.77567,3.51472,JJA,SAt,29766.490880213132,8.268469688948093,decay 2
6088,19950659,1995-07-27 09:00:00,-80.0292,-70.57137,3.54797,JJA,SAt,30866.414993150785,8.574004164764107,decay 2
6089,19950659,1995-07-27 10:00:00,-80.12234,-70.06156,3.52482,JJA,SAt,56795.57850827268,15.7765495856313,decay 2
6090,19950659,1995-07-27 11:00:00,-79.6492,-69.79944,3.53679,JJA,SAt,34284.763573617805,9.523545437116057,decay 2
6091,19950659,1995-07-27 12:00:00,-79.22412,-69.51743,3.53922,JJA,SAt,35401.78340626544,9.833828723962622,decay 2
6092,19950659,1995-07-27 13:00:00,-78.79633,-69.24033,3.51532,JJA,SAt,35071.84509160353,9.742179192112092,decay 2
6093,19950659,1995-07-27 14:00:00,-78.31894,-68.96828,3.45155,JJA,SAt,35686.802661559406,9.913000739322058,decay 2
6094,19950659,1995-07-27 15:00:00,-77.86581,-68.70901,3.37164,JJA,SAt,34087.70500033307,9.468806944536965,decay 2
6095,19950659,1995-07-27 16:00:00,-77.42874,-68.45521,3.22213,JJA,SAt,33337.54641886228,9.260429560795078,decay 2
6096,19950659,1995-07-27 17:00:00,-77.03854,-68.20164,3.0915,JJA,SAt,32430.18568071489,9.008384911309692,decay 2
6097,19950659,1995-07-27 18:00:00,-76.60349,-67.95058,2.93719,JJA,SAt,33250.090956769396,9.236136376880388,decay 2
6098,19950659,1995-07-27 19:00:00,-76.16891,-67.65118,2.80404,JJA,SAt,37969.395323307464,10.547054256474295,decay 2
6099,19950659,1995-07-27 20:00:00,-75.74445,-67.3126,2.69511,JJA,SAt,41762.587451132466,11.600718736425685,decay 2
6100,19950659,1995-07-27 21:00:00,-75.37183,-66.96933,2.60844,JJA,SAt,41424.556090157865,11.506821136154963,decay 2
6101,19950659,1995-07-27 22:00:00,-75.70465,-65.97859,2.32031,JJA,SAt,111151.01534245451,30.8752820395707,incipient
6102,19950659,1995-07-27 23:00:00,-75.43738,-65.72703,2.20913,JJA,SAt,30499.969575697778,8.47221377102716,intensification
6103,19950659,1995-07-28 00:00:00,-75.02737,-65.54921,2.08907,JJA,SAt,27287.902733662042,7.57997298157279,intensification
6104,19950659,1995-07-28 01:00:00,-74.44397,-65.45136,1.96081,JJA,SAt,29018.25639444161,8.06062677623378,intensification
6105,19950659,1995-07-28 02:00:00,-73.74152,-65.37007,1.83284,JJA,SAt,33735.293246133246,9.370914790592568,intensification
6106,19950659,1995-07-28 03:00:00,-73.13095,-65.17893,1.69599,JJA,SAt,35470.018110922625,9.852782808589618,intensification
6107,19950659,1995-07-28 04:00:00,-72.68417,-64.88045,1.54171,JJA,SAt,39260.17523915855,10.905604233099597,intensification
6108,19950659,1995-07-28 05:00:00,-70.9675,-65.2598,1.37926,JJA,SAt,90842.38073146652,25.233994647629586,intensification
6109,19950659,1995-07-28 06:00:00,-69.20215,-65.68286,1.24544,JJA,SAt,94091.25864838381,26.13646073566217,intensification
6110,19950659,1995-07-28 07:00:00,-67.44775,-66.08317,1.20267,JJA,SAt,91292.09345129432,25.358914847581755,intensification
6111,19950660,1995-07-25 20:00:00,-27.85739,-50.13734,3.04442,JJA,SAt,,,decay 2
6112,19950660,1995-07-25 21:00:00,-25.90405,-49.04671,3.12868,JJA,SAt,185812.65732657866,51.61462703516074,decay 2
6113,19950660,1995-07-25 22:00:00,-24.36908,-48.75721,3.65601,JJA,SAt,116721.45328411747,32.42262591225485,decay 2
6114,19950660,1995-07-25 23:00:00,-23.1506,-48.31453,3.77403,JJA,SAt,102329.14947754965,28.424763743763794,decay 2
6115,19950660,1995-07-26 00:00:00,-21.84601,-47.78948,3.85026,JJA,SAt,113185.68363347062,31.44046767596406,decay 2
6116,19950660,1995-07-26 01:00:00,-20.67447,-47.33375,3.82647,JJA,SAt,101464.20308557758,28.184500857104883,decay 2
6117,19950660,1995-07-26 02:00:00,-19.50571,-46.85023,3.91387,JJA,SAt,103532.81906477372,28.75911640688159,decay 2
6118,19950660,1995-07-26 03:00:00,-18.44583,-46.47744,3.96639,JJA,SAt,90882.92676659505,25.24525743516529,decay 2
6119,19950660,1995-07-26 04:00:00,-17.39676,-46.13622,4.09918,JJA,SAt,89067.0240122215,24.74084000339486,decay 2
6120,19950660,1995-07-26 05:00:00,-16.3616,-45.82478,4.15769,JJA,SAt,87160.66405062148,24.211295569617075,decay 2
6121,19950660,1995-07-26 06:00:00,-15.33575,-45.4331,4.25795,JJA,SAt,90883.26127493776,25.245350354149377,decay 2
6122,19950660,1995-07-26 07:00:00,-14.36182,-45.10458,4.39772,JJA,SAt,84518.04115269672,23.477233653526866,decay 2
6123,19950660,1995-07-26 08:00:00,-13.50339,-44.79413,4.49023,JJA,SAt,75863.6190031771,21.073227500882528,decay 2
6124,19950660,1995-07-26 09:00:00,-12.67917,-44.45106,4.57471,JJA,SAt,75566.36720581254,20.99065755717015,decay 2
6125,19950660,1995-07-26 10:00:00,-12.61826,-44.30777,4.26162,JJA,SAt,16652.263052156646,4.625628625599068,decay 2
6126,19950660,1995-07-26 11:00:00,-11.62897,-43.8386,4.33361,JJA,SAt,94697.45622690607,26.304848951918352,decay 2
6127,19950660,1995-07-26 12:00:00,-10.77094,-43.54987,4.42671,JJA,SAt,76088.54138389416,21.1357059399706,decay 2
6128,19950660,1995-07-26 13:00:00,-9.81415,-43.26261,4.6154,JJA,SAt,83632.01732471518,23.231115923531995,decay 2
6129,19950660,1995-07-26 14:00:00,-8.96896,-43.05459,4.5311,JJA,SAt,72352.27907098195,20.097855297494988,decay 2
6130,19950660,1995-07-26 15:00:00,-8.03076,-42.7936,4.50811,JJA,SAt,81717.5104875325,22.69930846875903,decay 2
6131,19950660,1995-07-26 16:00:00,-7.13724,-42.54946,4.49585,JJA,SAt,77931.5678863056,21.647657746196,decay 2
6132,19950660,1995-07-26 17:00:00,-6.29465,-42.30745,4.42615,JJA,SAt,74206.71286623129,20.61297579617536,decay 2
6133,19950660,1995-07-26 18:00:00,-5.50702,-42.11872,4.4541,JJA,SAt,68176.5836207646,18.937939894656836,decay 2
6134,19950660,1995-07-26 19:00:00,-4.8479,-41.97592,4.38534,JJA,SAt,56694.07383656816,15.748353843491156,decay 2
6135,19950660,1995-07-26 20:00:00,-4.19345,-41.83217,4.3637,JJA,SAt,56470.59030671713,15.686275085199203,decay 2
6136,19950660,1995-07-26 21:00:00,-3.5184,-41.70898,4.35722,JJA,SAt,57634.11081083575,16.009475225232155,decay 2
6137,19950660,1995-07-26 22:00:00,-3.26993,-41.31058,4.54227,JJA,SAt,48893.253933820175,13.58145942606116,decay 2
6138,19950660,1995-07-26 23:00:00,-2.6713,-41.2365,4.49209,JJA,SAt,50701.47772126924,14.083743811463679,decay 2
6139,19950660,1995-07-27 00:00:00,-2.15393,-41.18132,4.40611,JJA,SAt,43712.48209747393,12.142356138187202,decay 2
6140,19950660,1995-07-27 01:00:00,-1.51587,-41.13003,4.2817,JJA,SAt,53722.78204805924,14.922995013349789,decay 2
6141,19950660,1995-07-27 02:00:00,-0.86054,-41.06646,4.20832,JJA,SAt,55366.183925387835,15.379495534829955,decay 2
6142,19950660,1995-07-27 03:00:00,-0.12332,-40.99183,4.06991,JJA,SAt,62394.2510314176,17.331736397616,decay 2
6143,19950660,1995-07-27 04:00:00,0.66732,-40.88631,4.03289,JJA,SAt,67440.07683784975,18.733354677180486,decay 2
6144,19950660,1995-07-27 05:00:00,1.58316,-40.78271,4.03453,JJA,SAt,77905.96961967605,21.64054711657668,decay 2
6145,19950660,1995-07-27 06:00:00,2.2011,-40.70663,3.96032,JJA,SAt,52740.67462677565,14.65018739632657,decay 2
6146,19950660,1995-07-27 07:00:00,2.96222,-40.63573,4.01274,JJA,SAt,64672.89016503463,17.96469171250962,decay 2
6147,19950660,1995-07-27 08:00:00,3.41934,-40.58326,3.93847,JJA,SAt,39026.43131108008,10.840675364188911,decay 2
6148,19950660,1995-07-27 09:00:00,3.92023,-40.53232,3.94013,JJA,SAt,42692.810966765894,11.85911415743497,decay 2
6149,19950660,1995-07-27 10:00:00,4.69641,-40.35064,4.03069,JJA,SAt,68721.99740140274,19.089443722611872,decay 2
6150,19950660,1995-07-27 11:00:00,4.73646,-40.30703,3.92298,JJA,SAt,5919.532032251307,1.6443144534031409,decay 2
6151,19950660,1995-07-27 12:00:00,4.98085,-40.24082,3.88258,JJA,SAt,22001.80171623876,6.1116115878440995,decay 2
6152,19950660,1995-07-27 13:00:00,4.37126,-40.25264,3.79705,JJA,SAt,51753.589484830736,14.37599707911965,decay 2
6153,19950661,1995-07-26 01:00:00,-81.71292,-47.39012,2.14464,JJA,SAt,,,decay 2
6154,19950661,1995-07-26 02:00:00,-82.40152,-46.82862,2.14478,JJA,SAt,81325.87747644613,22.590521521235036,decay 2
6155,19950661,1995-07-26 03:00:00,-82.71609,-46.42667,2.18149,JJA,SAt,50740.85104931697,14.09468084703249,decay 2
6156,19950661,1995-07-26 04:00:00,-82.75461,-46.21027,2.25615,JJA,SAt,24243.77186461144,6.734381073503178,decay 2
6157,19950661,1995-07-26 05:00:00,-82.7623,-46.01961,2.40867,JJA,SAt,21208.739742306927,5.891316595085257,decay 2
6158,19950661,1995-07-26 06:00:00,-82.62488,-45.82065,2.53353,JJA,SAt,24544.650077767827,6.817958354935508,decay 2
6159,19950661,1995-07-26 07:00:00,-82.40008,-45.67169,2.67817,JJA,SAt,24054.783422631095,6.681884284064193,decay 2
6160,19950661,1995-07-26 08:00:00,-82.11075,-45.40188,2.84454,JJA,SAt,37522.167912886005,10.422824420246112,decay 2
6161,19950661,1995-07-26 09:00:00,-81.76166,-45.18473,3.02341,JJA,SAt,36451.27187187926,10.125353297744239,decay 2
6162,19950661,1995-07-26 10:00:00,-81.58875,-46.19898,3.20596,JJA,SAt,113576.37119702161,31.54899199917267,decay 2
6163,19950661,1995-07-26 11:00:00,-81.23059,-46.5848,3.32757,JJA,SAt,50941.45385884124,14.150403849678122,decay 2
6164,19950661,1995-07-26 12:00:00,-80.72827,-46.94587,3.52735,JJA,SAt,55459.7847531976,15.405495764777111,decay 2
6165,19950661,1995-07-26 13:00:00,-80.15405,-47.33956,3.71108,JJA,SAt,61663.988709527446,17.128885752646514,decay 2
6166,19950661,1995-07-26 14:00:00,-79.51904,-47.43735,3.88791,JJA,SAt,49025.61393883952,13.618226094122088,decay 2
6167,19950661,1995-07-26 15:00:00,-78.93668,-47.41655,4.04731,JJA,SAt,43869.96988279563,12.186102745221008,decay 2
6168,19950661,1995-07-26 16:00:00,-78.3652,-47.34668,4.1938,JJA,SAt,43723.29238702956,12.145358996397102,decay 2
6169,19950661,1995-07-26 17:00:00,-77.81296,-47.19538,4.35912,JJA,SAt,44934.352789812125,12.481764663836701,decay 2
6170,19950661,1995-07-26 18:00:00,-77.20328,-47.07909,4.47713,JJA,SAt,47894.563726080116,13.3040454794667,decay 2
6171,19950661,1995-07-26 19:00:00,-76.5448,-47.09431,4.57899,JJA,SAt,49883.222733798844,13.856450759388569,decay 2
6172,19950661,1995-07-26 20:00:00,-75.84247,-47.11381,4.79311,JJA,SAt,53201.30507748808,14.778140299302246,decay 2
6173,19950661,1995-07-26 21:00:00,-75.22519,-47.33644,4.96168,JJA,SAt,52779.21371144823,14.66089269762451,decay 2
6174,19950661,1995-07-26 22:00:00,-74.60315,-47.34186,4.96829,JJA,SAt,46875.810869717374,13.021058574921494,decay 2
6175,19950661,1995-07-26 23:00:00,-74.11661,-47.37027,5.00935,JJA,SAt,36785.92982150789,10.218313839307747,decay 2
6176,19950661,1995-07-27 00:00:00,-73.70367,-47.62282,4.896,JJA,SAt,41845.39066246722,11.623719628463117,decay 2
6177,19950661,1995-07-27 01:00:00,-73.40604,-48.09174,4.62955,JJA,SAt,56673.11767184464,15.74253268662351,decay 2
6178,19950661,1995-07-27 02:00:00,-73.05222,-48.49356,4.37276,JJA,SAt,51783.249469403505,14.384235963723196,decay 2
6179,19950661,1995-07-27 03:00:00,-72.5567,-48.7136,4.21417,JJA,SAt,43888.156152851654,12.191154486903237,decay 2
6180,19950661,1995-07-27 04:00:00,-71.62482,-48.65189,4.08351,JJA,SAt,68755.94877225308,19.098874658959186,decay 2
6181,19950661,1995-07-27 05:00:00,-69.80978,-48.57962,3.93618,JJA,SAt,133665.26037322343,37.129238992562065,decay 2
6182,19950661,1995-07-27 06:00:00,-67.81107,-48.5036,3.9812,JJA,SAt,147382.58088296972,40.93960580082492,decay 2
6183,19950661,1995-07-27 07:00:00,-66.46869,-48.4734,4.18734,JJA,SAt,98984.8222346879,27.495783954079972,decay 2
6184,19950661,1995-07-27 08:00:00,-65.58325,-48.4836,4.47512,JJA,SAt,65276.45594850074,18.13234887458354,decay 2
6185,19950661,1995-07-27 09:00:00,-64.95673,-48.51271,4.71137,JJA,SAt,46276.942389154035,12.854706219209454,decay 2
6186,19950661,1995-07-27 10:00:00,-64.4838,-48.5367,4.97857,JJA,SAt,34930.49072218721,9.702914089496447,decay 2
6187,19950661,1995-07-27 11:00:00,-64.25565,-48.66676,4.86664,JJA,SAt,22149.391355145275,6.152608709762577,decay 2
6188,19950661,1995-07-27 12:00:00,-64.17163,-49.00039,4.91958,JJA,SAt,37604.278762536786,10.445632989593552,decay 2
6189,19950661,1995-07-27 13:00:00,-64.17221,-49.46698,5.05252,JJA,SAt,51882.53120548543,14.411814223745953,decay 2
6190,19950661,1995-07-27 14:00:00,-64.1893,-49.83945,5.16259,JJA,SAt,41435.10149410185,11.509750415028291,decay 2
6191,19950661,1995-07-27 15:00:00,-64.06076,-50.12828,5.3071,JJA,SAt,33405.56188406833,9.279322745574536,decay 2
6192,19950661,1995-07-27 16:00:00,-63.95996,-50.23904,5.33277,JJA,SAt,14254.604856250191,3.9596124600694975,decay 2
6193,19950661,1995-07-27 17:00:00,-63.86795,-50.37723,5.3258,JJA,SAt,16697.61963411596,4.638227676143322,decay 2
6194,19950661,1995-07-27 18:00:00,-63.70047,-50.38381,5.25404,JJA,SAt,11898.109938269487,3.305030538408191,decay 2
6195,19950661,1995-07-27 19:00:00,-63.55429,-50.30964,5.13446,JJA,SAt,13251.803905193652,3.68105664033157,decay 2
6196,19950661,1995-07-27 20:00:00,-63.52689,-50.31632,5.2139,JJA,SAt,2082.596842708709,0.5784991229746415,decay 2
6197,19950661,1995-07-27 21:00:00,-63.47302,-50.39074,5.47534,JJA,SAt,9115.11354929787,2.531975985916075,decay 2
6198,19950661,1995-07-27 22:00:00,-62.84097,-50.09169,5.94669,JJA,SAt,55911.49251842937,15.530970144008158,incipient
6199,19950661,1995-07-27 23:00:00,-62.64416,-50.14144,5.98838,JJA,SAt,15083.849491284222,4.189958192023395,intensification
6200,19950661,1995-07-28 00:00:00,-62.32776,-50.23017,6.00889,JJA,SAt,24592.9720452445,6.831381123679027,intensification
6201,19950661,1995-07-28 01:00:00,-61.99579,-50.30256,6.07658,JJA,SAt,24930.95661912926,6.925265727535906,intensification
6202,19950661,1995-07-28 02:00:00,-61.60907,-50.32785,5.98414,JJA,SAt,27602.694793836687,7.667415220510191,intensification
6203,19950661,1995-07-28 03:00:00,-61.31513,-50.29691,5.81836,JJA,SAt,21154.110178261166,5.876141716183657,intensification
6204,19950661,1995-07-28 04:00:00,-61.07459,-50.30122,5.67961,JJA,SAt,17092.085495814932,4.747801526615259,intensification
6205,19950661,1995-07-28 05:00:00,-60.93393,-50.41112,5.72366,JJA,SAt,15777.085507861835,4.382523752183843,intensification
6206,19950661,1995-07-28 06:00:00,-60.97125,-50.49792,5.80052,JJA,SAt,10006.839875764905,2.7796777432680293,intensification
6207,19950661,1995-07-28 07:00:00,-60.8584,-50.54441,5.73144,JJA,SAt,9506.544515234078,2.6407068097872437,intensification
6208,19950661,1995-07-28 08:00:00,-60.61526,-50.55994,5.56648,JJA,SAt,17264.56140586217,4.7957115016283804,intensification
6209,19950661,1995-07-28 09:00:00,-60.51825,-50.48657,5.50021,JJA,SAt,10657.936172028085,2.9605378255633568,intensification
6210,19950661,1995-07-28 10:00:00,-61.87299,-50.12962,5.93402,JJA,SAt,104071.72028700451,28.908811190834587,incipient
6211,19950661,1995-07-28 11:00:00,-61.93729,-49.8239,5.82653,JJA,SAt,34304.11049971459,9.528919583254053,incipient
6212,19950661,1995-07-28 12:00:00,-62.03345,-49.33825,5.68801,JJA,SAt,54445.06917628705,15.123630326746403,incipient
6213,19950661,1995-07-28 13:00:00,-62.10132,-48.75895,5.69097,JJA,SAt,64604.93372796827,17.94581492443563,incipient
6214,19950661,1995-07-28 14:00:00,-62.0246,-48.35935,5.81347,JJA,SAt,44790.837132758345,12.441899203543985,incipient
6215,19950661,1995-07-28 15:00:00,-61.87305,-48.05011,5.95169,JJA,SAt,36173.624935873726,10.048229148853812,incipient
6216,19950661,1995-07-28 16:00:00,-61.69778,-47.8584,6.14934,JJA,SAt,24995.73074020001,6.9432585389444474,decay
6217,19950661,1995-07-28 17:00:00,-61.4761,-47.80293,6.33886,JJA,SAt,17660.084335855572,4.905578982182103,decay
6218,19950661,1995-07-28 18:00:00,-61.19968,-47.76717,6.4618,JJA,SAt,21031.611166304403,5.8421142128623345,decay
6219,19950661,1995-07-28 19:00:00,-60.94562,-47.69035,6.59941,JJA,SAt,20833.897708677992,5.787193807966109,decay
6220,19950661,1995-07-28 20:00:00,-60.58215,-47.61878,6.75659,JJA,SAt,28363.53143866662,7.87875873296295,decay
6221,19950661,1995-07-28 21:00:00,-60.2796,-47.54729,6.93078,JJA,SAt,24044.350318669247,6.678986199630346,decay
6222,19950661,1995-07-28 22:00:00,-60.31189,-47.36401,7.12423,JJA,SAt,20523.927702831556,5.701091028564321,decay
6223,19950661,1995-07-28 23:00:00,-60.0249,-47.21526,7.12856,JJA,SAt,27241.70240617371,7.567139557270475,decay
6224,19950661,1995-07-29 00:00:00,-59.75424,-47.12431,7.0611,JJA,SAt,22823.09300743003,6.3397480576194525,decay
6225,19950661,1995-07-29 01:00:00,-59.44168,-47.06018,6.98999,JJA,SAt,24713.13740590431,6.864760390528975,decay
6226,19950661,1995-07-29 02:00:00,-59.1727,-46.97466,6.84567,JJA,SAt,22499.724933769674,6.249923592713798,decay
6227,19950661,1995-07-29 03:00:00,-58.67435,-47.03066,6.79005,JJA,SAt,38299.93944965872,10.638872069349643,decay
6228,19950661,1995-07-29 04:00:00,-58.47543,-46.92913,6.69064,JJA,SAt,18846.382968993777,5.235106380276049,decay
6229,19950661,1995-07-29 05:00:00,-58.29398,-46.84523,6.58521,JJA,SAt,16648.688737027966,4.624635760285546,decay
6230,19950661,1995-07-29 06:00:00,-58.12802,-46.72009,6.42908,JJA,SAt,18796.561592541828,5.221267109039396,intensification
6231,19950661,1995-07-29 07:00:00,-57.78888,-46.6349,6.31756,JJA,SAt,27552.9857283754,7.653607146770944,intensification
6232,19950661,1995-07-29 08:00:00,-57.28275,-46.59483,6.11095,JJA,SAt,38913.95366567007,10.809431573797243,intensification
6233,19950661,1995-07-29 09:00:00,-56.67331,-46.54699,5.95609,JJA,SAt,46889.27523558637,13.02479867655177,intensification
6234,19950661,1995-07-29 10:00:00,-54.54315,-46.88337,5.88781,JJA,SAt,166645.46646152044,46.29040735042234,incipient
6235,19950661,1995-07-29 11:00:00,-53.75525,-46.9115,5.68059,JJA,SAt,59946.30020493165,16.651750056925458,incipient
6236,19950662,1995-07-27 02:00:00,-79.66733,-53.04857,4.27248,JJA,SAt,,,decay 2
6237,19950662,1995-07-27 03:00:00,-79.76099,-52.65735,4.31874,JJA,SAt,43953.96820411234,12.209435612253428,decay 2
6238,19950662,1995-07-27 04:00:00,-79.99793,-52.27468,4.28864,JJA,SAt,45477.7245266905,12.632701257414029,decay 2
6239,19950662,1995-07-27 05:00:00,-80.3764,-51.89694,4.28571,JJA,SAt,49324.956681814765,13.701376856059657,decay 2
6240,19950662,1995-07-27 06:00:00,-80.71902,-51.47606,4.32487,JJA,SAt,52422.03607200898,14.561676686669161,decay 2
6241,19950662,1995-07-27 07:00:00,-80.94409,-51.01267,4.42204,JJA,SAt,53855.711248263906,14.959919791184419,decay 2
6242,19950662,1995-07-27 08:00:00,-81.06683,-50.4533,4.54382,JJA,SAt,62796.15930489424,17.443377584692843,decay 2
6243,19950662,1995-07-27 09:00:00,-81.08493,-49.84266,4.68474,JJA,SAt,67912.41267878764,18.86455907744101,decay 2
6244,19950662,1995-07-27 10:00:00,-81.3645,-49.36326,4.56487,JJA,SAt,56986.903952060886,15.829695542239135,decay 2
6245,19950662,1995-07-27 11:00:00,-81.2196,-48.87133,4.62287,JJA,SAt,55707.43397212067,15.474287214477965,decay 2
6246,19950662,1995-07-27 12:00:00,-81.10938,-48.37014,4.6596,JJA,SAt,56315.65125884315,15.643236460789764,decay 2
6247,19950662,1995-07-27 13:00:00,-80.93942,-47.84074,4.7239,JJA,SAt,60204.15850645043,16.723377362902898,decay 2
6248,19950662,1995-07-27 14:00:00,-80.84012,-47.23597,4.76371,JJA,SAt,67659.31033218338,18.794252870050936,decay 2
6249,19950662,1995-07-27 15:00:00,-80.71967,-46.65805,4.8467,JJA,SAt,64909.05150036527,18.030292083434798,decay 2
6250,19950662,1995-07-27 16:00:00,-80.44925,-46.14963,4.98547,JJA,SAt,60216.255345749494,16.726737596041527,decay 2
6251,19950662,1995-07-27 17:00:00,-80.17038,-45.67945,5.15191,JJA,SAt,56557.91620616463,15.710532279490174,decay 2
6252,19950662,1995-07-27 18:00:00,-79.93576,-45.25351,5.25304,JJA,SAt,50773.613388430735,14.103781496786315,decay 2
6253,19950662,1995-07-27 19:00:00,-79.67194,-44.81228,5.33328,JJA,SAt,53262.76200748331,14.795211668745363,decay 2
6254,19950662,1995-07-27 20:00:00,-79.42712,-44.34946,5.34738,JJA,SAt,54994.769692468326,15.276324914574534,decay 2
6255,19950662,1995-07-27 21:00:00,-79.16736,-43.99297,5.33576,JJA,SAt,44727.27200826321,12.424242224517558,decay 2
6256,19950662,1995-07-27 22:00:00,-78.75665,-43.63124,5.67335,JJA,SAt,51999.00025901701,14.444166738615836,incipient
6257,19950662,1995-07-27 23:00:00,-78.46799,-43.35321,5.56715,JJA,SAt,38703.931421535344,10.751092061537596,intensification
6258,19950662,1995-07-28 00:00:00,-78.14255,-43.11135,5.52427,JJA,SAt,37661.667532093445,10.4615743144704,intensification
6259,19950662,1995-07-28 01:00:00,-77.81018,-42.87774,5.39663,JJA,SAt,37489.67477060898,10.413798547391384,intensification
6260,19950662,1995-07-28 02:00:00,-77.39038,-42.55242,5.3037,JJA,SAt,49848.22303641592,13.846728621226644,intensification
6261,19950662,1995-07-28 03:00:00,-76.97708,-42.24116,5.16519,JJA,SAt,48473.98709369733,13.464996414915925,intensification
6262,19950662,1995-07-28 04:00:00,-76.60169,-41.97624,5.02124,JJA,SAt,42739.98979273503,11.872219386870842,intensification
6263,19950662,1995-07-28 05:00:00,-76.17529,-41.74039,4.89705,JJA,SAt,43986.414296068775,12.21844841557466,intensification
6264,19950662,1995-07-28 06:00:00,-75.86334,-41.56271,4.75119,JJA,SAt,32589.93812586465,9.05276059051796,intensification
6265,19950662,1995-07-28 07:00:00,-75.56293,-41.4864,4.58251,JJA,SAt,26408.997339029807,7.3358325941749465,intensification
6266,19950662,1995-07-28 08:00:00,-75.38028,-41.43453,4.44684,JJA,SAt,16276.577432127322,4.521271508924256,intensification
6267,19950662,1995-07-28 09:00:00,-75.3635,-41.40987,4.27232,JJA,SAt,3078.3902316686563,0.8551083976857379,intensification
6268,19950662,1995-07-28 10:00:00,-75.06735,-41.12068,4.12225,JJA,SAt,40579.895378293564,11.272193160637102,incipient
6269,19950662,1995-07-28 11:00:00,-75.29562,-41.17464,3.8182,JJA,SAt,20033.0788654017,5.5647441292782505,incipient
6270,19950662,1995-07-28 12:00:00,-75.36844,-41.19461,3.59037,JJA,SAt,6485.875583803944,1.8016321066122067,incipient
6271,19950662,1995-07-28 13:00:00,-76.24316,-41.63502,3.33085,JJA,SAt,87856.07404713638,24.40446501309344,incipient
6272,19950662,1995-07-28 14:00:00,-76.82693,-41.77975,3.11848,JJA,SAt,51062.68364250252,14.184078789584033,incipient
6273,19950662,1995-07-28 15:00:00,-77.38885,-41.96113,3.03806,JJA,SAt,50711.19842392624,14.086444006646177,incipient
6274,19950662,1995-07-28 16:00:00,-77.72562,-42.10871,3.00242,JJA,SAt,32293.591318674273,8.970442032965076,decay
6275,19950662,1995-07-28 17:00:00,-77.80395,-42.03659,2.98085,JJA,SAt,10301.023192150578,2.8613953311529383,decay
6276,19950662,1995-07-28 18:00:00,-77.82758,-41.95232,2.97379,JJA,SAt,9571.731994934626,2.658814443037396,decay
6277,19950662,1995-07-28 19:00:00,-77.76486,-41.72734,2.99225,JJA,SAt,25550.544714142714,7.097373531706309,decay
6278,19950662,1995-07-28 20:00:00,-77.82803,-41.54258,2.96718,JJA,SAt,21204.555538269025,5.89015431618584,decay
6279,19950662,1995-07-28 21:00:00,-77.8053,-41.30447,2.9416,JJA,SAt,26544.40308983933,7.373445302733146,decay
6280,19950662,1995-07-28 22:00:00,-77.84207,-40.93676,2.8358,JJA,SAt,41003.39117286687,11.389830881351909,decay
6281,19950662,1995-07-28 23:00:00,-77.81903,-40.76885,2.79534,JJA,SAt,18771.059952206368,5.214183320057324,decay
6282,19950662,1995-07-29 00:00:00,-77.75351,-40.52317,2.7481,JJA,SAt,27872.07468671401,7.74224296853167,decay
6283,19950662,1995-07-29 01:00:00,-77.67947,-40.5248,2.71431,JJA,SAt,6260.7192155393295,1.739088670983147,decay
6284,19950662,1995-07-29 02:00:00,-77.68396,-40.45493,2.54868,JJA,SAt,7778.4735046894475,2.1606870846359576,decay
6285,19950662,1995-07-29 03:00:00,-77.46161,-40.12294,2.43548,JJA,SAt,41454.095462049685,11.515026517236024,decay
6286,19950662,1995-07-29 04:00:00,-77.51016,-40.1703,2.28412,JJA,SAt,6690.42532409174,1.858451478914372,decay
6287,19950662,1995-07-29 05:00:00,-77.36221,-40.0897,2.22811,JJA,SAt,15444.725682937145,4.290201578593652,decay
6288,19950662,1995-07-29 06:00:00,-77.18289,-40.05246,2.12962,JJA,SAt,15810.530286520729,4.3918139684779804,intensification
6289,19950662,1995-07-29 07:00:00,-76.97757,-40.15168,2.04129,JJA,SAt,20656.242983427066,5.737845273174185,intensification
6290,19950662,1995-07-29 08:00:00,-76.82907,-40.36377,1.93,JJA,SAt,26738.925950745714,7.427479430762698,intensification
6291,19950662,1995-07-29 09:00:00,-76.60712,-40.52522,1.84408,JJA,SAt,25981.886637676933,7.217190732688037,intensification
6292,19950662,1995-07-29 10:00:00,-76.40067,-40.68746,1.70015,JJA,SAt,25083.83272101942,6.9677313113942825,incipient
6293,19950662,1995-07-29 11:00:00,-76.36807,-41.00527,1.60306,JJA,SAt,35445.13932674039,9.845872035205664,incipient
6294,19950662,1995-07-29 12:00:00,-76.27341,-41.07204,1.51221,JJA,SAt,10869.871228919877,3.019408674699966,incipient
6295,19950662,1995-07-29 13:00:00,-76.19641,-41.14321,1.41782,JJA,SAt,10210.115400703167,2.8361431668619907,incipient
6296,19950662,1995-07-29 14:00:00,-76.25299,-41.51521,1.32809,JJA,SAt,41633.48929969325,11.564858138803679,incipient
6297,19950662,1995-07-29 15:00:00,-76.4686,-42.27582,1.24497,JJA,SAt,86438.2863195148,24.01063508875411,incipient
6298,19950662,1995-07-29 16:00:00,-76.52759,-42.7215,1.18606,JJA,SAt,49792.83854265758,13.831344039627105,incipient
6299,19950662,1995-07-29 17:00:00,-76.38004,-43.03099,1.15325,JJA,SAt,36453.62424247725,10.126006734021459,incipient
6300,19950662,1995-07-29 18:00:00,-76.35397,-43.31408,1.10418,JJA,SAt,31549.129841577644,8.763647178216011,incipient
6301,19950663,1995-07-27 03:00:00,52.31275,-57.54222,6.40526,JJA,SAt,,,decay 2
6302,19950663,1995-07-27 04:00:00,52.9336,-58.4111,6.92357,JJA,SAt,103316.69453742397,28.699081815951104,decay 2
6303,19950663,1995-07-27 05:00:00,53.47155,-58.9581,7.52025,JJA,SAt,68308.42484696346,18.97456245748985,decay 2
6304,19950663,1995-07-27 06:00:00,54.00472,-59.31458,8.08396,JJA,SAt,49961.81374623789,13.87828159617719,decay 2
6305,19950663,1995-07-27 07:00:00,54.69293,-59.58192,8.65798,JJA,SAt,48957.084564807796,13.599190156891055,decay 2
6306,19950663,1995-07-27 08:00:00,55.34881,-59.83232,9.25936,JJA,SAt,46136.19801095195,12.815610558597763,decay 2
6307,19950663,1995-07-27 09:00:00,55.93088,-60.0998,9.90192,JJA,SAt,43977.43834529828,12.21595509591619,decay 2
6308,19950663,1995-07-27 10:00:00,57.12923,-60.17749,11.08166,JJA,SAt,66904.97618350491,18.584715606529144,decay 2
6309,19950663,1995-07-27 11:00:00,57.48219,-60.46847,11.39944,JJA,SAt,37742.11021624114,10.483919504511428,decay 2
6310,19950663,1995-07-27 12:00:00,57.7906,-60.78566,11.69261,JJA,SAt,39075.58331692001,10.854328699144448,decay 2
6311,19950663,1995-07-27 13:00:00,57.91038,-61.12627,11.95933,JJA,SAt,38422.1418102015,10.672817169500417,decay 2
6312,19950663,1995-07-27 14:00:00,57.94354,-61.44036,11.86813,JJA,SAt,34970.168165776646,9.713935601604623,decay 2
6313,19950663,1995-07-27 15:00:00,57.71769,-61.70436,11.98145,JJA,SAt,31696.519560656958,8.804588766849156,decay 2
6314,19950663,1995-07-27 16:00:00,57.52021,-61.90034,11.86537,JJA,SAt,24136.05026070048,6.704458405750133,decay 2
6315,19950663,1995-07-27 17:00:00,57.1803,-62.0346,11.8397,JJA,SAt,23203.59827116191,6.445443964211642,decay 2
6316,19950663,1995-07-27 18:00:00,56.81748,-62.15612,11.83744,JJA,SAt,23217.958881675648,6.44943302268768,decay 2
6317,19950663,1995-07-27 19:00:00,56.3293,-62.2649,11.37274,JJA,SAt,28050.06192597442,7.791683868326228,decay 2
6318,19950663,1995-07-27 20:00:00,56.30188,-62.42011,11.37494,JJA,SAt,17316.52136774764,4.810144824374344,decay 2
6319,19950663,1995-07-27 21:00:00,56.0847,-62.54849,11.17123,JJA,SAt,18117.820658633635,5.032727960731565,decay 2
6320,19950663,1995-07-27 22:00:00,57.14821,-62.76288,10.77146,JJA,SAt,59319.7882604746,16.477718961242942,incipient
6321,19950663,1995-07-27 23:00:00,57.20292,-62.97518,10.6763,JJA,SAt,23769.16650976076,6.6025462527113215,intensification
6322,19950663,1995-07-28 00:00:00,56.62841,-63.11753,10.29529,JJA,SAt,32999.82357183717,9.16661765884366,intensification
6323,19950663,1995-07-28 01:00:00,56.10793,-63.28114,10.09583,JJA,SAt,31810.594974539217,8.836276381816448,intensification
6324,19950663,1995-07-28 02:00:00,55.27295,-63.35653,10.02142,JJA,SAt,42524.19921341587,11.812277559282187,intensification
6325,19950663,1995-07-28 03:00:00,54.58772,-63.44341,10.01363,JJA,SAt,35457.88941067018,9.84941372518616,intensification
6326,19950663,1995-07-28 04:00:00,54.01049,-63.51928,9.89427,JJA,SAt,29873.80838542956,8.298280107063766,intensification
6327,19950663,1995-07-28 05:00:00,53.34772,-63.56942,9.61713,JJA,SAt,33302.13047061739,9.250591797393719,intensification
6328,19950663,1995-07-28 06:00:00,52.67726,-63.66394,9.45755,JJA,SAt,34755.95672897711,9.654432424715862,intensification
6329,19950663,1995-07-28 07:00:00,51.97976,-63.77472,9.29229,JJA,SAt,36482.76019656075,10.134100054600207,intensification
6330,19950663,1995-07-28 08:00:00,51.14728,-63.88053,9.12339,JJA,SAt,42490.18182187128,11.802828283853133,intensification
6331,19950663,1995-07-28 09:00:00,50.44019,-64.05323,8.98523,JJA,SAt,39490.8885062976,10.969691251749332,intensification
6332,19950663,1995-07-28 10:00:00,50.08391,-64.2956,8.24135,JJA,SAt,32002.551945727333,8.889597762702037,incipient
6333,19950663,1995-07-28 11:00:00,49.2544,-64.40244,8.05056,JJA,SAt,41658.020174502744,11.571672270695206,incipient
6334,19950663,1995-07-28 12:00:00,48.46622,-64.51173,7.93904,JJA,SAt,39695.613566323496,11.026559323978748,incipient
6335,19950663,1995-07-28 13:00:00,47.6895,-64.64395,7.8696,JJA,SAt,39884.50960674177,11.079030446317159,incipient
6336,19950663,1995-07-28 14:00:00,46.87041,-64.75623,7.77994,JJA,SAt,40876.090363617885,11.354469545449412,incipient
6337,19950663,1995-07-28 15:00:00,46.10955,-64.845,7.65166,JJA,SAt,37349.437577874516,10.37484377163181,incipient
6338,19950663,1995-07-28 16:00:00,45.2786,-64.95675,7.49906,JJA,SAt,41115.9888275831,11.421108007661973,decay
6339,19950663,1995-07-28 17:00:00,44.41707,-65.06455,7.39314,JJA,SAt,42207.30451150709,11.724251253196414,decay
6340,19950663,1995-07-28 18:00:00,43.59193,-65.16054,7.25632,JJA,SAt,40060.216273289385,11.127837853691496,decay
6341,19950663,1995-07-28 19:00:00,42.85627,-65.24763,7.11354,JJA,SAt,35646.986264280225,9.901940628966729,decay
6342,19950663,1995-07-28 20:00:00,42.19661,-65.34744,6.97459,JJA,SAt,32600.89213902944,9.055803371952623,decay
6343,19950663,1995-07-28 21:00:00,41.56284,-65.46146,6.85895,JJA,SAt,31953.89832531504,8.876082868143067,decay
6344,19950663,1995-07-28 22:00:00,40.47498,-65.77062,6.71817,JJA,SAt,60627.144306580325,16.840873418494535,decay
6345,19950663,1995-07-28 23:00:00,39.7667,-65.86893,6.54488,JJA,SAt,34061.23079949742,9.461452999860393,decay
6346,19950663,1995-07-29 00:00:00,38.93151,-65.97887,6.32345,JJA,SAt,39809.01249612197,11.058059026700548,decay
6347,19950663,1995-07-29 01:00:00,38.1438,-66.06411,6.13869,JJA,SAt,36835.86162101656,10.23218378361571,decay
6348,19950663,1995-07-29 02:00:00,37.37644,-66.13214,5.93934,JJA,SAt,35389.6085887862,9.830446830218388,decay
6349,19950663,1995-07-29 03:00:00,36.55672,-66.22346,5.79272,JJA,SAt,38189.39970063483,10.608166583509675,decay
6350,19950663,1995-07-29 04:00:00,35.77247,-66.29069,5.66999,JJA,SAt,35898.3126708968,9.971753519693555,decay
6351,19950663,1995-07-29 05:00:00,34.98615,-66.37247,5.57666,JJA,SAt,36258.6866539498,10.071857403874944,decay
6352,19950663,1995-07-29 06:00:00,34.25928,-66.46397,5.51719,JJA,SAt,33897.13285894218,9.415870238595051,intensification
6353,19950663,1995-07-29 07:00:00,33.64807,-66.55167,5.43896,JJA,SAt,28793.406125387966,7.9981683681633235,intensification
6354,19950663,1995-07-29 08:00:00,33.19466,-66.63261,5.35594,JJA,SAt,21958.45659100103,6.099571275278064,intensification
6355,19950663,1995-07-29 09:00:00,32.81547,-66.72787,5.2527,JJA,SAt,19768.478401580203,5.491244000438946,intensification
6356,19950663,1995-07-29 10:00:00,32.44384,-66.82555,4.74123,JJA,SAt,19582.66473797198,5.439629093881106,incipient
6357,19950663,1995-07-29 11:00:00,32.14331,-66.92416,4.56951,JJA,SAt,17102.011890708036,4.75055885853001,incipient
6358,19950663,1995-07-29 12:00:00,31.82327,-67.03148,4.36529,JJA,SAt,18333.1661463423,5.09254615176175,incipient
6359,19950663,1995-07-29 13:00:00,31.49146,-67.1153,4.1462,JJA,SAt,17130.220207706036,4.758394502140566,incipient
6360,19950663,1995-07-29 14:00:00,31.18099,-67.19836,3.91455,JJA,SAt,16276.23518522563,4.521176440340453,incipient
6361,19950663,1995-07-29 15:00:00,30.72248,-67.33131,3.71398,JJA,SAt,24633.06817790216,6.842518938306156,incipient
6362,19950663,1995-07-29 16:00:00,30.23446,-67.4921,3.56685,JJA,SAt,27461.129577120577,7.62809154920016,incipient
6363,19950663,1995-07-29 17:00:00,29.73466,-67.66539,3.41549,JJA,SAt,28646.204658945273,7.957279071929243,incipient
6364,19950663,1995-07-29 18:00:00,29.19577,-67.86103,3.25706,JJA,SAt,31423.865752155885,8.728851597821079,incipient
6365,19950663,1995-07-29 19:00:00,28.66877,-68.05235,3.09417,JJA,SAt,30598.270718690495,8.499519644080694,incipient
6366,19950663,1995-07-29 20:00:00,28.12682,-68.24685,2.93423,JJA,SAt,31157.30488497753,8.654806912493758,incipient
6367,19950663,1995-07-29 21:00:00,27.60508,-68.42411,2.77636,JJA,SAt,29106.67287974527,8.085186911040353,incipient
6368,19950663,1995-07-29 22:00:00,26.2864,-68.72722,2.51268,JJA,SAt,63280.51333560691,17.57792037100192,incipient
6369,19950663,1995-07-29 23:00:00,25.67104,-68.8686,2.3663,JJA,SAt,29317.5630450954,8.1437675125265,intensification
6370,19950663,1995-07-30 00:00:00,24.97393,-68.98473,2.17786,JJA,SAt,30717.389730366795,8.532608258435221,intensification
6371,19950663,1995-07-30 01:00:00,24.16741,-69.09138,1.96835,JJA,SAt,34204.46548820277,9.501240413389658,intensification
6372,19950663,1995-07-30 02:00:00,23.26228,-69.20612,1.75941,JJA,SAt,38027.9321777649,10.563314493823583,intensification
6373,19950663,1995-07-30 03:00:00,22.37799,-69.34168,1.57978,JJA,SAt,37922.60562692961,10.534057118591559,intensification
6374,19950663,1995-07-30 04:00:00,21.94432,-69.46237,1.39881,JJA,SAt,21631.09727431241,6.008638131753448,intensification
6375,19950663,1995-07-30 05:00:00,24.83069,-69.42248,1.20648,JJA,SAt,112777.90717012332,31.327196436145368,intensification
6376,19950663,1995-07-30 06:00:00,27.76676,-69.20426,1.07789,JJA,SAt,117842.65851870789,32.73407181075219,intensification
6377,19950664,1995-07-27 10:00:00,-131.44594,-48.58962,3.68058,JJA,SAt,,,decay 2
6378,19950664,1995-07-27 11:00:00,-131.25673,-48.80915,3.79513,JJA,SAt,28083.846553361385,7.801068487044829,decay 2
6379,19950664,1995-07-27 12:00:00,-131.06894,-49.02243,3.88558,JJA,SAt,27399.643472982138,7.611012075828372,decay 2
6380,19950664,1995-07-27 13:00:00,-130.8141,-49.35208,3.96797,JJA,SAt,41068.65894388206,11.407960817745016,decay 2
6381,19950664,1995-07-27 14:00:00,-130.5813,-49.79956,4.04548,JJA,SAt,52512.552449392344,14.586820124831206,decay 2
6382,19950664,1995-07-27 15:00:00,-130.37288,-50.36985,4.11841,JJA,SAt,65133.61258406887,18.09267016224135,decay 2
6383,19950664,1995-07-27 16:00:00,-130.12398,-50.92233,4.22402,JJA,SAt,63890.57735197255,17.74738259777015,decay 2
6384,19950664,1995-07-27 17:00:00,-129.84579,-51.45829,4.30785,JJA,SAt,62670.0768025051,17.408354667362527,decay 2
6385,19950664,1995-07-27 18:00:00,-129.60202,-51.92125,4.39897,JJA,SAt,54151.86591406259,15.042184976128498,decay 2
6386,19950664,1995-07-27 19:00:00,-129.311,-52.33641,4.49531,JJA,SAt,50256.49958959263,13.960138774886843,decay 2
6387,19950664,1995-07-27 20:00:00,-129.1339,-52.73047,4.58564,JJA,SAt,45425.42658564802,12.618174051568895,decay 2
6388,19950664,1995-07-27 21:00:00,-129.04605,-53.08609,4.65834,JJA,SAt,39979.63340450858,11.105453723474605,decay 2
6389,19950664,1995-07-27 22:00:00,-128.75731,-53.05219,4.77731,JJA,SAt,19656.01738726072,5.460004829794644,incipient
6390,19950664,1995-07-27 23:00:00,-128.71046,-53.36037,4.74622,JJA,SAt,34409.85216296974,9.558292267491595,intensification
6391,19950664,1995-07-28 00:00:00,-128.64887,-53.705,4.67648,JJA,SAt,38536.73735902269,10.704649266395192,intensification
6392,19950664,1995-07-28 01:00:00,-128.48654,-53.99289,4.65094,JJA,SAt,33736.43173707314,9.371231038075871,intensification
6393,19950664,1995-07-28 02:00:00,-128.25922,-54.263,4.61959,JJA,SAt,33488.476080936925,9.302354466926923,intensification
6394,19950664,1995-07-28 03:00:00,-127.9331,-54.5489,4.60872,JJA,SAt,38159.15590989978,10.599765530527717,intensification
6395,19950664,1995-07-28 04:00:00,-127.57442,-54.75673,4.59178,JJA,SAt,32656.546430362177,9.071262897322827,intensification
6396,19950664,1995-07-28 05:00:00,-127.16744,-54.87834,4.56176,JJA,SAt,29372.434698407815,8.159009638446616,intensification
6397,19950664,1995-07-28 06:00:00,-126.70006,-54.90062,4.5427,JJA,SAt,29993.47000749338,8.331519446525938,intensification
6398,19950664,1995-07-28 07:00:00,-126.2451,-54.91381,4.48538,JJA,SAt,29120.815666336028,8.089115462871119,intensification
6399,19950664,1995-07-28 08:00:00,-125.77426,-54.96244,4.41084,JJA,SAt,30558.121836075847,8.488367176687735,intensification
6400,19950664,1995-07-28 09:00:00,-125.28667,-55.01138,4.34427,JJA,SAt,31580.422046147833,8.772339457263287,intensification
6401,19950664,1995-07-28 10:00:00,-124.8483,-55.31202,4.38814,JJA,SAt,43507.765494044455,12.085490415012348,incipient
6402,19950664,1995-07-28 11:00:00,-124.45711,-55.48081,4.32552,JJA,SAt,31023.72563466797,8.617701565185548,incipient
6403,19950664,1995-07-28 12:00:00,-124.11455,-55.74069,4.28891,JJA,SAt,36026.58446250182,10.007384572917173,incipient
6404,19950664,1995-07-28 13:00:00,-123.73714,-56.1084,4.25637,JJA,SAt,47166.03674338078,13.101676873161328,incipient
6405,19950664,1995-07-28 14:00:00,-123.28128,-56.51481,4.19874,JJA,SAt,53223.10662743515,14.784196285398652,incipient
6406,19950664,1995-07-28 15:00:00,-122.72052,-56.85473,4.11957,JJA,SAt,51004.92500173378,14.168034722703828,incipient
6407,19950664,1995-07-28 16:00:00,-121.98946,-57.09009,4.06761,JJA,SAt,51458.29116869702,14.293969769082505,decay
6408,19950664,1995-07-28 17:00:00,-121.1673,-57.27391,4.0161,JJA,SAt,53597.249858518706,14.88812496069964,decay
6409,19950664,1995-07-28 18:00:00,-120.30849,-57.39407,3.99869,JJA,SAt,53246.029779542754,14.790563827650764,decay
6410,19950664,1995-07-28 19:00:00,-119.5034,-57.52121,3.98252,JJA,SAt,50187.91481836577,13.941087449546046,decay
6411,19950664,1995-07-28 20:00:00,-118.68057,-57.6172,4.01201,JJA,SAt,50213.96842133101,13.948324561480836,decay
6412,19950664,1995-07-28 21:00:00,-117.95865,-57.78172,4.0404,JJA,SAt,46632.98265380552,12.953606292723755,decay
6413,19950664,1995-07-28 22:00:00,-117.91222,-58.07773,4.29294,JJA,SAt,33028.80536707035,9.174668157519543,decay
6414,19950664,1995-07-28 23:00:00,-117.22315,-58.34174,4.31072,JJA,SAt,49910.89912378864,13.864138645496844,decay
6415,19950664,1995-07-29 00:00:00,-116.50516,-58.62539,4.27322,JJA,SAt,52311.55591283165,14.530987753564348,decay
6416,19950664,1995-07-29 01:00:00,-115.71942,-58.8488,4.22293,JJA,SAt,51701.09330182446,14.361414806062351,decay
6417,19950664,1995-07-29 02:00:00,-114.83453,-59.00719,4.18037,JJA,SAt,53750.20036370168,14.930611212139356,decay
6418,19950664,1995-07-29 03:00:00,-113.93042,-59.09518,4.12607,JJA,SAt,52618.30947391658,14.61619707608794,decay
6419,19950664,1995-07-29 04:00:00,-113.00273,-59.14717,4.11478,JJA,SAt,53255.66918696886,14.793241440824684,decay
6420,19950664,1995-07-29 05:00:00,-112.04883,-59.19041,4.16106,JJA,SAt,54573.2312084134,15.159230891225945,decay
6421,19950664,1995-07-29 06:00:00,-111.18802,-59.29193,4.22351,JJA,SAt,50236.872833709356,13.954686898252598,intensification
6422,19950664,1995-07-29 07:00:00,-110.39957,-59.45045,4.30144,JJA,SAt,48018.3211987158,13.338422555198832,intensification
6423,19950664,1995-07-29 08:00:00,-109.65927,-59.66289,4.31804,JJA,SAt,47933.648820304436,13.314902450084565,intensification
6424,19950664,1995-07-29 09:00:00,-108.8813,-59.89312,4.35004,JJA,SAt,50510.81954783314,14.030783207731428,intensification
6425,19950664,1995-07-29 10:00:00,-108.52142,-60.09931,4.37549,JJA,SAt,30431.658796763404,8.453238554656501,incipient
6426,19950664,1995-07-29 11:00:00,-107.52646,-60.17876,4.33428,JJA,SAt,55788.0436952435,15.496678804234305,incipient
6427,19950664,1995-07-29 12:00:00,-106.47351,-60.21744,4.30054,JJA,SAt,58348.611497392936,16.207947638164704,incipient
6428,19950664,1995-07-29 13:00:00,-105.42062,-60.20073,4.24269,JJA,SAt,58196.75952480357,16.165766534667657,incipient
6429,19950664,1995-07-29 14:00:00,-104.29279,-60.13942,4.20207,JJA,SAt,62752.53981904173,17.431261060844925,incipient
6430,19950664,1995-07-29 15:00:00,-103.151,-60.05824,4.17294,JJA,SAt,63930.61427198127,17.758503964439242,incipient
6431,19950664,1995-07-29 16:00:00,-102.09811,-59.97824,4.15303,JJA,SAt,59177.56670227846,16.43821297285513,incipient
6432,19950664,1995-07-29 17:00:00,-101.03369,-59.91069,4.21642,JJA,SAt,59751.77381895214,16.597714949708926,incipient
6433,19950664,1995-07-29 18:00:00,-99.95145,-59.80084,4.32995,JJA,SAt,61653.39298813404,17.1259424967039,incipient
6434,19950664,1995-07-29 19:00:00,-98.922,-59.77003,4.35968,JJA,SAt,57706.9284079041,16.029702335528917,incipient
6435,19950664,1995-07-29 20:00:00,-97.87979,-59.74201,4.33522,JJA,SAt,58453.64515756884,16.237123654880232,incipient
6436,19950664,1995-07-29 21:00:00,-96.88522,-59.71664,4.2988,JJA,SAt,55818.29052574157,15.505080701594881,incipient
6437,19950664,1995-07-29 22:00:00,-96.23892,-59.31075,4.41862,JJA,SAt,58019.18815708313,16.116441154745313,incipient
6438,19950664,1995-07-29 23:00:00,-95.27057,-59.30614,4.37118,JJA,SAt,54961.356027613336,15.267043341003705,intensification
6439,19950664,1995-07-30 00:00:00,-94.33756,-59.27029,4.31183,JJA,SAt,53134.50196213618,14.75958387837116,intensification
6440,19950664,1995-07-30 01:00:00,-93.40326,-59.18235,4.24918,JJA,SAt,54046.390065346495,15.012886129262915,intensification
6441,19950664,1995-07-30 02:00:00,-92.42435,-59.02847,4.18221,JJA,SAt,58450.0616565928,16.236128237942445,intensification
6442,19950664,1995-07-30 03:00:00,-91.45252,-58.96774,4.12639,JJA,SAt,56067.11661061814,15.57419905850504,intensification
6443,19950664,1995-07-30 04:00:00,-90.50015,-58.84265,4.05297,JJA,SAt,56432.54569393051,15.675707137202918,intensification
6444,19950664,1995-07-30 05:00:00,-89.53049,-58.7636,3.98656,JJA,SAt,56536.340783422966,15.70453910650638,intensification
6445,19950664,1995-07-30 06:00:00,-88.64304,-58.64605,3.92623,JJA,SAt,52898.937885007916,14.694149412502199,intensification
6446,19950664,1995-07-30 07:00:00,-87.73602,-58.49876,3.91495,JJA,SAt,55079.30346293717,15.299806517482548,intensification
6447,19950664,1995-07-30 08:00:00,-86.8859,-58.30783,3.94234,JJA,SAt,53885.39362718348,14.968164896439855,intensification
6448,19950664,1995-07-30 09:00:00,-86.11078,-57.97692,4.02115,JJA,SAt,58509.29278657835,16.252581329605096,intensification
6449,19950664,1995-07-30 10:00:00,-85.17279,-58.64505,4.20453,JJA,SAt,92309.08580865308,25.641412724625855,intensification
6450,19950664,1995-07-30 11:00:00,-84.45886,-58.09674,4.25647,JJA,SAt,73826.07866092287,20.507244072478574,intensification
6451,19950664,1995-07-30 12:00:00,-83.81244,-57.47616,4.33073,JJA,SAt,78929.07290321936,21.92474247311649,intensification
6452,19950664,1995-07-30 13:00:00,-83.23822,-56.86648,4.39562,JJA,SAt,76118.70775144227,21.14408548651174,intensification
6453,19950664,1995-07-30 14:00:00,-82.71561,-56.33417,4.38849,JJA,SAt,67280.93468293523,18.689148523037563,intensification
6454,19950664,1995-07-30 15:00:00,-82.35046,-55.67418,4.34768,JJA,SAt,76818.61956701484,21.338505435281903,intensification
6455,19950664,1995-07-30 16:00:00,-82.20221,-54.69115,4.24321,JJA,SAt,109712.50494956374,30.47569581932326,intensification
6456,19950664,1995-07-30 17:00:00,-82.28415,-53.26158,4.19818,JJA,SAt,159051.41653608525,44.18094903780146,intensification
6457,19950664,1995-07-30 18:00:00,-82.20596,-52.1763,4.13836,JJA,SAt,120792.63723234327,33.55351034231757,intensification
6458,19950664,1995-07-30 19:00:00,-82.04901,-51.0511,4.12004,JJA,SAt,125585.07199641678,34.88474222122689,intensification
6459,19950664,1995-07-30 20:00:00,-81.82678,-50.13977,4.09684,JJA,SAt,102542.17277388152,28.483936881633756,intensification
6460,19950664,1995-07-30 21:00:00,-81.50201,-49.40514,4.05605,JJA,SAt,84951.21036346792,23.597558434296644,intensification
6461,19950664,1995-07-30 22:00:00,-81.15915,-49.07015,4.19354,JJA,SAt,44800.90322547691,12.444695340410254,intensification
6462,19950664,1995-07-30 23:00:00,-80.92529,-48.46364,4.08281,JJA,SAt,69584.78381736469,19.329106615934634,intensification
6463,19950664,1995-07-31 00:00:00,-80.73166,-47.76226,4.02176,JJA,SAt,79303.70581926142,22.02880717201706,intensification
6464,19950664,1995-07-31 01:00:00,-80.47876,-47.22535,3.91561,JJA,SAt,62652.31398094472,17.40342055026242,mature
6465,19950664,1995-07-31 02:00:00,-80.3277,-46.66117,3.77235,JJA,SAt,63773.54597138903,17.714873880941397,mature
6466,19950664,1995-07-31 03:00:00,-80.15012,-46.11821,3.63732,JJA,SAt,61891.61086450901,17.19211412903028,mature
6467,19950664,1995-07-31 04:00:00,-79.90347,-45.57864,3.56963,JJA,SAt,62965.51004680359,17.49041945744544,mature
6468,19950664,1995-07-31 05:00:00,-79.67398,-45.14355,3.45333,JJA,SAt,51595.44211507228,14.332067254186743,mature
6469,19950664,1995-07-31 06:00:00,-79.42764,-44.66536,3.29698,JJA,SAt,56601.22936832009,15.722563713422248,mature
6470,19950664,1995-07-31 07:00:00,-79.15921,-44.23744,3.24554,JJA,SAt,52135.203861607195,14.482001072668666,mature
6471,19950664,1995-07-31 08:00:00,-78.96637,-43.85062,3.08043,JJA,SAt,45690.68183361213,12.691856064892258,decay
6472,19950664,1995-07-31 09:00:00,-78.73041,-43.49827,2.98488,JJA,SAt,43533.46009622948,12.092627804508188,decay
6473,19950664,1995-07-31 10:00:00,-78.88379,-42.90465,3.15926,JJA,SAt,67168.18108651013,18.657828079586146,decay
6474,19950664,1995-07-31 11:00:00,-78.72147,-42.56486,2.95222,JJA,SAt,40041.28370844029,11.122578807900082,decay
6475,19950664,1995-07-31 12:00:00,-78.58658,-42.1682,2.78174,JJA,SAt,45477.53857064537,12.632649602957047,decay
6476,19950664,1995-07-31 13:00:00,-78.41153,-41.83434,2.60182,JJA,SAt,39842.05533489681,11.067237593026892,decay
6477,19950664,1995-07-31 14:00:00,-78.22235,-41.46404,2.4811,JJA,SAt,44073.76103044458,12.242711397345715,decay
6478,19950664,1995-07-31 15:00:00,-78.05255,-41.13167,2.33116,JJA,SAt,39586.61651264429,10.996282364623413,decay
6479,19950664,1995-07-31 16:00:00,-77.88339,-40.78477,2.11442,JJA,SAt,41105.93383016475,11.418314952823541,decay
6480,19950664,1995-07-31 17:00:00,-77.68945,-40.41173,1.96518,JJA,SAt,44595.07792533273,12.387521645925757,decay
6481,19950664,1995-07-31 18:00:00,-77.54279,-40.09991,1.7792,JJA,SAt,36838.82422153976,10.23300672820549,decay
6482,19950664,1995-07-31 19:00:00,-77.30258,-39.77426,1.58639,JJA,SAt,41600.96968513936,11.55582491253871,decay
6483,19950664,1995-07-31 20:00:00,-77.121,-39.36906,1.39266,JJA,SAt,47668.53650062608,13.2412601390628,decay
6484,19950664,1995-07-31 21:00:00,-77.16891,-38.8657,1.21986,JJA,SAt,56123.55953850047,15.589877649583464,decay
6485,19950664,1995-07-31 22:00:00,-78.18561,-37.91816,1.12157,JJA,SAt,137665.8822971492,38.24052286031922,decay
6486,19950665,1995-07-27 16:00:00,-124.1416,-71.8353,2.41324,JJA,SAt,,,decay 2
6487,19950665,1995-07-27 17:00:00,-122.42616,-71.88843,2.45851,JJA,SAt,59672.82481667507,16.57578467129863,decay 2
6488,19950665,1995-07-27 18:00:00,-120.86665,-71.84608,2.48089,JJA,SAt,54172.070313286706,15.047797309246308,decay 2
6489,19950665,1995-07-27 19:00:00,-119.39192,-71.76937,2.48697,JJA,SAt,51900.863590160145,14.416906552822262,decay 2
6490,19950665,1995-07-27 20:00:00,-118.10379,-71.72306,2.52242,JJA,SAt,45158.27586242567,12.543965517340464,decay 2
6491,19950665,1995-07-27 21:00:00,-116.93245,-71.69488,2.56595,JJA,SAt,40996.56547002783,11.38793485278551,decay 2
6492,19950665,1995-07-27 22:00:00,-115.1918,-71.5962,2.35212,JJA,SAt,61925.984337258036,17.20166231590501,incipient
6493,19950665,1995-07-27 23:00:00,-114.01384,-71.73848,2.32361,JJA,SAt,44131.061026898955,12.258628063027487,intensification
6494,19950665,1995-07-28 00:00:00,-112.71413,-71.91998,2.26575,JJA,SAt,49380.142514141924,13.716706253928312,intensification
6495,19950665,1995-07-28 01:00:00,-111.33406,-72.13389,2.2083,JJA,SAt,52988.846673009706,14.71912407583603,intensification
6496,19950665,1995-07-28 02:00:00,-109.68935,-72.31294,2.14062,JJA,SAt,59276.64907860053,16.465735855166812,intensification
6497,19950665,1995-07-28 03:00:00,-107.94334,-72.43282,2.08575,JJA,SAt,60281.92189932014,16.744978305366708,intensification
6498,19950665,1995-07-28 04:00:00,-106.35712,-72.51762,2.04327,JJA,SAt,53940.07613064297,14.983354480734159,intensification
6499,19950665,1995-07-28 05:00:00,-104.73851,-72.57262,2.0078,JJA,SAt,54329.89428660421,15.091637301834503,intensification
6500,19950665,1995-07-28 06:00:00,-103.09918,-72.6051,1.92707,JJA,SAt,54662.32609604617,15.183979471123935,intensification
6501,19950665,1995-07-28 07:00:00,-101.2049,-72.64372,1.81814,JJA,SAt,63046.483590223135,17.512912108395316,intensification
6502,19950665,1995-07-28 08:00:00,-98.76404,-72.68782,1.7126,JJA,SAt,81008.7170985967,22.50242141627686,intensification
6503,19950665,1995-07-28 09:00:00,-95.43704,-72.73575,1.65285,JJA,SAt,110054.94351810345,30.570817643917625,intensification
6504,19950665,1995-07-28 10:00:00,-90.30365,-72.40417,1.714,JJA,SAt,174852.2821289111,48.57007836914197,incipient
6505,19950665,1995-07-28 11:00:00,-87.72144,-72.25491,1.77073,JJA,SAt,88714.57040778293,24.642936224384147,incipient
6506,19950665,1995-07-28 12:00:00,-86.08771,-72.02615,1.86788,JJA,SAt,61242.625049300725,17.011840291472424,incipient
6507,19950665,1995-07-28 13:00:00,-84.83353,-71.7383,1.91099,JJA,SAt,53898.512701448286,14.971809083735636,incipient
6508,19950665,1995-07-28 14:00:00,-83.71533,-71.47591,1.96107,JJA,SAt,48891.1835101935,13.580884308387084,incipient
6509,19950665,1995-07-28 15:00:00,-82.76419,-71.19295,1.98184,JJA,SAt,46212.57100860482,12.836825280168005,incipient
6510,19950665,1995-07-28 16:00:00,-81.99411,-70.84409,1.94467,JJA,SAt,47753.9392308704,13.264983119686221,decay
6511,19950665,1995-07-28 17:00:00,-81.12369,-70.47042,1.86458,JJA,SAt,52478.515789657125,14.57736549712698,decay
6512,19950665,1995-07-28 18:00:00,-79.98904,-70.00815,1.78458,JJA,SAt,66794.089104791,18.553913640219722,decay
6513,19950665,1995-07-28 19:00:00,-78.72452,-69.53951,1.71961,JJA,SAt,71261.82531442566,19.79495147622935,decay
6514,19950665,1995-07-28 20:00:00,-77.33746,-69.01526,1.65732,JJA,SAt,79850.0225403904,22.18056181677511,decay
6515,19950665,1995-07-28 21:00:00,-75.91074,-68.44564,1.6226,JJA,SAt,85574.59583881956,23.770721066338766,decay
6516,19950665,1995-07-28 22:00:00,-75.17304,-66.87852,1.41951,JJA,SAt,177019.7495422567,49.17215265062686,decay
6517,19950665,1995-07-28 23:00:00,-73.45596,-66.0939,1.37007,JJA,SAt,115813.12558729475,32.17031266313743,decay
6518,19950666,1995-07-27 16:00:00,-23.21143,-51.98047,2.12713,JJA,SAt,,,decay 2
6519,19950666,1995-07-27 17:00:00,-22.11035,-52.10737,2.19703,JJA,SAt,76614.17499355339,21.281715275987054,decay 2
6520,19950666,1995-07-27 18:00:00,-21.04089,-52.21551,2.23416,JJA,SAt,73933.01365455941,20.536948237377615,decay 2
6521,19950666,1995-07-27 19:00:00,-19.93448,-52.33447,2.30427,JJA,SAt,76429.59890039673,21.23044413899909,decay 2
6522,19950666,1995-07-27 20:00:00,-18.81045,-52.43212,2.31123,JJA,SAt,77056.87886479318,21.40468857355366,decay 2
6523,19950666,1995-07-27 21:00:00,-17.56708,-52.48172,2.35791,JJA,SAt,84427.03508644091,23.45195419067803,decay 2
6524,19950666,1995-07-27 22:00:00,-17.32529,-54.36812,2.22055,JJA,SAt,210368.960707272,58.43582241868666,incipient
6525,19950666,1995-07-27 23:00:00,-15.77063,-54.02001,2.34003,JJA,SAt,108287.94963691701,30.079986010254725,intensification
6526,19950666,1995-07-28 00:00:00,-14.25259,-53.70909,2.49184,JJA,SAt,105370.41759979333,29.269560444387036,intensification
6527,19950666,1995-07-28 01:00:00,-12.74393,-53.40559,2.69523,JJA,SAt,105206.81904385632,29.2241164010712,intensification
6528,19950666,1995-07-28 02:00:00,-11.5899,-53.18018,2.94715,JJA,SAt,80691.8400025419,22.41440000070608,intensification
6529,19950666,1995-07-28 03:00:00,-10.60474,-53.00367,3.18326,JJA,SAt,68650.15013438746,19.06948614844096,intensification
6530,19950666,1995-07-28 04:00:00,-9.64484,-52.90659,3.34684,JJA,SAt,65201.44423537445,18.111512287604015,intensification
6531,19950666,1995-07-28 05:00:00,-8.63818,-52.82004,3.50842,JJA,SAt,68258.88304743632,18.96080084651009,intensification
6532,19950666,1995-07-28 06:00:00,-7.60843,-52.73733,3.66605,JJA,SAt,69869.73357432436,19.40825932620121,intensification
6533,19950666,1995-07-28 07:00:00,-6.53946,-52.62688,3.83569,JJA,SAt,73098.24462182379,20.305067950506608,intensification
6534,19950666,1995-07-28 08:00:00,-5.53732,-52.56083,3.95107,JJA,SAt,68087.93315550181,18.91331476541717,intensification
6535,19950666,1995-07-28 09:00:00,-4.54086,-52.52102,4.10203,JJA,SAt,67533.53776644538,18.75931604623483,intensification
6536,19950666,1995-07-28 10:00:00,-3.37161,-52.83118,4.80794,JJA,SAt,86043.46793598929,23.90096331555258,incipient
6537,19950666,1995-07-28 11:00:00,-2.28528,-52.66049,4.98619,JJA,SAt,75545.44138757129,20.984844829880913,incipient
6538,19950666,1995-07-28 12:00:00,-1.27896,-52.5245,5.30875,JJA,SAt,69636.64939292968,19.343513720258247,incipient
6539,19950666,1995-07-28 13:00:00,-0.41055,-52.48702,5.56943,JJA,SAt,58923.29022523615,16.367580618121153,incipient
6540,19950666,1995-07-28 14:00:00,0.44622,-52.45861,5.79132,JJA,SAt,58117.288192910724,16.143691164697422,incipient
6541,19950666,1995-07-28 15:00:00,1.3162,-52.44444,5.92861,JJA,SAt,58975.663401521066,16.38212872264474,incipient
6542,19950666,1995-07-28 16:00:00,2.23636,-52.41105,5.93375,JJA,SAt,62499.07593378525,17.360854426051457,decay
6543,19950666,1995-07-28 17:00:00,3.22328,-52.3097,5.98698,JJA,SAt,67958.21473609716,18.8772818711381,decay
6544,19950666,1995-07-28 18:00:00,4.18682,-52.20919,6.12303,JJA,SAt,66524.54715567421,18.47904087657617,decay
6545,19950666,1995-07-28 19:00:00,5.11599,-52.18191,6.16223,JJA,SAt,63403.53555956115,17.612093210989208,decay
6546,19950666,1995-07-28 20:00:00,5.90538,-52.21028,6.192,JJA,SAt,53895.5650405601,14.97099028904447,decay
6547,19950666,1995-07-28 21:00:00,6.68974,-52.23668,6.23917,JJA,SAt,53507.97582111485,14.863326616976348,decay
6548,19950666,1995-07-28 22:00:00,7.39406,-52.09137,5.67487,JJA,SAt,50684.05810251913,14.078905028477536,decay
6549,19950666,1995-07-28 23:00:00,8.08127,-52.18636,5.75737,JJA,SAt,48073.800366084455,13.35383343502346,decay
6550,19950666,1995-07-29 00:00:00,8.69476,-52.30694,5.8534,JJA,SAt,43865.99091599927,12.184997476666464,decay
6551,19950666,1995-07-29 01:00:00,9.26456,-52.44595,5.95271,JJA,SAt,41652.887305741526,11.570246473817091,decay
6552,19950666,1995-07-29 02:00:00,9.83697,-52.56643,6.01473,JJA,SAt,40992.46987195258,11.386797186653494,decay
6553,19950666,1995-07-29 03:00:00,10.30123,-52.74417,6.01364,JJA,SAt,37030.306342337935,10.286196206204982,decay
6554,19950666,1995-07-29 04:00:00,10.84452,-52.85636,5.99996,JJA,SAt,38595.88214573542,10.721078373815395,decay
6555,19950666,1995-07-29 05:00:00,11.31514,-53.00002,5.93656,JJA,SAt,35359.62542495852,9.822118173599588,decay
6556,19950666,1995-07-29 06:00:00,11.71424,-53.19012,5.88317,JJA,SAt,34014.08906629616,9.448358073971155,intensification
6557,19950666,1995-07-29 07:00:00,12.22972,-53.30645,5.85515,JJA,SAt,36654.808518184545,10.181891255051262,intensification
6558,19950666,1995-07-29 08:00:00,12.70243,-53.45164,5.78938,JJA,SAt,35266.976475030875,9.796382354175243,intensification
6559,19950666,1995-07-29 09:00:00,13.10037,-53.61312,5.76466,JJA,SAt,31845.021023318237,8.845839173143954,intensification
6560,19950666,1995-07-29 10:00:00,12.70719,-53.85968,6.05412,JJA,SAt,37688.1247964923,10.468923554581195,incipient
6561,19950666,1995-07-29 11:00:00,13.04005,-54.03772,5.9064,JJA,SAt,29434.441206887976,8.176233668579993,incipient
6562,19950666,1995-07-29 12:00:00,13.1517,-54.25421,5.84171,JJA,SAt,25146.936768492043,6.985260213470012,incipient
6563,19950666,1995-07-29 13:00:00,13.3002,-54.42738,5.81027,JJA,SAt,21527.715485552173,5.979920968208937,incipient
6564,19950666,1995-07-29 14:00:00,13.3946,-54.58167,5.79133,JJA,SAt,18206.74026198751,5.057427850552086,incipient
6565,19950666,1995-07-29 15:00:00,13.4307,-54.70947,5.86843,JJA,SAt,14399.301382392876,3.9998059395535766,incipient
6566,19950666,1995-07-29 16:00:00,13.6648,-54.78376,6.0349,JJA,SAt,17145.924731403786,4.7627568698343845,incipient
6567,19950666,1995-07-29 17:00:00,13.91164,-54.85107,6.18982,JJA,SAt,17496.403259335315,4.860112016482032,incipient
6568,19950666,1995-07-29 18:00:00,14.10085,-54.9239,6.31468,JJA,SAt,14561.15647312164,4.044765686978233,incipient
6569,19950666,1995-07-29 19:00:00,14.292,-55.01256,6.40048,JJA,SAt,15686.136133708358,4.35726003714121,incipient
6570,19950666,1995-07-29 20:00:00,14.38671,-55.10174,6.47487,JJA,SAt,11606.816193696017,3.2241156093600045,incipient
6571,19950666,1995-07-29 21:00:00,14.52379,-55.19831,6.45556,JJA,SAt,13826.511472822305,3.840697631339529,incipient
6572,19950666,1995-07-29 22:00:00,14.82888,-55.38914,6.54407,JJA,SAt,28694.071991580757,7.970575553216877,incipient
6573,19950666,1995-07-29 23:00:00,15.0404,-55.46267,6.42871,JJA,SAt,15652.150651221218,4.347819625339227,intensification
6574,19950666,1995-07-30 00:00:00,15.32306,-55.48406,6.39315,JJA,SAt,17972.479366004372,4.992355379445659,intensification
6575,19950666,1995-07-30 01:00:00,15.61906,-55.50173,6.36732,JJA,SAt,18749.135023193165,5.208093061998102,intensification
6576,19950666,1995-07-30 02:00:00,15.85925,-55.51802,6.44311,JJA,SAt,15231.833484442775,4.23106485678966,intensification
6577,19950666,1995-07-30 03:00:00,16.1381,-55.57454,6.49931,JJA,SAt,18633.602057122578,5.1760005714229385,intensification
6578,19950666,1995-07-30 04:00:00,16.39388,-55.62978,6.61204,JJA,SAt,17201.656916814325,4.7782380324484235,intensification
6579,19950666,1995-07-30 05:00:00,16.62047,-55.68626,6.71478,JJA,SAt,15539.319227588254,4.316477563218959,intensification
6580,19950666,1995-07-30 06:00:00,16.85197,-55.72387,6.71987,JJA,SAt,15095.084629476452,4.193079063743459,intensification
6581,19950666,1995-07-30 07:00:00,17.07651,-55.75921,6.62765,JJA,SAt,14594.015786650602,4.053893274069612,intensification
6582,19950666,1995-07-30 08:00:00,17.26999,-55.78345,6.44535,JJA,SAt,12398.108392207689,3.443918997835469,intensification
6583,19950666,1995-07-30 09:00:00,17.49537,-55.81331,6.27395,JJA,SAt,14473.03708269013,4.020288078525036,intensification
6584,19950666,1995-07-30 10:00:00,17.81031,-55.69995,5.7996,JJA,SAt,23392.540444039747,6.497927901122152,intensification
6585,19950666,1995-07-30 11:00:00,18.08104,-55.74256,5.70184,JJA,SAt,17604.628140280023,4.890174483411117,intensification
6586,19950666,1995-07-30 12:00:00,18.39745,-55.74996,5.66453,JJA,SAt,19820.267498512363,5.505629860697879,intensification
6587,19950666,1995-07-30 13:00:00,18.6935,-55.76257,5.66014,JJA,SAt,18577.149204235062,5.160319223398628,intensification
6588,19950666,1995-07-30 14:00:00,18.91438,-55.77516,5.62379,JJA,SAt,13886.975658271576,3.8574932384087712,intensification
6589,19950666,1995-07-30 15:00:00,19.12584,-55.79855,5.54606,JJA,SAt,13474.292907387655,3.742859140941015,intensification
6590,19950666,1995-07-30 16:00:00,19.2964,-55.81865,5.38305,JJA,SAt,10889.626350797676,3.0248962085549103,intensification
6591,19950666,1995-07-30 17:00:00,19.46425,-55.83026,5.2176,JJA,SAt,10563.36846589464,2.9342690183040667,intensification
6592,19950666,1995-07-30 18:00:00,19.5616,-55.8425,5.02935,JJA,SAt,6229.279662120211,1.7303554617000585,intensification
6593,19950666,1995-07-30 19:00:00,19.65631,-55.82876,4.88827,JJA,SAt,6108.2024474837535,1.6967229020788204,intensification
6594,19950666,1995-07-30 20:00:00,19.73094,-55.79502,4.80032,JJA,SAt,5984.910390732642,1.662475108536845,intensification
6595,19950666,1995-07-30 21:00:00,19.78415,-55.70852,4.74948,JJA,SAt,10178.439338377291,2.8273442606603587,intensification
6596,19950666,1995-07-30 22:00:00,20.27924,-55.70428,4.69173,JJA,SAt,31021.43284247921,8.617064678466448,intensification
6597,19950666,1995-07-30 23:00:00,20.34769,-55.58503,4.66699,JJA,SAt,13938.328258862888,3.8717578496841356,intensification
6598,19950666,1995-07-31 00:00:00,20.48582,-55.43411,4.62374,JJA,SAt,18901.52241103949,5.250422891955413,intensification
6599,19950666,1995-07-31 01:00:00,20.64485,-55.25454,4.53717,JJA,SAt,22356.34094213577,6.2100947061488245,mature
6600,19950666,1995-07-31 02:00:00,20.80753,-55.07582,4.39396,JJA,SAt,22398.51334230982,6.221809261752727,mature
6601,19950666,1995-07-31 03:00:00,20.97132,-54.81226,4.32277,JJA,SAt,31117.593220442133,8.64377589456726,mature
6602,19950666,1995-07-31 04:00:00,21.08199,-54.46084,4.27972,JJA,SAt,39719.923490631576,11.033312080730994,mature
6603,19950666,1995-07-31 05:00:00,21.39555,-54.18809,4.25606,JJA,SAt,36514.036062762665,10.142787795211852,mature
6604,19950666,1995-07-31 06:00:00,21.87679,-53.95742,4.24032,JJA,SAt,40542.93754590544,11.261927096084845,mature
6605,19950666,1995-07-31 07:00:00,22.43678,-53.72308,4.26286,JJA,SAt,45042.68686276908,12.5118574618803,mature
6606,19950666,1995-07-31 08:00:00,22.99875,-53.41472,4.31314,JJA,SAt,50524.51374235898,14.034587150655272,decay
6607,19950666,1995-07-31 09:00:00,23.5818,-53.19913,4.26468,JJA,SAt,45556.37482552597,12.654548562646102,decay
6608,19950666,1995-07-31 10:00:00,23.82294,-52.87099,4.19849,JJA,SAt,39891.23914876945,11.08089976354707,decay
6609,19950666,1995-07-31 11:00:00,24.34606,-52.48248,4.2023,JJA,SAt,55768.108433585854,15.491141231551627,decay
6610,19950666,1995-07-31 12:00:00,24.95634,-52.1708,4.20384,JJA,SAt,54047.473312325375,15.013187031201493,decay
6611,19950666,1995-07-31 13:00:00,25.63719,-51.92634,4.20628,JJA,SAt,53913.30359090452,14.975917664140145,decay
6612,19950666,1995-07-31 14:00:00,26.35409,-51.75513,4.23535,JJA,SAt,52803.38477041715,14.66760688067143,decay
6613,19950666,1995-07-31 15:00:00,27.08444,-51.58257,4.24617,JJA,SAt,53898.49405348159,14.971803903744886,decay
6614,19950666,1995-07-31 16:00:00,27.79869,-51.46014,4.23663,JJA,SAt,51258.23801082979,14.23839944745272,decay
6615,19950666,1995-07-31 17:00:00,28.55005,-51.27142,4.19794,JJA,SAt,56225.05991446414,15.618072198462261,decay
6616,19950666,1995-07-31 18:00:00,29.23893,-51.10722,4.18051,JJA,SAt,51363.445388751985,14.267623719097774,decay
6617,19950666,1995-07-31 19:00:00,30.01037,-50.87677,4.16974,JJA,SAt,59764.464333632735,16.60124009267576,decay
6618,19950666,1995-07-31 20:00:00,30.68023,-50.76733,4.09935,JJA,SAt,48602.50140652675,13.500694835146321,decay
6619,19950666,1995-07-31 21:00:00,31.49605,-50.5793,4.02493,JJA,SAt,61173.43346983417,16.99262040828727,decay
6620,19950666,1995-07-31 22:00:00,32.61805,-50.22362,3.57752,JJA,SAt,88813.79970694175,24.67049991859493,decay
6621,19950666,1995-07-31 23:00:00,33.75472,-50.08487,3.44492,JJA,SAt,82438.02786478138,22.899452184661495,decay
6622,19950667,1995-07-27 19:00:00,-36.51901,-75.39497,2.72319,JJA,SAt,,,decay 2
6623,19950667,1995-07-27 20:00:00,-36.2222,-74.95644,2.73368,JJA,SAt,49487.9686940682,13.7466579705745,decay 2
6624,19950667,1995-07-27 21:00:00,-35.94754,-74.60872,2.77249,JJA,SAt,39486.937326042156,10.968593701678376,decay 2
6625,19950667,1995-07-27 22:00:00,-36.16827,-74.45895,2.74238,JJA,SAt,17893.66750701473,4.97046319639298,incipient
6626,19950667,1995-07-27 23:00:00,-36.00363,-74.2305,2.79281,JJA,SAt,25878.404599708283,7.18844572214119,intensification
6627,19950667,1995-07-28 00:00:00,-35.75977,-74.01997,2.82617,JJA,SAt,24556.78916206694,6.821330322796372,intensification
6628,19950667,1995-07-28 01:00:00,-35.54019,-73.80996,2.84464,JJA,SAt,24312.153862990195,6.753376073052832,intensification
6629,19950667,1995-07-28 02:00:00,-35.33249,-73.62382,2.86364,JJA,SAt,21687.14257358407,6.02420627044002,intensification
6630,19950667,1995-07-28 03:00:00,-35.1532,-73.4116,2.92161,JJA,SAt,24266.215185258683,6.740615329238523,intensification
6631,19950667,1995-07-28 04:00:00,-34.98798,-73.22395,3.01603,JJA,SAt,21521.90102337522,5.97830583982645,intensification
6632,19950667,1995-07-28 05:00:00,-34.78152,-73.04336,3.11469,JJA,SAt,21156.58036398448,5.876827878884578,intensification
6633,19950667,1995-07-28 06:00:00,-34.5372,-72.90208,3.20982,JJA,SAt,17609.038567622003,4.8913996021172235,intensification
6634,19950667,1995-07-28 07:00:00,-34.26663,-72.78163,3.29104,JJA,SAt,16067.39727702542,4.463165910284839,intensification
6635,19950667,1995-07-28 08:00:00,-33.96902,-72.67616,3.34632,JJA,SAt,15299.346794813808,4.249818554114946,intensification
6636,19950667,1995-07-28 09:00:00,-33.70196,-72.60163,3.37981,JJA,SAt,12132.494468200894,3.370137352278026,intensification
6637,19950667,1995-07-28 10:00:00,-33.80237,-72.42079,3.50267,JJA,SAt,20386.526306574207,5.6629239740483905,incipient
6638,19950667,1995-07-28 11:00:00,-33.63022,-72.32569,3.51956,JJA,SAt,12059.149240856888,3.3497636780158024,incipient
6639,19950667,1995-07-28 12:00:00,-33.5292,-72.24596,3.54903,JJA,SAt,9501.582646734641,2.639328512981845,incipient
6640,19950667,1995-07-28 13:00:00,-33.48941,-72.18221,3.59035,JJA,SAt,7216.371697819416,2.0045476938387266,incipient
6641,19950667,1995-07-28 14:00:00,-33.43613,-72.13462,3.61893,JJA,SAt,5594.437956163877,1.5540105433788547,incipient
6642,19950667,1995-07-28 15:00:00,-33.39725,-72.11158,3.66771,JJA,SAt,2885.2678178465526,0.8014632827351535,incipient
6643,19950667,1995-07-28 16:00:00,-33.34335,-72.09658,3.73762,JJA,SAt,2484.7276646471723,0.690202129068659,decay
6644,19950667,1995-07-28 17:00:00,-33.23709,-72.03736,3.82018,JJA,SAt,7523.128418606734,2.089757894057426,decay
6645,19950667,1995-07-28 18:00:00,-33.11417,-71.94492,3.90899,JJA,SAt,11113.574420045688,3.087104005568247,decay
6646,19950667,1995-07-28 19:00:00,-32.99139,-71.85679,3.97377,JJA,SAt,10678.077803928516,2.9661327233134767,decay
6647,19950667,1995-07-28 20:00:00,-32.92148,-71.77158,4.02795,JJA,SAt,9780.620922946753,2.716839145262987,decay
6648,19950667,1995-07-28 21:00:00,-32.93723,-71.7053,4.06586,JJA,SAt,7390.41373378983,2.0528927038305085,decay
6649,19950667,1995-07-28 22:00:00,-33.3541,-71.78325,4.09591,JJA,SAt,16910.91355242361,4.697475986784337,decay
6650,19950667,1995-07-28 23:00:00,-33.58905,-71.69193,4.1355,JJA,SAt,13043.574252261396,3.62321507007261,decay
6651,19950667,1995-07-29 00:00:00,-33.73764,-71.55479,4.15387,JJA,SAt,16114.38311544785,4.476217532068847,decay
6652,19950667,1995-07-29 01:00:00,-33.80475,-71.36419,4.15785,JJA,SAt,21326.19504863242,5.923943069064562,decay
6653,19950667,1995-07-29 02:00:00,-33.81616,-71.1471,4.12238,JJA,SAt,24142.783339355425,6.706328705376507,decay
6654,19950667,1995-07-29 03:00:00,-33.82117,-70.9025,4.08356,JJA,SAt,27198.920654269463,7.555255737297073,decay
6655,19950667,1995-07-29 04:00:00,-33.92279,-70.64984,4.09547,JJA,SAt,28339.819644447725,7.872172123457702,decay
6656,19950667,1995-07-29 05:00:00,-33.94394,-70.38654,4.14225,JJA,SAt,29288.16918625747,8.135602551738186,decay
6657,19950667,1995-07-29 06:00:00,-34.02902,-70.13144,4.21134,JJA,SAt,28545.277655283695,7.92924379313436,intensification
6658,19950667,1995-07-29 07:00:00,-34.01645,-69.88974,4.23167,JJA,SAt,26880.098538933093,7.466694038592526,intensification
6659,19950667,1995-07-29 08:00:00,-33.98813,-69.65593,4.21297,JJA,SAt,26021.309249229238,7.228141458119233,intensification
6660,19950667,1995-07-29 09:00:00,-33.94083,-69.43302,4.13111,JJA,SAt,24854.555063633714,6.904043073231588,intensification
6661,19950667,1995-07-29 10:00:00,-34.84073,-69.11938,4.03592,JJA,SAt,49699.07242842269,13.805297896784081,incipient
6662,19950667,1995-07-29 11:00:00,-34.70181,-68.82905,3.88879,JJA,SAt,32755.531924306644,9.098758867862957,incipient
6663,19950667,1995-07-29 12:00:00,-34.37262,-68.53647,3.73539,JJA,SAt,35149.523129196365,9.763756424776767,incipient
6664,19950667,1995-07-29 13:00:00,-33.9675,-68.29073,3.62787,JJA,SAt,31958.065666699695,8.877240462972138,incipient
6665,19950667,1995-07-29 14:00:00,-33.57135,-68.08897,3.56621,JJA,SAt,27769.684258959547,7.7138011830443185,incipient
6666,19950667,1995-07-29 15:00:00,-33.09741,-67.9788,3.54777,JJA,SAt,23209.077306784307,6.4469659185511965,incipient
6667,19950667,1995-07-29 16:00:00,-32.77951,-67.85949,3.50374,JJA,SAt,18777.08554976408,5.215857097156689,incipient
6668,19950667,1995-07-29 17:00:00,-32.41452,-67.72327,3.42969,JJA,SAt,21558.181645518882,5.988383790421912,incipient
6669,19950667,1995-07-29 18:00:00,-32.07846,-67.53533,3.31963,JJA,SAt,25278.35321110607,7.021764780862798,incipient
6670,19950667,1995-07-29 19:00:00,-31.60849,-67.34421,3.16131,JJA,SAt,29216.26689261564,8.115629692393233,incipient
6671,19950667,1995-07-29 20:00:00,-30.78427,-67.27252,3.02409,JJA,SAt,36242.87523449568,10.067465342915467,incipient
6672,19950667,1995-07-29 21:00:00,-29.67941,-67.39662,2.90635,JJA,SAt,49311.456742700284,13.6976268729723,incipient
6673,19950668,1995-07-27 22:00:00,3.29703,-40.32792,4.02859,JJA,SAt,,,incipient
6674,19950668,1995-07-27 23:00:00,4.16616,-40.29271,4.11245,JJA,SAt,73798.91581817753,20.499698838382646,intensification
6675,19950668,1995-07-28 00:00:00,5.07441,-40.26708,4.23963,JJA,SAt,77099.38096839307,21.41649471344252,intensification
6676,19950668,1995-07-28 01:00:00,5.72633,-40.26281,4.22019,JJA,SAt,55316.64397545617,15.365734437626715,intensification
6677,19950668,1995-07-28 02:00:00,6.56248,-40.21582,4.26519,JJA,SAt,71165.13395977285,19.76809276660357,intensification
6678,19950668,1995-07-28 03:00:00,7.03132,-40.16937,4.22418,JJA,SAt,40156.6020846618,11.154611690183833,intensification
6679,19950668,1995-07-28 04:00:00,7.59226,-40.0733,4.20047,JJA,SAt,48877.620168217836,13.577116713393844,intensification
6680,19950668,1995-07-28 05:00:00,8.07735,-39.99649,4.13259,JJA,SAt,42172.874070626676,11.714687241840743,intensification
6681,19950668,1995-07-28 06:00:00,8.73951,-39.90144,4.11672,JJA,SAt,57426.00654112156,15.951668483644879,intensification
6682,19950668,1995-07-28 07:00:00,9.29645,-39.85536,4.07581,JJA,SAt,47800.07130099915,13.277797583610875,intensification
6683,19950668,1995-07-28 08:00:00,10.10702,-39.84043,4.07726,JJA,SAt,69217.89078120215,19.227191883667263,intensification
6684,19950668,1995-07-28 09:00:00,11.01362,-39.87123,4.14318,JJA,SAt,77462.74629524433,21.51742952645676,intensification
6685,19950668,1995-07-28 10:00:00,12.77801,-40.10908,4.59481,JJA,SAt,152619.3443961437,42.39426233226214,incipient
6686,19950668,1995-07-28 11:00:00,13.72018,-40.173,4.85105,JJA,SAt,80402.766287532,22.334101746536664,incipient
6687,19950668,1995-07-28 12:00:00,14.50887,-40.27355,5.22581,JJA,SAt,67887.5043552876,18.857640098691,incipient
6688,19950668,1995-07-28 13:00:00,15.13447,-40.33452,5.48233,JJA,SAt,53482.14121420892,14.856150337280255,incipient
6689,19950668,1995-07-28 14:00:00,15.8466,-40.3376,5.6189,JJA,SAt,60360.725496795014,16.76686819355417,incipient
6690,19950668,1995-07-28 15:00:00,16.65255,-40.36091,5.86868,JJA,SAt,68347.6378069016,18.985454946361557,incipient
6691,19950668,1995-07-28 16:00:00,17.56042,-40.31981,5.88649,JJA,SAt,77081.13115777682,21.41142532160467,decay
6692,19950668,1995-07-28 17:00:00,18.4083,-40.26798,6.15782,JJA,SAt,72141.22814237043,20.03923003954734,decay
6693,19950668,1995-07-28 18:00:00,19.42558,-40.22887,6.34489,JJA,SAt,86445.20145685317,24.01255596023699,decay
6694,19950668,1995-07-28 19:00:00,20.38105,-40.20111,6.44735,JJA,SAt,81188.77639741765,22.552437888171568,decay
6695,19950668,1995-07-28 20:00:00,21.39406,-40.15768,6.35882,JJA,SAt,86196.36124703358,23.943433679731548,decay
6696,19950668,1995-07-28 21:00:00,22.23082,-40.15033,6.45029,JJA,SAt,71118.95173737337,19.755264371492604,decay
6697,19950668,1995-07-28 22:00:00,22.5245,-40.21067,6.27809,JJA,SAt,25835.932498705763,7.176647916307156,decay
6698,19950668,1995-07-28 23:00:00,23.27257,-40.1884,6.48202,JJA,SAt,63582.34367299335,17.661762131387043,decay
6699,19950668,1995-07-29 00:00:00,24.26675,-40.20393,6.63169,JJA,SAt,84458.05817610957,23.460571715585992,decay
6700,19950668,1995-07-29 01:00:00,25.26023,-40.25539,6.78924,JJA,SAt,84533.13352064848,23.48142597795791,decay
6701,19950668,1995-07-29 02:00:00,26.34068,-40.38631,7.08393,JJA,SAt,92748.21591542926,25.76339330984146,decay
6702,19950668,1995-07-29 03:00:00,27.36851,-40.4239,7.22066,JJA,SAt,87129.16225977884,24.202545072160788,decay
6703,19950668,1995-07-29 04:00:00,28.31969,-40.50691,7.36377,JJA,SAt,80994.22931392794,22.49839703164665,decay
6704,19950668,1995-07-29 05:00:00,29.25124,-40.56738,7.58528,JJA,SAt,79008.35702209765,21.94676583947157,decay
6705,19950668,1995-07-29 06:00:00,30.13825,-40.61117,7.81991,JJA,SAt,75057.60228451724,20.849333967921456,intensification
6706,19950668,1995-07-29 07:00:00,31.01288,-40.68504,8.12794,JJA,SAt,74244.87936146026,20.62357760040563,intensification
6707,19950668,1995-07-29 08:00:00,31.91041,-40.78174,8.3993,JJA,SAt,76384.80674656437,21.218001874045658,intensification
6708,19950668,1995-07-29 09:00:00,32.71442,-40.82808,8.5084,JJA,SAt,67867.48461724372,18.852079060345478,intensification
6709,19950668,1995-07-29 10:00:00,33.5542,-41.34758,6.25583,JJA,SAt,91050.18169685584,25.29171713801551,incipient
6710,19950668,1995-07-29 11:00:00,33.74745,-41.20646,6.01563,JJA,SAt,22517.32473255064,6.254812425708511,incipient
6711,19950668,1995-07-29 12:00:00,34.1661,-41.14962,5.97269,JJA,SAt,35603.47907463141,9.889855298508724,incipient
6712,19950668,1995-07-29 13:00:00,34.85345,-41.16451,5.89501,JJA,SAt,57568.400345172915,15.991222318103587,incipient
6713,19950668,1995-07-29 14:00:00,35.22303,-41.13303,6.25097,JJA,SAt,31142.367706464778,8.650657696240216,incipient
6714,19950668,1995-07-29 15:00:00,35.72464,-41.12564,6.46899,JJA,SAt,42020.377290447526,11.672327025124313,incipient
6715,19950668,1995-07-29 16:00:00,36.38915,-41.18085,6.68593,JJA,SAt,55973.35962187059,15.548155450519609,incipient
6716,19950668,1995-07-29 17:00:00,37.0654,-41.1561,6.80337,JJA,SAt,56672.30894859876,15.742308041277433,incipient
6717,19950668,1995-07-29 18:00:00,37.86532,-41.14369,6.96853,JJA,SAt,66990.36588926162,18.60843496923934,incipient
6718,19950668,1995-07-29 19:00:00,38.72448,-41.15266,7.06932,JJA,SAt,71944.99465638939,19.98472073788594,incipient
6719,19950668,1995-07-29 20:00:00,39.5543,-41.15926,7.23586,JJA,SAt,69477.06603291255,19.299185009142377,incipient
6720,19950668,1995-07-29 21:00:00,40.32125,-41.21168,7.12706,JJA,SAt,64444.91835127786,17.901366208688295,incipient
6721,19950668,1995-07-29 22:00:00,40.86557,-40.82252,8.00071,JJA,SAt,62912.72016349041,17.47575560096956,incipient
6722,19950668,1995-07-29 23:00:00,41.62936,-40.9269,8.05652,JJA,SAt,65259.13278326902,18.127536884241394,intensification
6723,19950668,1995-07-30 00:00:00,42.37459,-40.99831,8.0166,JJA,SAt,63076.75250771652,17.521320141032366,intensification
6724,19950668,1995-07-30 01:00:00,43.38964,-41.29187,8.28651,JJA,SAt,91047.12663877732,25.290868510771478,intensification
6725,19950668,1995-07-30 02:00:00,44.34924,-41.51226,8.55304,JJA,SAt,83703.60260441685,23.251000723449128,intensification
6726,19950668,1995-07-30 03:00:00,45.14928,-41.6745,8.48673,JJA,SAt,68933.50337147698,19.148195380965827,intensification
6727,19950668,1995-07-30 04:00:00,46.01297,-41.86872,8.63669,JJA,SAt,74810.39509294338,20.780665303595384,intensification
6728,19950668,1995-07-30 05:00:00,46.93259,-42.08058,8.71004,JJA,SAt,79588.09641219239,22.10780455894233,intensification
6729,19950668,1995-07-30 06:00:00,47.71127,-42.2164,8.7727,JJA,SAt,65947.43054154355,18.31873070598432,intensification
6730,19950668,1995-07-30 07:00:00,48.46666,-42.38302,8.81454,JJA,SAt,64829.601771738184,18.00822271437172,intensification
6731,19950668,1995-07-30 08:00:00,49.16742,-42.4812,8.80852,JJA,SAt,58538.587366885215,16.26071871302367,intensification
6732,19950668,1995-07-30 09:00:00,49.8739,-42.61411,8.69037,JJA,SAt,59731.20134611753,16.592000373921536,intensification
6733,19950668,1995-07-30 10:00:00,50.9827,-42.90776,8.40967,JJA,SAt,96229.09472773729,26.730304091038136,intensification
6734,19950668,1995-07-30 11:00:00,51.8631,-43.04639,8.41108,JJA,SAt,73263.08718780392,20.350857552167756,intensification
6735,19950668,1995-07-30 12:00:00,52.76083,-43.1845,8.42023,JJA,SAt,74469.00192449582,20.685833867915505,intensification
6736,19950668,1995-07-30 13:00:00,53.63809,-43.33018,8.51029,JJA,SAt,72864.88222423293,20.240245062286927,intensification
6737,19950668,1995-07-30 14:00:00,54.38706,-43.39428,8.61162,JJA,SAt,60966.008229248655,16.935002285902403,intensification
6738,19950668,1995-07-30 15:00:00,55.17965,-43.44055,8.50452,JJA,SAt,64222.32430250423,17.839534528473397,intensification
6739,19950668,1995-07-30 16:00:00,55.99415,-43.52274,8.50081,JJA,SAt,66348.1275177237,18.430035421589917,intensification
6740,19950668,1995-07-30 17:00:00,56.74137,-43.57974,8.39133,JJA,SAt,60550.568568513394,16.81960238014261,intensification
6741,19950668,1995-07-30 18:00:00,57.61116,-43.7166,8.20677,JJA,SAt,71618.32029087379,19.89397785857605,intensification
6742,19950668,1995-07-30 19:00:00,58.47505,-43.83897,8.1437,JJA,SAt,70680.06200355591,19.63335055654331,intensification
6743,19950668,1995-07-30 20:00:00,59.36736,-43.96125,8.04816,JJA,SAt,72774.38703164141,20.21510750878928,intensification
6744,19950668,1995-07-30 21:00:00,60.2675,-44.05718,8.07268,JJA,SAt,72773.9754313946,20.21499317538739,intensification
6745,19950668,1995-07-30 22:00:00,61.72459,-44.5151,8.18499,JJA,SAt,126667.01449739335,35.18528180483148,intensification
6746,19950668,1995-07-30 23:00:00,62.79198,-44.74964,8.21083,JJA,SAt,88396.13380337945,24.554481612049845,intensification
6747,19950668,1995-07-31 00:00:00,63.87164,-44.9469,8.08085,JJA,SAt,87894.79616340068,24.415221156500188,intensification
6748,19950668,1995-07-31 01:00:00,64.95196,-45.14916,7.91761,JJA,SAt,87799.43939082568,24.388733164118243,mature
6749,19950668,1995-07-31 02:00:00,66.00384,-45.31466,7.66683,JJA,SAt,84400.53228995048,23.444592302764022,mature
6750,19950668,1995-07-31 03:00:00,67.3167,-45.67326,7.51742,JJA,SAt,109824.81380805661,30.50689272446017,mature
6751,19950668,1995-07-31 04:00:00,68.64461,-46.05047,7.40919,JJA,SAt,111050.78762824195,30.847441007844985,mature
6752,19950668,1995-07-31 05:00:00,70.01258,-46.44751,7.37779,JJA,SAt,114076.28224488527,31.687856179134798,mature
6753,19950668,1995-07-31 06:00:00,71.46693,-46.92322,7.46164,JJA,SAt,122901.1307039549,34.139202973320806,mature
6754,19950668,1995-07-31 07:00:00,72.83804,-47.34347,7.42946,JJA,SAt,113756.90107966008,31.599139188794467,mature
6755,19950668,1995-07-31 08:00:00,74.35366,-47.82993,7.47089,JJA,SAt,125879.91081115989,34.96664189198886,decay
6756,19950668,1995-07-31 09:00:00,75.90784,-48.3142,7.55117,JJA,SAt,127410.5578864931,35.39182163513697,decay
6757,19950668,1995-07-31 10:00:00,78.09505,-48.77208,7.4295,JJA,SAt,168867.27705416462,46.90757695949017,decay
6758,19950668,1995-07-31 11:00:00,79.51055,-49.18518,7.59701,JJA,SAt,113055.48442882442,31.404301230229006,decay
6759,19950668,1995-07-31 12:00:00,80.84246,-49.56971,7.68141,JJA,SAt,105478.04929103481,29.29945813639856,decay
6760,19950668,1995-07-31 13:00:00,82.07533,-49.96119,7.86562,JJA,SAt,98668.07534081313,27.407798705781424,decay
6761,19950668,1995-07-31 14:00:00,83.33916,-50.3634,8.04028,JJA,SAt,100521.92164244571,27.922756011790476,decay
6762,19950668,1995-07-31 15:00:00,84.57161,-50.73543,8.23309,JJA,SAt,96403.52482484384,26.778756895789957,decay
6763,19950668,1995-07-31 16:00:00,85.80351,-51.07149,8.37306,JJA,SAt,94118.77374988582,26.144103819412727,decay
6764,19950668,1995-07-31 17:00:00,86.99113,-51.37042,8.68067,JJA,SAt,89138.03891341184,24.760566364836624,decay
6765,19950668,1995-07-31 18:00:00,88.132,-51.61624,8.8456,JJA,SAt,83578.19688081031,23.216165800225088,decay
6766,19950668,1995-07-31 19:00:00,89.25907,-51.85229,9.0431,JJA,SAt,81931.78360023657,22.75882877784349,decay
6767,19950668,1995-07-31 20:00:00,90.33753,-52.07935,9.25471,JJA,SAt,78079.95632581059,21.68887675716961,decay
6768,19950668,1995-07-31 21:00:00,91.40111,-52.31945,9.39523,JJA,SAt,77245.78091967524,21.457161366576454,decay
6769,19950668,1995-07-31 22:00:00,92.90401,-52.43993,9.94449,JJA,SAt,102885.37521238739,28.57927089232983,decay
6770,19950668,1995-07-31 23:00:00,93.98715,-52.70593,9.95066,JJA,SAt,78946.55439848221,21.929598444022837,decay
6771,19950669,1995-07-28 03:00:00,-34.53354,-41.79223,2.86606,JJA,SAt,,,intensification
6772,19950669,1995-07-28 04:00:00,-33.86404,-41.97163,3.11441,JJA,SAt,58906.360754575515,16.362877987382088,intensification
6773,19950669,1995-07-28 05:00:00,-33.03629,-42.16563,3.47651,JJA,SAt,71650.57890834122,19.90293858565034,intensification
6774,19950669,1995-07-28 06:00:00,-31.8602,-42.38121,3.82845,JJA,SAt,99690.40595610744,27.691779432252066,intensification
6775,19950669,1995-07-28 07:00:00,-30.75519,-42.53989,4.10309,JJA,SAt,92348.17822556332,25.652271729323143,intensification
6776,19950669,1995-07-28 08:00:00,-29.66071,-42.67042,4.35379,JJA,SAt,90743.78370305299,25.206606584181387,intensification
6777,19950669,1995-07-28 09:00:00,-28.42114,-42.79237,4.65086,JJA,SAt,102148.14019718184,28.374483388106068,intensification
6778,19950669,1995-07-28 10:00:00,-26.92111,-42.84824,4.98317,JJA,SAt,122499.00906770317,34.027502518806436,incipient
6779,19950669,1995-07-28 11:00:00,-25.655,-42.93937,5.08272,JJA,SAt,103637.13530563525,28.788093140454237,incipient
6780,19950669,1995-07-28 12:00:00,-24.21195,-43.00076,5.20546,JJA,SAt,117607.03560966506,32.66862100268474,incipient
6781,19950669,1995-07-28 13:00:00,-22.91583,-43.06826,5.32368,JJA,SAt,105611.04232171598,29.336400644921106,incipient
6782,19950669,1995-07-28 14:00:00,-21.62466,-43.12927,5.33566,JJA,SAt,105051.0200317225,29.180838897700692,incipient
6783,19950669,1995-07-28 15:00:00,-20.21506,-43.16337,5.38299,JJA,SAt,114420.93675927173,31.783593544242148,incipient
6784,19950669,1995-07-28 16:00:00,-18.8999,-43.20284,5.36935,JJA,SAt,106722.57378938705,29.645159385940847,decay
6785,19950669,1995-07-28 17:00:00,-17.75092,-43.25806,5.38317,JJA,SAt,93288.7603970218,25.91354455472828,decay
6786,19950669,1995-07-28 18:00:00,-16.62375,-43.31523,5.43679,JJA,SAt,91456.48301903134,25.404578616397593,decay
6787,19950669,1995-07-28 19:00:00,-15.25287,-43.32699,5.53427,JJA,SAt,110906.0632248467,30.807239784679638,decay
6788,19950669,1995-07-28 20:00:00,-13.7439,-43.29313,5.65033,JJA,SAt,122149.19082603349,33.9303307850093,decay
6789,19950669,1995-07-28 21:00:00,-12.23077,-43.25061,5.85332,JJA,SAt,122595.82957119195,34.054397103108876,decay
6790,19950669,1995-07-28 22:00:00,-10.96841,-43.23793,6.57405,JJA,SAt,102258.50809356732,28.40514113710203,decay
6791,19950669,1995-07-28 23:00:00,-9.61728,-43.17619,6.90334,JJA,SAt,109720.6320681608,30.47795335226689,decay
6792,19950669,1995-07-29 00:00:00,-8.2774,-43.1192,7.12436,JJA,SAt,108884.07552286921,30.245576534130336,decay
6793,19950669,1995-07-29 01:00:00,-7.05472,-43.06771,7.25445,JJA,SAt,99444.62085085962,27.623505791905448,decay
6794,19950669,1995-07-29 02:00:00,-5.87866,-43.00276,7.35508,JJA,SAt,95857.44026788276,26.627066741078544,decay
6795,19950669,1995-07-29 03:00:00,-4.66156,-42.92333,7.34691,JJA,SAt,99429.8174160563,27.619393726682308,decay
6796,19950669,1995-07-29 04:00:00,-3.48694,-42.82381,7.31186,JJA,SAt,96356.61251402453,26.765725698340148,decay
6797,19950669,1995-07-29 05:00:00,-2.44763,-42.7155,7.32161,JJA,SAt,85685.94589836201,23.801651638433892,decay
6798,19950669,1995-07-29 06:00:00,-1.35455,-42.60397,7.31372,JJA,SAt,90238.758312804,25.066321753556668,intensification
6799,19950669,1995-07-29 07:00:00,-0.26013,-42.50259,7.34203,JJA,SAt,90351.17494642764,25.0975485962299,intensification
6800,19950669,1995-07-29 08:00:00,0.80811,-42.4155,7.34899,JJA,SAt,88166.21901452556,24.490616392923766,intensification
6801,19950669,1995-07-29 09:00:00,1.89903,-42.35342,7.32659,JJA,SAt,89865.3510299582,24.96259750832172,intensification
6802,19950669,1995-07-29 10:00:00,3.78287,-41.6557,6.49791,JJA,SAt,173915.46554526896,48.30985154035249,incipient
6803,19950669,1995-07-29 11:00:00,5.00859,-41.65958,6.66412,JJA,SAt,101829.39301394734,28.28594250387426,incipient
6804,19950669,1995-07-29 12:00:00,6.27394,-41.64904,6.61156,JJA,SAt,105132.70858766924,29.203530163241457,incipient
6805,19950669,1995-07-29 13:00:00,7.40594,-41.62158,6.8742,JJA,SAt,94124.80643808388,26.14577956613441,incipient
6806,19950669,1995-07-29 14:00:00,8.5055,-41.61124,7.16096,JJA,SAt,91413.3904174529,25.392608449292474,incipient
6807,19950669,1995-07-29 15:00:00,9.53272,-41.58335,7.33629,JJA,SAt,85474.20639447813,23.742835109577257,incipient
6808,19950669,1995-07-29 16:00:00,10.55545,-41.49749,7.29629,JJA,SAt,85653.19404519247,23.792553901442353,incipient
6809,19950669,1995-07-29 17:00:00,11.55199,-41.4541,7.19384,JJA,SAt,83162.66463840709,23.100740177335304,incipient
6810,19950669,1995-07-29 18:00:00,12.60704,-41.4694,7.2229,JJA,SAt,87932.55896445013,24.42571082345837,incipient
6811,19950669,1995-07-29 19:00:00,13.64104,-41.53056,7.33862,JJA,SAt,86379.3476435991,23.994263234333083,incipient
6812,19950669,1995-07-29 20:00:00,14.62429,-41.55772,7.17283,JJA,SAt,81884.68242687316,22.745745118575876,incipient
6813,19950669,1995-07-29 21:00:00,15.66186,-41.63102,7.02109,JJA,SAt,86666.5737843172,24.074048273421443,incipient
6814,19950669,1995-07-29 22:00:00,16.62629,-41.8151,7.20234,JJA,SAt,82615.94298268965,22.948873050747125,incipient
6815,19950669,1995-07-29 23:00:00,17.89565,-42.01618,7.65647,JJA,SAt,107383.72433012945,29.828812313924846,intensification
6816,19950669,1995-07-30 00:00:00,19.11071,-42.1676,7.94118,JJA,SAt,101663.21996401325,28.23978332333701,intensification
6817,19950669,1995-07-30 01:00:00,20.09789,-42.25149,8.04605,JJA,SAt,81838.39469845404,22.732887416237233,intensification
6818,19950669,1995-07-30 02:00:00,21.1291,-42.41163,8.48872,JJA,SAt,86617.14128461719,24.060317023504773,intensification
6819,19950669,1995-07-30 03:00:00,22.13739,-42.60417,9.00779,JJA,SAt,85378.08894630568,23.716135818418245,intensification
6820,19950669,1995-07-30 04:00:00,22.99592,-42.69844,9.25116,JJA,SAt,70990.95095571979,19.719708598811053,intensification
6821,19950669,1995-07-30 05:00:00,23.98932,-42.87008,9.86378,JJA,SAt,83285.01693451325,23.13472692625368,intensification
6822,19950669,1995-07-30 06:00:00,24.89826,-42.95026,10.15596,JJA,SAt,74560.23335481466,20.71117593189296,intensification
6823,19950669,1995-07-30 07:00:00,25.81976,-43.05056,10.43433,JJA,SAt,75763.5569439666,21.045432484435167,intensification
6824,19950669,1995-07-30 08:00:00,26.71438,-43.24244,10.94343,JJA,SAt,75650.07400537899,21.01390944593861,intensification
6825,19950669,1995-07-30 09:00:00,27.5847,-43.38303,11.32864,JJA,SAt,72129.75586709763,20.036043296416008,intensification
6826,19950669,1995-07-30 10:00:00,28.28944,-43.59643,11.19912,JJA,SAt,61605.64530758088,17.1126792521058,intensification
6827,19950669,1995-07-30 11:00:00,29.07859,-43.87849,11.66949,JJA,SAt,70733.54405070998,19.648206680752775,intensification
6828,19950669,1995-07-30 12:00:00,29.92976,-44.07462,11.94022,JJA,SAt,71515.46112675456,19.865405868542933,intensification
6829,19950669,1995-07-30 13:00:00,30.77061,-44.28901,12.18518,JJA,SAt,71162.04329006346,19.767234247239852,intensification
6830,19950669,1995-07-30 14:00:00,31.51444,-44.59971,12.4134,JJA,SAt,68413.14554971317,19.00365154158699,intensification
6831,19950669,1995-07-30 15:00:00,32.32016,-44.84589,12.68464,JJA,SAt,69292.74277145114,19.247984103180872,intensification
6832,19950669,1995-07-30 16:00:00,33.04503,-45.12099,12.92338,JJA,SAt,64698.56713610916,17.971824204474768,intensification
6833,19950669,1995-07-30 17:00:00,33.7856,-45.36909,13.06786,JJA,SAt,64207.4740541739,17.83540945949275,intensification
6834,19950669,1995-07-30 18:00:00,34.45243,-45.6133,13.31442,JJA,SAt,58644.74960955749,16.29020822487708,intensification
6835,19950669,1995-07-30 19:00:00,35.18408,-45.78281,13.46618,JJA,SAt,59866.51240480718,16.629586779113104,intensification
6836,19950669,1995-07-30 20:00:00,35.91293,-45.97916,13.58011,JJA,SAt,60496.135147031164,16.804481985286433,intensification
6837,19950669,1995-07-30 21:00:00,36.64767,-46.15653,13.70661,JJA,SAt,60016.4977472894,16.671249374247058,intensification
6838,19950669,1995-07-30 22:00:00,37.45368,-46.20135,13.20872,JJA,SAt,62256.183248363704,17.293384235656585,intensification
6839,19950669,1995-07-30 23:00:00,38.17873,-46.40113,13.17413,JJA,SAt,59965.292109221955,16.65702558589499,intensification
6840,19950669,1995-07-31 00:00:00,38.87979,-46.62471,13.15484,JJA,SAt,59127.761998479065,16.42437833291085,intensification
6841,19950669,1995-07-31 01:00:00,39.52841,-46.82272,13.2594,JJA,SAt,54122.51828180543,15.034032856057063,mature
6842,19950669,1995-07-31 02:00:00,40.27648,-46.98275,13.2,JJA,SAt,59553.33519348179,16.542593109300498,mature
6843,19950669,1995-07-31 03:00:00,40.99081,-47.15971,13.03872,JJA,SAt,57565.99058982201,15.990552941617224,mature
6844,19950669,1995-07-31 04:00:00,41.65161,-47.30448,13.14071,JJA,SAt,52425.99781590119,14.562777171083663,mature
6845,19950669,1995-07-31 05:00:00,42.32087,-47.42747,13.14723,JJA,SAt,52226.71437350663,14.507420659307396,mature
6846,19950669,1995-07-31 06:00:00,42.87993,-47.56854,13.09791,JJA,SAt,44833.06668212274,12.453629633922985,mature
6847,19950669,1995-07-31 07:00:00,43.57615,-47.70062,12.99776,JJA,SAt,54195.16520507652,15.0542125569657,mature
6848,19950669,1995-07-31 08:00:00,44.26231,-47.80278,12.86839,JJA,SAt,52540.829357461604,14.594674821517112,decay
6849,19950669,1995-07-31 09:00:00,44.97723,-47.93116,12.77719,JJA,SAt,55207.2470519781,15.33534640332725,decay
6850,19950669,1995-07-31 10:00:00,45.64788,-47.82917,11.33039,JJA,SAt,51284.318630798414,14.245644064110671,decay
6851,19950669,1995-07-31 11:00:00,46.42136,-47.90164,11.25535,JJA,SAt,58259.75181014118,16.183264391705883,decay
6852,19950669,1995-07-31 12:00:00,47.2372,-47.93276,11.25394,JJA,SAt,60897.257524206216,16.91590486783506,decay
6853,19950669,1995-07-31 13:00:00,47.98069,-47.96602,11.12703,JJA,SAt,55496.05329489551,15.415570359693197,decay
6854,19950669,1995-07-31 14:00:00,48.65621,-47.97592,10.94862,JJA,SAt,50301.57528780806,13.972659802168906,decay
6855,19950669,1995-07-31 15:00:00,49.51647,-47.98266,10.83744,JJA,SAt,64036.55845899705,17.78793290527696,decay
6856,19950669,1995-07-31 16:00:00,50.21528,-48.00823,10.65116,JJA,SAt,52076.36928756867,14.465658135435742,decay
6857,19950669,1995-07-31 17:00:00,50.97844,-48.0133,10.63473,JJA,SAt,56772.90008109248,15.770250022525689,decay
6858,19950669,1995-07-31 18:00:00,51.81158,-48.06806,10.53163,JJA,SAt,62238.342468403185,17.288428463445328,decay
6859,19950669,1995-07-31 19:00:00,52.56879,-48.10096,10.40468,JJA,SAt,56365.739162983875,15.65714976749552,decay
6860,19950669,1995-07-31 20:00:00,53.30462,-48.11977,10.21624,JJA,SAt,54671.309434864794,15.186474843017999,decay
6861,19950669,1995-07-31 21:00:00,54.07931,-48.14967,10.03509,JJA,SAt,57585.193360363766,15.99588704454549,decay
6862,19950669,1995-07-31 22:00:00,53.46004,-48.26082,9.85096,JJA,SAt,47527.5440984384,13.202095582899554,decay
6863,19950669,1995-07-31 23:00:00,54.24124,-48.27115,9.72765,JJA,SAt,57835.28505009821,16.065356958360614,decay
6864,19950670,1995-07-28 09:00:00,-65.07706,-66.24152,1.39165,JJA,SAt,,,intensification
6865,19950670,1995-07-28 10:00:00,-62.66345,-66.06937,1.28579,JJA,SAt,110163.50440363448,30.60097344545402,incipient
6866,19950670,1995-07-28 11:00:00,-62.32285,-65.85318,1.40722,JJA,SAt,28563.896710699417,7.93441575297206,incipient
6867,19950670,1995-07-28 12:00:00,-61.9928,-65.62405,1.45514,JJA,SAt,29606.356250431963,8.223987847342212,incipient
6868,19950670,1995-07-28 13:00:00,-61.70282,-65.35332,1.4355,JJA,SAt,32942.19801376895,9.150610559380265,incipient
6869,19950670,1995-07-28 14:00:00,-61.43369,-65.06541,1.37281,JJA,SAt,34385.4030137372,9.551500837149224,incipient
6870,19950670,1995-07-28 15:00:00,-61.14673,-64.78387,1.34604,JJA,SAt,34101.71794297696,9.472699428604711,incipient
6871,19950670,1995-07-28 16:00:00,-60.91513,-64.55783,1.35466,JJA,SAt,27443.173800274522,7.62310383340959,decay
6872,19950670,1995-07-28 17:00:00,-60.79871,-64.38206,1.39529,JJA,SAt,20325.48086153597,5.645966905982213,decay
6873,19950670,1995-07-28 18:00:00,-60.79828,-64.22217,1.46833,JJA,SAt,17778.99402585504,4.938609451626401,decay
6874,19950670,1995-07-28 19:00:00,-60.8706,-64.06705,1.53127,JJA,SAt,17601.484430209777,4.889301230613827,decay
6875,19950670,1995-07-28 20:00:00,-61.04797,-63.9302,1.59542,JJA,SAt,17501.887844301276,4.86163551230591,decay
6876,19950670,1995-07-28 21:00:00,-61.38196,-63.85094,1.66644,JJA,SAt,18568.759258512957,5.157988682920266,decay
6877,19950670,1995-07-28 22:00:00,-61.92581,-63.19052,1.40653,JJA,SAt,78228.44078193759,21.73012243942711,decay
6878,19950670,1995-07-28 23:00:00,-62.63879,-63.09561,1.46846,JJA,SAt,37338.08420232878,10.371690056202437,decay
6879,19950670,1995-07-29 00:00:00,-63.18127,-62.97793,1.53843,JJA,SAt,30319.67018980214,8.422130608278371,decay
6880,19950670,1995-07-29 01:00:00,-63.52957,-62.74958,1.59737,JJA,SAt,30931.528186632855,8.59209116295357,decay
6881,19950670,1995-07-29 02:00:00,-63.64822,-62.45111,1.60525,JJA,SAt,33739.169191930014,9.371991442202782,decay
6882,19950670,1995-07-29 03:00:00,-63.7001,-62.0966,1.58582,JJA,SAt,39511.027665918606,10.975285462755169,decay
6883,19950670,1995-07-29 04:00:00,-63.91934,-61.7825,1.52362,JJA,SAt,36760.78531146423,10.211329253184507,decay
6884,19950670,1995-07-29 05:00:00,-64.24707,-61.46016,1.48709,JJA,SAt,39808.19407863889,11.057831688510802,decay
6885,19950670,1995-07-29 06:00:00,-64.80231,-61.32598,1.42254,JJA,SAt,33112.72265837579,9.197978516215496,intensification
6886,19950670,1995-07-29 07:00:00,-65.31635,-61.10393,1.37531,JJA,SAt,36975.11928395166,10.27086646776435,intensification
6887,19950670,1995-07-29 08:00:00,-65.52353,-60.86679,1.31292,JJA,SAt,28638.570953383245,7.955158598162012,intensification
6888,19950670,1995-07-29 09:00:00,-65.55597,-60.57306,1.25948,JJA,SAt,32708.94223218665,9.085817286718514,intensification
6889,19950670,1995-07-29 10:00:00,-68.9855,-60.15927,1.94518,JJA,SAt,194066.80714504555,53.907446429179316,incipient
6890,19950670,1995-07-29 11:00:00,-68.72409,-59.75091,1.89392,JJA,SAt,47682.77395670699,13.245214987974164,incipient
6891,19950670,1995-07-29 12:00:00,-68.5448,-59.36382,1.78042,JJA,SAt,44211.84191416086,12.281067198378016,incipient
6892,19950670,1995-07-29 13:00:00,-68.19623,-58.92545,1.70522,JJA,SAt,52641.93605587362,14.62276001552045,incipient
6893,19950670,1995-07-29 14:00:00,-68.02631,-58.52017,1.64247,JJA,SAt,46120.38430075083,12.811217861319676,incipient
6894,19950670,1995-07-29 15:00:00,-67.87387,-58.12178,1.58817,JJA,SAt,45184.51998159505,12.551255550443068,incipient
6895,19950670,1995-07-29 16:00:00,-67.77548,-57.75626,1.51863,JJA,SAt,41056.81856305088,11.40467182306969,incipient
6896,19950670,1995-07-29 17:00:00,-67.66699,-57.40365,1.46437,JJA,SAt,39738.32266906959,11.038422963630442,incipient
6897,19950670,1995-07-29 18:00:00,-67.52634,-57.04105,1.37667,JJA,SAt,41198.74345412326,11.444095403923127,incipient
6898,19950670,1995-07-29 19:00:00,-67.53186,-56.61593,1.22384,JJA,SAt,47272.446906231795,13.131235251731054,incipient
6899,19950671,1995-07-28 10:00:00,-4.01279,-17.39057,1.6285,JJA,SAt,,,incipient
6900,19950671,1995-07-28 11:00:00,-4.16281,-17.43625,1.65667,JJA,SAt,16707.794947571187,4.6410541521031075,incipient
6901,19950671,1995-07-28 12:00:00,-4.32425,-17.41752,1.68229,JJA,SAt,17253.528031887126,4.792646675524201,incipient
6902,19950671,1995-07-28 13:00:00,-4.42789,-17.41372,1.70044,JJA,SAt,11004.08762420133,3.0566910067225916,incipient
6903,19950671,1995-07-28 14:00:00,-4.43491,-17.3359,1.70468,JJA,SAt,8685.210342078557,2.4125584283551547,incipient
6904,19950671,1995-07-28 15:00:00,-4.3764,-17.24312,1.69256,JJA,SAt,12042.568309552384,3.345157863764551,incipient
6905,19950671,1995-07-28 16:00:00,-4.47778,-17.17073,1.68242,JJA,SAt,13444.391231209265,3.7345531197803514,decay
6906,19950671,1995-07-28 17:00:00,-4.47641,-17.07703,1.65074,JJA,SAt,10419.996417813938,2.8944434493927607,decay
6907,19950671,1995-07-28 18:00:00,-4.87933,-16.90637,1.63939,JJA,SAt,46861.163818126784,13.016989949479662,decay
6908,19950671,1995-07-28 19:00:00,-5.04633,-16.7313,1.59218,JJA,SAt,26361.34386311946,7.322595517533183,decay
6909,19950671,1995-07-28 20:00:00,-5.4263,-16.58254,1.56205,JJA,SAt,43727.27292448382,12.146464701245506,decay
6910,19950671,1995-07-28 21:00:00,-5.74603,-16.49151,1.54135,JJA,SAt,35553.14618684855,9.875873940791264,decay
6911,19950671,1995-07-28 22:00:00,-6.16992,-16.20794,1.51588,JJA,SAt,55134.79816914488,15.315221713651356,decay
6912,19950671,1995-07-28 23:00:00,-6.32529,-16.13979,1.45924,JJA,SAt,18241.14650769204,5.066985141025566,decay
6913,19950671,1995-07-29 00:00:00,-6.44269,-16.08304,1.4181,JJA,SAt,14039.63579667017,3.8998988324083808,decay
6914,19950671,1995-07-29 01:00:00,-6.38422,-15.97921,1.34834,JJA,SAt,13127.93552109454,3.6466487558595944,decay
6915,19950671,1995-07-29 02:00:00,-6.46576,-15.99052,1.3387,JJA,SAt,8806.532102205689,2.446258917279358,decay
6916,19950671,1995-07-29 03:00:00,-6.3382,-15.98116,1.23606,JJA,SAt,13675.207946418279,3.7986688740050774,decay
6917,19950671,1995-07-29 04:00:00,-6.5484,-16.06436,1.31843,JJA,SAt,24295.56249867754,6.748767360743761,decay
6918,19950671,1995-07-29 05:00:00,-6.64352,-16.10967,1.28975,JJA,SAt,11343.039999849107,3.1508444444025296,decay
6919,19950671,1995-07-29 06:00:00,-6.74976,-16.08326,1.28905,JJA,SAt,11723.987058329763,3.2566630717582674,intensification
6920,19950671,1995-07-29 07:00:00,-6.879,-16.02675,1.30177,JJA,SAt,15172.65804969998,4.214627236027772,intensification
6921,19950671,1995-07-29 08:00:00,-7.16843,-16.04282,1.31113,JJA,SAt,30982.64903432956,8.606291398424878,intensification
6922,19950671,1995-07-29 09:00:00,-7.35956,-15.9783,1.32743,JJA,SAt,21651.507020317484,6.014307505643745,intensification
6923,19950671,1995-07-29 10:00:00,-7.81525,-15.76076,1.50864,JJA,SAt,54411.75087867787,15.114375244077186,incipient
6924,19950671,1995-07-29 11:00:00,-8.01294,-15.79683,1.50149,JJA,SAt,21530.70966526311,5.980752684795309,incipient
6925,19950671,1995-07-29 12:00:00,-8.4433,-15.91257,1.50661,JJA,SAt,47798.593348388065,13.277387041218907,incipient
6926,19950671,1995-07-29 13:00:00,-8.63998,-15.92128,1.53134,JJA,SAt,21053.654160537317,5.8482372668159215,incipient
6927,19950671,1995-07-29 14:00:00,-8.7984,-15.87919,1.55294,JJA,SAt,17576.138793194117,4.8822607758872545,incipient
6928,19950671,1995-07-29 15:00:00,-8.95657,-15.85788,1.54928,JJA,SAt,17082.628065612105,4.745174462670029,incipient
6929,19950671,1995-07-29 16:00:00,-9.2113,-15.89602,1.54888,JJA,SAt,27572.285681501144,7.658968244861429,incipient
6930,19950671,1995-07-29 17:00:00,-9.50098,-16.00628,1.5659,JJA,SAt,33309.21160388046,9.252558778855683,incipient
6931,19950671,1995-07-29 18:00:00,-9.81796,-16.05044,1.55005,JJA,SAt,34230.43490793433,9.50845414109287,incipient
6932,19950671,1995-07-29 19:00:00,-10.06903,-16.07023,1.50867,JJA,SAt,26918.2410063685,7.477289168435694,incipient
6933,19950671,1995-07-29 20:00:00,-10.27246,-16.03284,1.49391,JJA,SAt,22132.528181501646,6.147924494861568,incipient
6934,19950671,1995-07-29 21:00:00,-10.62408,-16.05348,1.43318,JJA,SAt,37645.699869791446,10.457138852719845,incipient
6935,19950672,1995-07-28 11:00:00,-51.1908,-52.61138,4.3777,JJA,SAt,,,incipient
6936,19950672,1995-07-28 12:00:00,-48.53964,-53.30428,4.32185,JJA,SAt,193563.94006553703,53.76776112931584,incipient
6937,19950672,1995-07-28 13:00:00,-47.44296,-53.57801,4.29339,JJA,SAt,78754.93772965108,21.876371591569743,incipient
6938,19950672,1995-07-28 14:00:00,-46.76682,-53.73241,4.41366,JJA,SAt,47749.937029976296,13.263871397215638,incipient
6939,19950672,1995-07-28 15:00:00,-46.33246,-53.80871,4.65727,JJA,SAt,29779.590412569738,8.272108447936038,incipient
6940,19950672,1995-07-28 16:00:00,-45.64123,-53.94235,4.83916,JJA,SAt,47687.1583993051,13.246432888695862,decay
6941,19950672,1995-07-28 17:00:00,-44.89575,-54.10673,4.91445,JJA,SAt,52012.13294619088,14.447814707275246,decay
6942,19950672,1995-07-28 18:00:00,-44.15277,-54.27781,4.90356,JJA,SAt,51944.1509976816,14.428930832689334,decay
6943,19950672,1995-07-28 19:00:00,-43.22888,-54.44308,4.90956,JJA,SAt,62617.18731781563,17.393663143837674,decay
6944,19950672,1995-07-28 20:00:00,-42.36026,-54.5802,5.00645,JJA,SAt,58107.55044584656,16.140986234957378,decay
6945,19950672,1995-07-28 21:00:00,-41.67606,-54.65208,5.15376,JJA,SAt,44773.0475331249,12.436957648090251,decay
6946,19950672,1995-07-28 22:00:00,-40.40497,-54.54054,5.94569,JJA,SAt,82815.21517059834,23.004226436277317,decay
6947,19950672,1995-07-28 23:00:00,-39.71185,-54.60034,6.03707,JJA,SAt,45170.4102166312,12.547336171286444,decay
6948,19950672,1995-07-29 00:00:00,-38.94165,-54.68068,6.11233,JJA,SAt,50360.09991254383,13.988916642373287,decay
6949,19950672,1995-07-29 01:00:00,-38.0881,-54.77544,6.14956,JJA,SAt,55810.16242459289,15.502822895720247,decay
6950,19950672,1995-07-29 02:00:00,-37.17578,-54.8752,6.14682,JJA,SAt,59482.85097115671,16.523014158654643,decay
6951,19950672,1995-07-29 03:00:00,-36.19226,-54.98782,6.16576,JJA,SAt,64069.99483917646,17.797220788660127,decay
6952,19950672,1995-07-29 04:00:00,-35.15436,-55.11241,6.14718,JJA,SAt,67548.6096177557,18.763502671598808,decay
6953,19950672,1995-07-29 05:00:00,-34.12198,-55.22689,6.12356,JJA,SAt,66788.96166889484,18.55248935247079,decay
6954,19950672,1995-07-29 06:00:00,-33.0398,-55.33185,6.12951,JJA,SAt,69524.62985311182,19.31239718141995,intensification
6955,19950672,1995-07-29 07:00:00,-31.96738,-55.4279,6.01983,JJA,SAt,68584.57502106995,19.051270839186095,intensification
6956,19950672,1995-07-29 08:00:00,-31.10135,-55.50474,5.89173,JJA,SAt,55254.8123820649,15.348558995018028,intensification
6957,19950672,1995-07-29 09:00:00,-30.22809,-55.57566,5.75873,JJA,SAt,55505.80654502064,15.418279595839067,intensification
6958,19950672,1995-07-29 10:00:00,-29.2182,-55.57253,5.57366,JJA,SAt,63485.13906046206,17.63476085012835,incipient
6959,19950672,1995-07-29 11:00:00,-28.38403,-55.52212,5.40434,JJA,SAt,52772.403706265606,14.659001029518224,incipient
6960,19950672,1995-07-29 12:00:00,-27.50034,-55.47453,5.32527,JJA,SAt,55909.17648365104,15.530326801014178,incipient
6961,19950672,1995-07-29 13:00:00,-26.59424,-55.4347,5.25547,JJA,SAt,57304.365322797225,15.917879256332562,incipient
6962,19950672,1995-07-29 14:00:00,-25.73981,-55.42403,5.29107,JJA,SAt,53922.56105538692,14.978489182051922,incipient
6963,19950672,1995-07-29 15:00:00,-24.91199,-55.46913,5.25689,JJA,SAt,52448.11091572163,14.568919698811563,incipient
6964,19950672,1995-07-29 16:00:00,-23.95914,-55.53593,5.23604,JJA,SAt,60465.622722028784,16.796006311674663,incipient
6965,19950672,1995-07-29 17:00:00,-23.16019,-55.6171,5.14685,JJA,SAt,51025.61694426527,14.17378248451813,incipient
6966,19950672,1995-07-29 18:00:00,-22.43424,-55.67748,5.03415,JJA,SAt,46042.24518096554,12.789512550268205,incipient
6967,19950672,1995-07-29 19:00:00,-21.4823,-55.73441,4.89699,JJA,SAt,59975.27923758518,16.659799788218105,incipient
6968,19950672,1995-07-29 20:00:00,-20.68243,-55.80647,4.74959,JJA,SAt,50667.83007207304,14.074397242242512,incipient
6969,19950672,1995-07-29 21:00:00,-20.10236,-55.84651,4.70763,JJA,SAt,36502.66126567784,10.139628129354955,incipient
6970,19950672,1995-07-29 22:00:00,-19.01065,-56.16651,5.20316,JJA,SAt,76631.15361954898,21.286431560985825,incipient
6971,19950672,1995-07-29 23:00:00,-18.41495,-56.26393,5.27264,JJA,SAt,38393.5295336382,10.6648693148995,intensification
6972,19950672,1995-07-30 00:00:00,-17.83237,-56.35595,5.22153,JJA,SAt,37361.78712719808,10.378274201999465,intensification
6973,19950672,1995-07-30 01:00:00,-16.99771,-56.4126,5.206,JJA,SAt,51765.894313517085,14.379415087088079,intensification
6974,19950672,1995-07-30 02:00:00,-16.24722,-56.49829,5.13271,JJA,SAt,47087.536607967246,13.079871279990902,intensification
6975,19950672,1995-07-30 03:00:00,-15.46808,-56.55555,5.02805,JJA,SAt,48206.01583248505,13.390559953468069,intensification
6976,19950672,1995-07-30 04:00:00,-14.59024,-56.57738,4.97747,JJA,SAt,53835.31691925567,14.95425469979324,intensification
6977,19950672,1995-07-30 05:00:00,-13.62265,-56.54945,4.8998,JJA,SAt,59365.050699030464,16.490291860841797,intensification
6978,19950672,1995-07-30 06:00:00,-12.58383,-56.44986,4.73883,JJA,SAt,64709.67042010365,17.974908450028792,intensification
6979,19950672,1995-07-30 07:00:00,-11.26892,-56.21004,4.56325,JJA,SAt,85333.10581693714,23.70364050470476,intensification
6980,19950672,1995-07-30 08:00:00,-9.66757,-55.84197,4.31385,JJA,SAt,107589.20380730528,29.88588994647369,intensification
6981,19950672,1995-07-30 09:00:00,-7.8779,-55.39449,4.09593,JJA,SAt,122895.75419459006,34.13770949849724,intensification
6982,19950672,1995-07-30 10:00:00,-6.76764,-55.19364,3.96096,JJA,SAt,73752.93074083593,20.48692520578776,intensification
6983,19950672,1995-07-30 11:00:00,-5.19113,-54.90736,3.79956,JJA,SAt,105343.35822144437,29.262043950401214,intensification
6984,19950672,1995-07-30 12:00:00,-3.73441,-54.67841,3.65874,JJA,SAt,96792.83278130836,26.886897994807878,intensification
6985,19950672,1995-07-30 13:00:00,-2.30328,-54.47455,3.46604,JJA,SAt,94979.70275027805,26.383250763966128,intensification
6986,19950672,1995-07-30 14:00:00,-0.71619,-54.20926,3.25333,JJA,SAt,107019.58598126394,29.727662772573318,intensification
6987,19950672,1995-07-30 15:00:00,1.04535,-53.83428,3.076,JJA,SAt,122389.17813675004,33.99699392687501,intensification
6988,19950672,1995-07-30 16:00:00,2.88268,-53.46531,2.9302,JJA,SAt,127850.75752357165,35.514099312103234,intensification
6989,19950672,1995-07-30 17:00:00,4.73014,-53.17479,2.92226,JJA,SAt,126888.37048098799,35.246769578052216,intensification
6990,19950672,1995-07-30 18:00:00,6.77857,-53.08239,3.01241,JJA,SAt,137050.933671899,38.06970379774972,intensification
6991,19950673,1995-07-28 18:00:00,-118.63072,-69.70037,3.2058,JJA,SAt,,,decay
6992,19950673,1995-07-28 19:00:00,-117.18419,-70.43166,3.38509,JJA,SAt,98073.65559163157,27.242682108786546,decay
6993,19950673,1995-07-28 20:00:00,-115.75038,-70.8956,3.55602,JJA,SAt,73807.88724085943,20.50219090023873,decay
6994,19950673,1995-07-28 21:00:00,-114.52637,-71.14794,3.69382,JJA,SAt,52405.12729579663,14.556979804387952,decay
6995,19950673,1995-07-28 22:00:00,-112.02168,-71.84926,4.15902,JJA,SAt,117848.93279579165,32.735814665497685,decay
6996,19950673,1995-07-28 23:00:00,-110.43633,-72.1537,4.18535,JJA,SAt,64129.51215669642,17.813753376860117,decay
6997,19950673,1995-07-29 00:00:00,-108.76712,-72.4798,4.18446,JJA,SAt,67029.80167507948,18.619389354188744,decay
6998,19950673,1995-07-29 01:00:00,-107.21675,-72.79082,4.1382,JJA,SAt,61991.36668713663,17.219824079760176,decay
6999,19950673,1995-07-29 02:00:00,-105.9555,-73.07234,4.08921,JJA,SAt,51712.6365300578,14.36462125834939,decay
7000,19950673,1995-07-29 03:00:00,-104.86587,-73.30692,4.09763,JJA,SAt,43682.129448966996,12.133924846935276,decay
7001,19950673,1995-07-29 04:00:00,-103.66324,-73.47428,4.15935,JJA,SAt,42513.453547081685,11.809292651967134,decay
7002,19950673,1995-07-29 05:00:00,-102.27771,-73.57861,4.26234,JJA,SAt,45201.26224789332,12.555906179970366,decay
7003,19950673,1995-07-29 06:00:00,-100.78107,-73.63875,4.41248,JJA,SAt,47435.2347834129,13.176454106503584,intensification
7004,19950673,1995-07-29 07:00:00,-98.90717,-73.65848,4.51693,JJA,SAt,58700.02392713446,16.305562201981793,intensification
7005,19950673,1995-07-29 08:00:00,-97.48526,-73.63067,4.59416,JJA,SAt,44629.01878568555,12.39694966269043,intensification
7006,19950673,1995-07-29 09:00:00,-96.81857,-73.59824,4.59414,JJA,SAt,21221.285801251433,5.894801611458732,intensification
7007,19950673,1995-07-29 10:00:00,-94.8544,-73.87805,4.66879,JJA,SAt,68614.54230850816,19.05959508569671,incipient
7008,19950673,1995-07-29 11:00:00,-92.91595,-73.79613,4.51631,JJA,SAt,60686.156639160254,16.85726573310007,incipient
7009,19950673,1995-07-29 12:00:00,-90.18118,-73.66315,4.38312,JJA,SAt,86463.4040728066,24.01761224244628,incipient
7010,19950673,1995-07-29 13:00:00,-87.84119,-73.54285,4.29729,JJA,SAt,74653.9222568043,20.737200626890086,incipient
7011,19950673,1995-07-29 14:00:00,-85.83017,-73.37905,4.25329,JJA,SAt,66207.20439715443,18.390890110320676,incipient
7012,19950673,1995-07-29 15:00:00,-83.66919,-73.27839,4.41794,JJA,SAt,69833.36473849509,19.39815687180419,incipient
7013,19950673,1995-07-29 16:00:00,-82.11212,-73.23171,4.64228,JJA,SAt,50151.14336097236,13.930873155825656,incipient
7014,19950673,1995-07-29 17:00:00,-81.51987,-73.04135,4.57524,JJA,SAt,28513.124709236756,7.920312419232432,incipient
7015,19950673,1995-07-29 18:00:00,-81.19363,-72.88242,4.53204,JJA,SAt,20622.45949420813,5.728460970613369,incipient
7016,19950673,1995-07-29 19:00:00,-80.80698,-72.72987,4.43803,JJA,SAt,21195.65008823982,5.887680580066617,incipient
7017,19950673,1995-07-29 20:00:00,-80.64929,-72.59028,4.32397,JJA,SAt,16377.846390433564,4.549401775120434,incipient
7018,19950673,1995-07-29 21:00:00,-81.05283,-72.46941,4.16625,JJA,SAt,19028.90811531022,5.285807809808395,incipient
7019,19950673,1995-07-29 22:00:00,-78.58221,-72.2293,3.51821,JJA,SAt,87465.59625545613,24.295998959848923,incipient
7020,19950674,1995-07-29 06:00:00,-20.71765,-83.32455,1.10414,JJA,SAt,,,intensification
7021,19950674,1995-07-29 07:00:00,-21.84933,-83.28552,1.15387,JJA,SAt,15298.732022722128,4.24964778408948,intensification
7022,19950674,1995-07-29 08:00:00,-22.8718,-83.25796,1.19948,JJA,SAt,13668.189396814383,3.796719276892884,intensification
7023,19950674,1995-07-29 09:00:00,-24.69608,-83.26754,1.24291,JJA,SAt,23820.580110398856,6.6168278084441265,intensification
7024,19950674,1995-07-29 10:00:00,-35.00885,-83.30276,1.1783,JJA,SAt,133963.2703622592,37.212019545072,incipient
7025,19950674,1995-07-29 11:00:00,-37.7066,-83.18113,1.24067,JJA,SAt,37798.18830756814,10.49949675210226,incipient
7026,19950674,1995-07-29 12:00:00,-38.44336,-83.03216,1.30162,JJA,SAt,19262.895917592978,5.350804421553605,incipient
7027,19950674,1995-07-29 13:00:00,-38.94363,-82.88528,1.33973,JJA,SAt,17698.57492819123,4.916270813386452,incipient
7028,19950674,1995-07-29 14:00:00,-39.18912,-82.74675,1.44224,JJA,SAt,15777.544421768062,4.382651228268906,incipient
7029,19950674,1995-07-29 15:00:00,-38.82623,-82.65089,1.51279,JJA,SAt,11828.51317935671,3.285698105376864,incipient
7030,19950674,1995-07-29 16:00:00,-39.84241,-82.57883,1.56525,JJA,SAt,16587.42219274343,4.607617275762064,incipient
7031,19950674,1995-07-29 17:00:00,-42.14075,-82.43232,1.61462,JJA,SAt,37097.84635713385,10.30495732142607,incipient
7032,19950674,1995-07-29 18:00:00,-44.80045,-82.26082,1.68087,JJA,SAt,43755.89683928721,12.154415788690892,incipient
7033,19950674,1995-07-29 19:00:00,-47.49414,-82.02816,1.7558,JJA,SAt,48420.222852737366,13.450061903538158,incipient
7034,19950674,1995-07-29 20:00:00,-49.92343,-81.70858,1.81989,JJA,SAt,52171.925264873804,14.492201462464946,incipient
7035,19950674,1995-07-29 21:00:00,-51.97192,-81.32284,1.88402,JJA,SAt,54483.582454569354,15.134328459602598,incipient
7036,19950674,1995-07-29 22:00:00,-52.08856,-81.34971,1.83273,JJA,SAt,3569.869828284951,0.9916305078569309,incipient
7037,19950674,1995-07-29 23:00:00,-53.40292,-80.99741,1.89483,JJA,SAt,45136.360278249784,12.537877855069384,intensification
7038,19950674,1995-07-30 00:00:00,-55.41525,-80.46816,1.90741,JJA,SAt,68997.20222492826,19.16588950692452,intensification
7039,19950674,1995-07-30 01:00:00,-57.07068,-80.04217,1.94207,JJA,SAt,56691.67745432743,15.747688181757619,intensification
7040,19950674,1995-07-30 02:00:00,-58.66867,-79.63731,1.98514,JJA,SAt,54851.60915575872,15.236558098821867,intensification
7041,19950674,1995-07-30 03:00:00,-59.27869,-79.4828,2.03754,JJA,SAt,21124.531935761963,5.867925537711656,intensification
7042,19950674,1995-07-30 04:00:00,-59.96887,-79.2668,2.09085,JJA,SAt,27876.217575550778,7.743393770986327,intensification
7043,19950674,1995-07-30 05:00:00,-60.77979,-78.96613,2.13812,JJA,SAt,37517.602183286275,10.421556162023965,intensification
7044,19950674,1995-07-30 06:00:00,-61.2833,-78.75183,2.17155,JJA,SAt,26169.61538384079,7.269337606622442,intensification
7045,19950674,1995-07-30 07:00:00,-61.48605,-78.63099,2.16565,JJA,SAt,14145.373550206445,3.929270430612901,intensification
7046,19950674,1995-07-30 08:00:00,-61.8031,-78.43745,2.17256,JJA,SAt,22632.904125703524,6.286917812695424,intensification
7047,19950675,1995-07-29 10:00:00,-31.147,-38.29345,4.21177,JJA,SAt,,,incipient
7048,19950675,1995-07-29 11:00:00,-30.31195,-38.35601,4.34071,JJA,SAt,73175.49368691928,20.326526024144243,incipient
7049,19950675,1995-07-29 12:00:00,-29.72138,-38.38446,4.41988,JJA,SAt,51582.151614513605,14.328375448476,incipient
7050,19950675,1995-07-29 13:00:00,-30.37778,-38.23974,4.42514,JJA,SAt,59487.798665460534,16.524388518183482,incipient
7051,19950675,1995-07-29 14:00:00,-29.71603,-38.27853,4.60281,JJA,SAt,57939.62892484897,16.094341368013602,incipient
7052,19950675,1995-07-29 15:00:00,-29.32596,-38.28486,4.6989,JJA,SAt,34054.621514986284,9.45961708749619,incipient
7053,19950675,1995-07-29 16:00:00,-28.19424,-38.40374,4.68703,JJA,SAt,99577.8875251683,27.66052431254675,incipient
7054,19950675,1995-07-29 17:00:00,-26.44464,-38.55129,4.64097,JJA,SAt,153180.2943366221,42.5500817601728,incipient
7055,19950675,1995-07-29 18:00:00,-25.44183,-38.59424,4.66909,JJA,SAt,87308.76444625593,24.252434568404425,incipient
7056,19950675,1995-07-29 19:00:00,-24.52435,-38.64885,4.72038,JJA,SAt,79936.8405441075,22.204677928918752,incipient
7057,19950675,1995-07-29 20:00:00,-23.69495,-38.69003,4.87898,JJA,SAt,72151.29600255599,20.042026667376664,incipient
7058,19950675,1995-07-29 21:00:00,-22.81906,-38.73541,4.98458,JJA,SAt,76163.28020745316,21.156466724292546,incipient
7059,19950675,1995-07-29 22:00:00,-21.32761,-38.71733,4.63689,JJA,SAt,129394.51808488742,35.94292169024651,incipient
7060,19950675,1995-07-29 23:00:00,-20.89999,-38.71007,4.86442,JJA,SAt,37110.51205774557,10.308475571595991,intensification
7061,19950675,1995-07-30 00:00:00,-20.30609,-38.73272,5.18377,JJA,SAt,51584.663344673136,14.329073151298093,intensification
7062,19950675,1995-07-30 01:00:00,-19.44669,-38.78313,5.40963,JJA,SAt,74728.55240832883,20.75793122453579,intensification
7063,19950675,1995-07-30 02:00:00,-18.23633,-38.85233,5.69997,JJA,SAt,105143.09571323528,29.206415475898687,intensification
7064,19950675,1995-07-30 03:00:00,-17.0506,-38.91492,5.8797,JJA,SAt,102867.92096692957,28.57442249081377,intensification
7065,19950675,1995-07-30 04:00:00,-16.01691,-38.95158,6.00965,JJA,SAt,89502.73034787142,24.861869541075393,intensification
7066,19950675,1995-07-30 05:00:00,-15.25095,-38.947,6.02242,JJA,SAt,66239.46380930669,18.399851058140747,intensification
7067,19950675,1995-07-30 06:00:00,-14.52838,-38.94558,6.04624,JJA,SAt,62488.15693542025,17.35782137095007,intensification
7068,19950675,1995-07-30 07:00:00,-13.7207,-38.95206,6.14321,JJA,SAt,69849.46038879201,19.40262788577556,intensification
7069,19950675,1995-07-30 08:00:00,-12.86545,-38.96524,6.23965,JJA,SAt,73963.68830373618,20.54546897326005,intensification
7070,19950675,1995-07-30 09:00:00,-11.95911,-39.0048,6.25687,JJA,SAt,78460.85832129535,21.794682867026488,intensification
7071,19950675,1995-07-30 10:00:00,-10.47519,-38.80201,6.73272,JJA,SAt,130370.82796446964,36.214118879019345,intensification
7072,19950675,1995-07-30 11:00:00,-9.61682,-38.86276,6.76542,JJA,SAt,74657.23381573113,20.73812050436976,intensification
7073,19950675,1995-07-30 12:00:00,-8.74503,-38.93674,6.84503,JJA,SAt,75889.05992924371,21.08029442478992,intensification
7074,19950675,1995-07-30 13:00:00,-7.92615,-39.0036,6.98171,JJA,SAt,71182.24014874613,19.772844485762814,intensification
7075,19950675,1995-07-30 14:00:00,-7.22693,-39.05315,7.10343,JJA,SAt,60649.355028539,16.847043063483056,intensification
7076,19950675,1995-07-30 15:00:00,-6.54575,-39.09611,7.32096,JJA,SAt,58995.47609612702,16.387632248924174,intensification
7077,19950675,1995-07-30 16:00:00,-6.10205,-39.16166,7.43307,JJA,SAt,38960.153167888966,10.822264768858046,intensification
7078,19950675,1995-07-30 17:00:00,-5.61023,-39.23014,7.57815,JJA,SAt,43061.15902831877,11.96143306342188,intensification
7079,19950675,1995-07-30 18:00:00,-5.1875,-39.3373,7.50776,JJA,SAt,38284.68253190336,10.634634036639822,intensification
7080,19950675,1995-07-30 19:00:00,-4.64639,-39.46514,7.51002,JJA,SAt,48618.08866831029,13.50502463008619,intensification
7081,19950675,1995-07-30 20:00:00,-4.12933,-39.6306,7.63579,JJA,SAt,47999.57692527797,13.333215812577214,intensification
7082,19950675,1995-07-30 21:00:00,-3.75784,-39.79943,7.77145,JJA,SAt,36906.58751944438,10.251829866512328,intensification
7083,19950675,1995-07-30 22:00:00,-4.0238,-39.80848,8.30231,JJA,SAt,22741.750407541836,6.317152890983843,intensification
7084,19950675,1995-07-30 23:00:00,-3.68365,-39.91755,8.51856,JJA,SAt,31463.524680651415,8.739867966847616,intensification
7085,19950675,1995-07-31 00:00:00,-3.30447,-40.04708,8.68501,JJA,SAt,35372.1974754896,9.825610409858223,intensification
7086,19950675,1995-07-31 01:00:00,-2.65195,-40.20687,8.9628,JJA,SAt,58254.015166327576,16.18167087953544,mature
7087,19950675,1995-07-31 02:00:00,-2.17499,-40.35558,9.16954,JJA,SAt,43708.38886087177,12.141219128019936,mature
7088,19950675,1995-07-31 03:00:00,-1.62653,-40.50325,9.21659,JJA,SAt,49241.232256772724,13.678120071325758,mature
7089,19950675,1995-07-31 04:00:00,-1.00006,-40.66008,9.22384,JJA,SAt,55705.45717022922,15.473738102841452,mature
7090,19950675,1995-07-31 05:00:00,-0.43747,-40.8383,9.4508,JJA,SAt,51368.13892002552,14.268927477784867,mature
7091,19950675,1995-07-31 06:00:00,0.14476,-41.02162,9.60081,JJA,SAt,52990.076866129566,14.719465796147102,mature
7092,19950675,1995-07-31 07:00:00,0.73674,-41.20914,9.55275,JJA,SAt,53796.98870198737,14.94360797277427,mature
7093,19950675,1995-07-31 08:00:00,1.22189,-41.40613,9.55721,JJA,SAt,46064.27042216694,12.795630672824151,decay
7094,19950675,1995-07-31 09:00:00,1.75169,-41.64177,9.60464,JJA,SAt,51301.33941564698,14.250372059901938,decay
7095,19950675,1995-07-31 10:00:00,2.35798,-41.89088,9.1044,JJA,SAt,57408.2908256639,15.946747451573305,decay
7096,19950675,1995-07-31 11:00:00,2.94467,-42.15821,8.97613,JJA,SAt,56852.00785457688,15.792224404049133,decay
7097,19950675,1995-07-31 12:00:00,3.57044,-42.41276,8.82045,JJA,SAt,58745.54927372691,16.318208131590808,decay
7098,19950675,1995-07-31 13:00:00,4.17666,-42.67566,8.62356,JJA,SAt,57628.47018292133,16.007908384144812,decay
7099,19950675,1995-07-31 14:00:00,4.75947,-42.96278,8.41228,JJA,SAt,57261.194793784285,15.905887442717857,decay
7100,19950675,1995-07-31 15:00:00,4.91481,-43.30856,8.13073,JJA,SAt,40462.41387644978,11.239559410124938,decay
7101,19950676,1995-07-29 12:00:00,-51.04529,-47.71215,5.55445,JJA,LA-PLATA,,,incipient
7102,19950676,1995-07-29 13:00:00,-49.2399,-48.19311,5.63878,JJA,LA-PLATA,144692.98765661352,40.19249657128153,incipient
7103,19950676,1995-07-29 14:00:00,-48.28146,-48.37416,5.66549,JJA,LA-PLATA,73720.36264594905,20.477878512763624,incipient
7104,19950676,1995-07-29 15:00:00,-47.83319,-48.39678,5.63103,JJA,LA-PLATA,33198.50284908813,9.221806346968926,incipient
7105,19950676,1995-07-29 16:00:00,-47.33145,-48.4092,5.52636,JJA,LA-PLATA,37064.61574932649,10.295726597035136,incipient
7106,19950676,1995-07-29 17:00:00,-46.84604,-48.38835,5.3965,JJA,LA-PLATA,35911.272100577844,9.975353361271623,incipient
7107,19950676,1995-07-29 18:00:00,-46.29977,-48.37229,5.21925,JJA,LA-PLATA,40383.58092157303,11.21766136710362,incipient
7108,19950676,1995-07-29 19:00:00,-45.64389,-48.37629,5.10732,JJA,LA-PLATA,48446.91924685664,13.457477568571289,incipient
7109,19950676,1995-07-29 20:00:00,-44.8458,-48.4224,5.04676,JJA,LA-PLATA,59142.40727117293,16.4284464642147,incipient
7110,19950676,1995-07-29 21:00:00,-43.776,-48.54219,5.00743,JJA,LA-PLATA,79966.93944881012,22.21303873578059,incipient
7111,19950676,1995-07-29 22:00:00,-43.37564,-48.57665,5.10872,JJA,LA-PLATA,29712.048479188863,8.253346799774684,incipient
7112,19950676,1995-07-29 23:00:00,-42.59006,-48.60897,4.86136,JJA,LA-PLATA,57886.9633836533,16.079712051014805,intensification
7113,19950676,1995-07-30 00:00:00,-41.51599,-48.78634,4.65649,JJA,LA-PLATA,81257.57971006086,22.57154991946135,intensification
7114,19950676,1995-07-30 01:00:00,-40.3251,-48.96109,4.6117,JJA,LA-PLATA,89236.36657870344,24.7878796051954,intensification
7115,19950676,1995-07-30 02:00:00,-39.16858,-49.12331,4.54896,JJA,LA-PLATA,86204.62270847282,23.945728530131337,intensification
7116,19950676,1995-07-30 03:00:00,-38.05548,-49.29285,4.60878,JJA,LA-PLATA,83029.1144892729,23.06364291368692,intensification
7117,19950676,1995-07-30 04:00:00,-37.03928,-49.47252,4.5968,JJA,LA-PLATA,76225.11384110116,21.173642733639213,intensification
7118,19950676,1995-07-30 05:00:00,-35.83347,-49.7041,4.62382,JJA,LA-PLATA,90653.78772350955,25.181607700974876,intensification
7119,19950676,1995-07-30 06:00:00,-34.65262,-49.96739,4.48403,JJA,LA-PLATA,89605.45907073631,24.890405297426753,intensification
7120,19950676,1995-07-30 07:00:00,-33.39774,-50.20749,4.42178,JJA,LA-PLATA,93423.70030053628,25.951027861260076,intensification
7121,19950676,1995-07-30 08:00:00,-31.93478,-50.62054,4.24784,JJA,LA-PLATA,113378.21312586922,31.49394809051923,intensification
7122,19950676,1995-07-30 09:00:00,-30.37216,-50.96414,4.19205,JJA,LA-PLATA,116289.26311708671,32.30257308807964,intensification
7123,19950676,1995-07-30 10:00:00,-28.34195,-51.52504,4.21236,JJA,LA-PLATA,154462.50316055247,42.90625087793124,intensification
7124,19950676,1995-07-30 11:00:00,-26.97217,-51.76658,4.18296,JJA,LA-PLATA,98253.64769250124,27.292679914583676,intensification
7125,19950676,1995-07-30 12:00:00,-25.72153,-52.07158,4.15339,JJA,LA-PLATA,92231.70545617644,25.61991818227123,intensification
7126,19950676,1995-07-30 13:00:00,-24.27582,-52.55401,4.08385,JJA,LA-PLATA,111962.44822931894,31.100680063699706,intensification
7127,19950676,1995-07-30 14:00:00,-22.85681,-53.14252,4.06628,JJA,LA-PLATA,115594.45760687304,32.10957155746473,intensification
7128,19950676,1995-07-30 15:00:00,-21.24722,-53.90924,4.10273,JJA,LA-PLATA,136333.86241683044,37.870517338008455,intensification
7129,19950676,1995-07-30 16:00:00,-19.64477,-54.7308,4.2728,JJA,LA-PLATA,138364.16431956386,38.43449008876774,intensification
7130,19950676,1995-07-30 17:00:00,-17.99634,-55.73956,4.43994,JJA,LA-PLATA,153308.01347400193,42.58555929833387,intensification
7131,19950676,1995-07-30 18:00:00,-16.60596,-56.69653,4.81712,JJA,LA-PLATA,136790.08357854967,37.99724543848602,intensification
7132,19950676,1995-07-30 19:00:00,-15.7468,-57.09967,5.06984,JJA,LA-PLATA,68785.85068525583,19.107180745904397,intensification
7133,19950676,1995-07-30 20:00:00,-14.89395,-57.38063,5.3761,JJA,LA-PLATA,60077.08545065707,16.688079291849185,intensification
7134,19950676,1995-07-30 21:00:00,-14.08887,-57.63458,5.6021,JJA,LA-PLATA,55766.741520124546,15.49076153336793,intensification
7135,19950676,1995-07-30 22:00:00,-13.45322,-57.78627,5.58501,JJA,LA-PLATA,41353.76044644698,11.487155679568605,intensification
7136,19950676,1995-07-30 23:00:00,-12.72543,-58.10041,5.79687,JJA,LA-PLATA,55362.60005660142,15.378500015722617,intensification
7137,19950676,1995-07-31 00:00:00,-12.03973,-58.5305,6.02664,JJA,LA-PLATA,62376.878992119426,17.326910831144286,intensification
7138,19950676,1995-07-31 01:00:00,-11.44977,-58.98178,6.27533,JJA,LA-PLATA,60627.88666723563,16.841079629787675,mature
7139,19950676,1995-07-31 02:00:00,-11.00769,-59.42706,6.55871,JJA,LA-PLATA,55541.80671227554,15.42827964229876,mature
7140,19950676,1995-07-31 03:00:00,-10.53354,-59.84935,6.80294,JJA,LA-PLATA,53991.42494224366,14.997618039512128,mature
7141,19950676,1995-07-31 04:00:00,-10.12176,-60.22582,7.03785,JJA,LA-PLATA,47700.28019665576,13.250077832404378,mature
7142,19950676,1995-07-31 05:00:00,-9.74887,-60.64033,7.269,JJA,LA-PLATA,50428.22451438744,14.0078401428854,mature
7143,19950676,1995-07-31 06:00:00,-9.34097,-61.06904,7.38732,JJA,LA-PLATA,52539.551977263,14.594319993684167,mature
7144,19950676,1995-07-31 07:00:00,-9.00928,-61.50714,7.55824,JJA,LA-PLATA,51836.62457273321,14.399062381314781,mature
7145,19950676,1995-07-31 08:00:00,-8.75879,-61.92179,7.72637,JJA,LA-PLATA,47958.90251647602,13.321917365687783,decay
7146,19950676,1995-07-31 09:00:00,-8.66519,-62.30135,7.84749,JJA,LA-PLATA,42485.04023678394,11.801400065773317,decay
7147,19950676,1995-07-31 10:00:00,-8.8627,-62.64298,7.86584,JJA,LA-PLATA,39320.27290453279,10.922298029036885,decay
7148,19950676,1995-07-31 11:00:00,-8.89154,-62.98084,7.83893,JJA,LA-PLATA,37596.933458673404,10.443592627409279,decay
7149,19950676,1995-07-31 12:00:00,-8.94086,-63.31755,7.91564,JJA,LA-PLATA,37522.34229526328,10.422872859795357,decay
7150,19950676,1995-07-31 13:00:00,-8.96292,-63.64747,7.89505,JJA,LA-PLATA,36701.82503206051,10.194951397794586,decay
7151,19950676,1995-07-31 14:00:00,-8.93283,-63.9462,8.03633,JJA,LA-PLATA,33250.144383632934,9.236151217675815,decay
7152,19950676,1995-07-31 15:00:00,-8.79739,-64.23241,7.91419,JJA,LA-PLATA,32498.408497125376,9.027335693645938,decay
7153,19950676,1995-07-31 16:00:00,-8.61826,-64.50031,7.82099,JJA,LA-PLATA,31010.39856841519,8.613999602337552,decay
7154,19950676,1995-07-31 17:00:00,-8.67294,-64.71827,7.83286,JJA,LA-PLATA,24375.898723052713,6.771082978625754,decay
7155,19950676,1995-07-31 18:00:00,-8.79416,-64.90469,7.84295,JJA,LA-PLATA,21508.133507220173,5.9744815297833815,decay
7156,19950676,1995-07-31 19:00:00,-8.9548,-65.07964,7.79927,JJA,LA-PLATA,20867.71234805605,5.796586763348903,decay
7157,19950676,1995-07-31 20:00:00,-9.1691,-65.22353,7.78678,JJA,LA-PLATA,18874.949058819337,5.2430414052275935,decay
7158,19950676,1995-07-31 21:00:00,-9.3602,-65.34957,7.78306,JJA,LA-PLATA,16593.5231230643,4.6093119786289725,decay
7159,19950676,1995-07-31 22:00:00,-9.08948,-65.62447,7.63428,JJA,LA-PLATA,33020.58723700687,9.17238534361302,decay
7160,19950676,1995-07-31 23:00:00,-9.21396,-65.75294,7.6682,JJA,LA-PLATA,15379.870582056818,4.272186272793561,decay
7161,19950676,1995-08-01 00:00:00,-9.39444,-65.86423,7.70508,JJA,LA-PLATA,14858.282472468269,4.127300686796741,intensification
7162,19950676,1995-08-01 01:00:00,-9.61642,-65.95434,7.70229,JJA,LA-PLATA,14209.344246060951,3.9470400683502644,intensification
7163,19950676,1995-08-01 02:00:00,-9.8284,-66.03689,7.67417,JJA,LA-PLATA,13274.161878181529,3.6872671883837578,intensification
7164,19950676,1995-08-01 03:00:00,-9.97736,-66.11847,7.63293,JJA,LA-PLATA,11287.149830532402,3.135319397370112,intensification
7165,19950676,1995-08-01 04:00:00,-10.07278,-66.1838,7.57707,JJA,LA-PLATA,8436.533937270138,2.343481649241705,intensification
7166,19950676,1995-08-01 05:00:00,-10.09497,-66.25642,7.53235,JJA,LA-PLATA,8136.048427728461,2.260013452146795,intensification
7167,19950676,1995-08-01 06:00:00,-10.02652,-66.37489,7.5077,JJA,LA-PLATA,13523.433127654851,3.7565092021263475,intensification
7168,19950676,1995-08-01 07:00:00,-9.9017,-66.53554,7.50354,JJA,LA-PLATA,18704.105564693993,5.1955848790816646,intensification
7169,19950676,1995-08-01 08:00:00,-9.79648,-66.69398,7.49774,JJA,LA-PLATA,18219.49832836735,5.06097175787982,intensification
7170,19950676,1995-08-01 09:00:00,-9.73694,-66.81256,7.42388,JJA,LA-PLATA,13441.944772561606,3.7338735479337797,intensification
7171,19950676,1995-08-01 10:00:00,-9.62552,-66.72817,7.38805,JJA,LA-PLATA,10579.85661123556,2.9388490586765443,intensification
7172,19950676,1995-08-01 11:00:00,-9.56842,-66.84909,7.3225,JJA,LA-PLATA,13676.58645373637,3.7990517927045473,intensification
7173,19950676,1995-08-01 12:00:00,-9.50577,-66.98332,7.26576,JJA,LA-PLATA,15173.570255263961,4.214880626462212,intensification
7174,19950676,1995-08-01 13:00:00,-9.41242,-67.12954,7.17475,JJA,LA-PLATA,16754.89460888678,4.654137391357439,intensification
7175,19950676,1995-08-01 14:00:00,-9.28149,-67.27231,7.07384,JJA,LA-PLATA,16847.921406079076,4.679978168355299,intensification
7176,19950676,1995-08-01 15:00:00,-9.09604,-67.40871,6.94611,JJA,LA-PLATA,17121.639214509913,4.75601089291942,intensification
7177,19950676,1995-08-01 16:00:00,-8.90698,-67.54527,6.7731,JJA,LA-PLATA,17187.925665118808,4.774423795866335,intensification
7178,19950676,1995-08-01 17:00:00,-8.69443,-67.68842,6.59349,JJA,LA-PLATA,18285.73669009619,5.079371302804497,intensification
7179,19950676,1995-08-01 18:00:00,-8.4895,-67.85303,6.40066,JJA,LA-PLATA,20232.2916832927,5.620081023136861,intensification
7180,19950676,1995-08-01 19:00:00,-8.30798,-68.01814,6.17963,JJA,LA-PLATA,19863.44403306915,5.517623342519208,intensification
7181,19950676,1995-08-01 20:00:00,-8.14737,-68.17494,5.94887,JJA,LA-PLATA,18664.86555550333,5.184684876528703,intensification
7182,19950676,1995-08-01 21:00:00,-8.02035,-68.33087,5.69563,JJA,LA-PLATA,18111.146493058037,5.030874025849455,intensification
7183,19950676,1995-08-01 22:00:00,-7.91324,-68.43757,5.5154,JJA,LA-PLATA,12649.756679716353,3.5138212999212093,intensification
7184,19950676,1995-08-01 23:00:00,-7.99658,-68.57116,5.27147,JJA,LA-PLATA,15237.730356061416,4.232702876683727,intensification
7185,19950676,1995-08-02 00:00:00,-8.18332,-68.7011,5.09048,JJA,LA-PLATA,16308.984009288657,4.530273335913516,intensification
7186,19950676,1995-08-02 01:00:00,-8.44177,-68.79611,4.89787,JJA,LA-PLATA,14836.278127090016,4.1211883686361155,intensification
7187,19950676,1995-08-02 02:00:00,-8.6709,-68.87728,4.73094,JJA,LA-PLATA,12886.881911857432,3.5796894199603977,intensification
7188,19950676,1995-08-02 03:00:00,-8.91931,-68.96742,4.54357,JJA,LA-PLATA,14111.77577062028,3.919937714061189,intensification
7189,19950676,1995-08-02 04:00:00,-9.12439,-69.08408,4.35477,JJA,LA-PLATA,15326.479450410678,4.2573554028918545,intensification
7190,19950676,1995-08-02 05:00:00,-9.20334,-69.17041,4.14721,JJA,LA-PLATA,10096.200179500884,2.8045000498613564,intensification
7191,19950676,1995-08-02 06:00:00,-9.18582,-69.2068,3.94927,JJA,LA-PLATA,4105.1612810456745,1.1403225780682429,intensification
7192,19950676,1995-08-02 07:00:00,-9.06064,-69.19098,3.77885,JJA,LA-PLATA,5246.804617571209,1.4574457271031136,mature
7193,19950676,1995-08-02 08:00:00,-8.94644,-69.14144,3.64291,JJA,LA-PLATA,7123.32922589229,1.9787025627478585,mature
7194,19950676,1995-08-02 09:00:00,-8.88294,-69.09727,3.50045,JJA,LA-PLATA,5518.719599269415,1.5329776664637265,mature
7195,19950676,1995-08-02 10:00:00,-8.15643,-68.70539,3.34052,JJA,LA-PLATA,52386.82435443292,14.551895654009146,mature
7196,19950676,1995-08-02 11:00:00,-7.24661,-68.28433,3.27089,JJA,LA-PLATA,59727.28539874471,16.59091261076242,mature
7197,19950677,1995-07-29 16:00:00,-59.22342,-26.46871,2.73432,JJA,LA-PLATA,,,incipient
7198,19950677,1995-07-29 17:00:00,-59.03946,-26.66948,2.73501,JJA,LA-PLATA,28863.565287559348,8.017657024322041,incipient
7199,19950677,1995-07-29 18:00:00,-58.7619,-26.93656,2.58037,JJA,LA-PLATA,40507.130832215924,11.251980786726646,incipient
7200,19950677,1995-07-29 19:00:00,-59.04681,-26.39583,2.61684,JJA,LA-PLATA,66458.2271379638,18.460618649434387,incipient
7201,19950677,1995-07-29 20:00:00,-58.98184,-26.31403,2.66843,JJA,LA-PLATA,11164.157811175843,3.1011549475488454,incipient
7202,19950677,1995-07-29 21:00:00,-59.24698,-25.98474,2.47883,JJA,LA-PLATA,45178.161506647695,12.549489307402137,incipient
7203,19950677,1995-07-29 22:00:00,-58.20697,-26.65692,2.87442,JJA,LA-PLATA,127791.0232751274,35.497506465313165,incipient
7204,19950677,1995-07-29 23:00:00,-58.50391,-26.35576,2.83664,JJA,LA-PLATA,44659.46003053517,12.405405564037547,intensification
7205,19950677,1995-07-30 00:00:00,-58.7027,-26.08758,2.85509,JJA,LA-PLATA,35811.54806500823,9.947652240280064,intensification
7206,19950677,1995-07-30 01:00:00,-58.82098,-26.02012,2.82875,JJA,LA-PLATA,13995.64048654358,3.887677912928772,intensification
7207,19950677,1995-07-30 02:00:00,-58.94992,-25.89427,2.88038,JJA,LA-PLATA,19026.581358368046,5.285161488435569,intensification
7208,19950677,1995-07-30 03:00:00,-59.0958,-25.84398,2.88863,JJA,LA-PLATA,15630.225213537273,4.341729225982576,intensification
7209,19950677,1995-07-30 04:00:00,-59.19742,-25.79063,2.88445,JJA,LA-PLATA,11775.274963431788,3.2709097120643857,intensification
7210,19950677,1995-07-30 05:00:00,-59.2088,-25.90691,2.84157,JJA,LA-PLATA,12979.817305470211,3.6055048070750586,intensification
7211,19950677,1995-07-30 06:00:00,-59.11908,-26.0483,2.7838,JJA,LA-PLATA,18100.01263023377,5.027781286176047,intensification
7212,19950677,1995-07-30 07:00:00,-59.0596,-26.06917,2.75639,JJA,LA-PLATA,6378.661230512447,1.771850341809013,intensification
7213,19950677,1995-07-30 08:00:00,-59.01547,-26.1409,2.72955,JJA,LA-PLATA,9112.293474541975,2.5311926318172153,intensification
7214,19950677,1995-07-30 09:00:00,-58.99371,-26.09334,2.73134,JJA,LA-PLATA,5717.30428063973,1.5881400779554804,intensification
7215,19950677,1995-07-30 10:00:00,-58.85248,-26.69937,2.6906,JJA,LA-PLATA,68840.0588979247,19.12223858275686,intensification
7216,19950677,1995-07-30 11:00:00,-58.7634,-26.7642,2.81932,JJA,LA-PLATA,11411.785596942478,3.1699404435951326,intensification
7217,19950677,1995-07-30 12:00:00,-58.65271,-26.89987,2.88153,JJA,LA-PLATA,18660.353358285407,5.183431488412613,intensification
7218,19950677,1995-07-30 13:00:00,-58.53513,-27.02679,2.98934,JJA,LA-PLATA,18302.130807600377,5.083925224333438,intensification
7219,19950677,1995-07-30 14:00:00,-58.33752,-27.21177,3.09066,JJA,LA-PLATA,28382.63090283704,7.884064139676956,intensification
7220,19950677,1995-07-30 15:00:00,-58.08096,-27.38959,3.14754,JJA,LA-PLATA,32149.758450843336,8.930488458567593,intensification
7221,19950677,1995-07-30 16:00:00,-57.93927,-27.49056,3.18736,JJA,LA-PLATA,17932.331409368737,4.981203169269094,intensification
7222,19950677,1995-07-30 17:00:00,-57.77634,-27.64363,3.12414,JJA,LA-PLATA,23401.51710343262,6.5004214176201724,intensification
7223,19950677,1995-07-30 18:00:00,-57.37726,-27.87363,3.04396,JJA,LA-PLATA,46862.6976083818,13.017416002328279,intensification
7224,19950677,1995-07-30 19:00:00,-57.11868,-27.92176,2.95275,JJA,LA-PLATA,25968.746685121278,7.2135407458670215,intensification
7225,19950677,1995-07-30 20:00:00,-56.80963,-27.98092,2.87098,JJA,LA-PLATA,31060.631236956342,8.62795312137676,intensification
7226,19950677,1995-07-30 21:00:00,-56.55801,-28.03153,2.7735,JJA,LA-PLATA,25335.38998107834,7.037608328077317,intensification
7227,19950677,1995-07-30 22:00:00,-56.34711,-27.83885,2.55029,JJA,LA-PLATA,29804.164616571838,8.2789346157144,intensification
7228,19950677,1995-07-30 23:00:00,-56.34714,-27.80389,2.41562,JJA,LA-PLATA,3887.3812465154383,1.0798281240320662,intensification
7229,19950677,1995-07-31 00:00:00,-56.54437,-27.75568,2.27608,JJA,LA-PLATA,20130.26244100397,5.591739566945548,intensification
7230,19950677,1995-07-31 01:00:00,-56.7619,-27.69765,2.18131,JJA,LA-PLATA,22362.093677620738,6.211692688227983,mature
7231,19950677,1995-07-31 02:00:00,-57.06497,-27.60793,2.09891,JJA,LA-PLATA,31473.55546389687,8.74265429552691,mature
7232,19950677,1995-07-31 03:00:00,-57.26984,-27.60937,2.01172,JJA,LA-PLATA,20187.232375813583,5.607564548837106,mature
7233,19950677,1995-07-31 04:00:00,-57.44781,-27.5822,1.95376,JJA,LA-PLATA,17796.416019839195,4.9434488943997765,mature
7234,19950677,1995-07-31 05:00:00,-57.27548,-27.71845,1.9286,JJA,LA-PLATA,22751.786007254097,6.3199405575705825,mature
7235,19950677,1995-07-31 06:00:00,-56.92093,-27.92275,1.92346,JJA,LA-PLATA,41614.83514349723,11.55967642874923,mature
7236,19950677,1995-07-31 07:00:00,-56.64621,-28.04031,1.94666,JJA,LA-PLATA,29976.808904581063,8.326891362383629,mature
7237,19950677,1995-07-31 08:00:00,-56.54748,-28.08028,1.9247,JJA,LA-PLATA,10658.670369835232,2.9607417693986755,decay
7238,19950677,1995-07-31 09:00:00,-56.42392,-28.09875,1.92013,JJA,LA-PLATA,12293.722067249686,3.4149227964582463,decay
7239,19950677,1995-07-31 10:00:00,-57.78912,-27.95302,2.07172,JJA,LA-PLATA,134977.80781132926,37.49383550314702,decay
7240,19950677,1995-07-31 11:00:00,-57.71887,-27.98655,1.98329,JJA,LA-PLATA,7842.032485003728,2.17834235694548,decay
7241,19950677,1995-07-31 12:00:00,-57.61758,-28.08404,1.90925,JJA,LA-PLATA,14708.656031379855,4.085737786494404,decay
7242,19950677,1995-07-31 13:00:00,-57.57105,-28.18506,1.85754,JJA,LA-PLATA,12124.178822938049,3.3678274508161246,decay
7243,19950677,1995-07-31 14:00:00,-57.61447,-28.33988,1.8002,JJA,LA-PLATA,17732.676825023314,4.925743562506476,decay
7244,19950677,1995-07-31 15:00:00,-57.40347,-28.51815,1.79698,JJA,LA-PLATA,28612.115878733144,7.947809966314762,decay
7245,19950677,1995-07-31 16:00:00,-56.69656,-28.72728,1.89003,JJA,LA-PLATA,72811.9312375919,20.225536454886637,decay
7246,19950677,1995-07-31 17:00:00,-56.91434,-28.87657,1.83749,JJA,LA-PLATA,26941.99844277106,7.483888456325294,decay
7247,19950677,1995-07-31 18:00:00,-56.92932,-29.04082,1.75992,JJA,LA-PLATA,18321.851406693382,5.08940316852594,decay
7248,19950677,1995-07-31 19:00:00,-56.84253,-29.19985,1.66858,JJA,LA-PLATA,19590.276928341973,5.441743591206103,decay
7249,19950677,1995-07-31 20:00:00,-56.80008,-29.35,1.60974,JJA,LA-PLATA,17196.141021489722,4.776705839302701,decay
7250,19950677,1995-07-31 21:00:00,-56.56525,-29.54446,1.61232,JJA,LA-PLATA,31378.219197693325,8.716171999359258,decay
7251,19950677,1995-07-31 22:00:00,-56.89737,-29.59443,1.81177,JJA,LA-PLATA,32597.308941177365,9.054808039215935,decay
7252,19950677,1995-07-31 23:00:00,-56.97937,-29.75486,1.79093,JJA,LA-PLATA,19519.008993085758,5.421946942523822,decay
7253,19950677,1995-08-01 00:00:00,-57.83325,-29.97366,1.80405,JJA,LA-PLATA,85857.92580650651,23.849423835140698,intensification
7254,19950677,1995-08-01 01:00:00,-58.56763,-30.19008,1.86419,JJA,LA-PLATA,74646.0159086757,20.735004419076585,intensification
7255,19950677,1995-08-01 02:00:00,-58.8645,-30.37481,1.97375,JJA,LA-PLATA,35135.98465021793,9.759995736171646,intensification
7256,19950677,1995-08-01 03:00:00,-58.72833,-30.55645,2.10354,JJA,LA-PLATA,24047.1186180912,6.679755171692,intensification
7257,19950677,1995-08-01 04:00:00,-58.58496,-30.72191,2.23357,JJA,LA-PLATA,22948.617289696158,6.374615913804488,intensification
7258,19950677,1995-08-01 05:00:00,-58.35007,-30.9075,2.38978,JJA,LA-PLATA,30480.160479453854,8.466711244292737,intensification
7259,19950677,1995-08-01 06:00:00,-58.16611,-31.07789,2.53953,JJA,LA-PLATA,25815.68584625122,7.171023846180895,intensification
7260,19950677,1995-08-01 07:00:00,-57.83899,-31.27055,2.70891,JJA,LA-PLATA,37782.14289354007,10.49503969265002,intensification
7261,19950677,1995-08-01 08:00:00,-57.56033,-31.44677,2.86579,JJA,LA-PLATA,32925.0164552724,9.145837904242335,intensification
7262,19950677,1995-08-01 09:00:00,-57.18796,-31.6272,2.9605,JJA,LA-PLATA,40594.532360623816,11.276258989062171,intensification
7263,19950677,1995-08-01 10:00:00,-57.07941,-31.98939,3.24032,JJA,LA-PLATA,41559.472837528345,11.54429801042454,intensification
7264,19950677,1995-08-01 11:00:00,-56.79202,-32.13819,3.23108,JJA,LA-PLATA,31736.086382955953,8.815579550821099,intensification
7265,19950677,1995-08-01 12:00:00,-56.58798,-32.28771,3.18509,JJA,LA-PLATA,25394.92804560565,7.054146679334903,intensification
7266,19950677,1995-08-01 13:00:00,-56.18976,-32.41278,3.17895,JJA,LA-PLATA,39909.00980383206,11.085836056620016,intensification
7267,19950677,1995-08-01 14:00:00,-55.63843,-32.60365,3.20967,JJA,LA-PLATA,55886.32670991002,15.523979641641672,intensification
7268,19950677,1995-08-01 15:00:00,-55.16296,-32.7406,3.18594,JJA,LA-PLATA,47037.671113861645,13.066019753850457,intensification
7269,19950677,1995-08-01 16:00:00,-54.29465,-32.93777,3.24336,JJA,LA-PLATA,84032.57559404902,23.34238210945806,intensification
7270,19950677,1995-08-01 17:00:00,-53.44131,-33.12001,3.35608,JJA,LA-PLATA,82093.10268032765,22.803639633424346,intensification
7271,19950677,1995-08-01 18:00:00,-52.94608,-33.33103,3.39357,JJA,LA-PLATA,51696.540464401915,14.360150129000532,intensification
7272,19950677,1995-08-01 19:00:00,-52.34042,-33.62423,3.52823,JJA,LA-PLATA,64949.05162340609,18.041403228723915,intensification
7273,19950677,1995-08-01 20:00:00,-51.82269,-33.81042,3.65913,JJA,LA-PLATA,52169.02921942528,14.491397005395912,intensification
7274,19950677,1995-08-01 21:00:00,-51.34372,-34.0348,3.77448,JJA,LA-PLATA,50750.363741409295,14.097323261502583,intensification
7275,19950677,1995-08-01 22:00:00,-51.04291,-34.03308,3.78193,JJA,LA-PLATA,27719.705704190947,7.699918251164152,intensification
7276,19950677,1995-08-01 23:00:00,-50.53415,-34.17925,3.84664,JJA,LA-PLATA,49580.96412832259,13.772490035645163,intensification
7277,19950677,1995-08-02 00:00:00,-49.95789,-34.28281,3.81348,JJA,LA-PLATA,54214.53713944396,15.059593649845544,intensification
7278,19950677,1995-08-02 01:00:00,-49.49658,-34.4192,3.75707,JJA,LA-PLATA,44982.91054974429,12.495252930484524,intensification
7279,19950677,1995-08-02 02:00:00,-48.87057,-34.5676,3.84878,JJA,LA-PLATA,59697.149162613714,16.582541434059365,intensification
7280,19950677,1995-08-02 03:00:00,-48.20236,-34.70565,3.83483,JJA,LA-PLATA,63031.05934402866,17.508627595563517,intensification
7281,19950677,1995-08-02 04:00:00,-47.81921,-34.87235,3.8961,JJA,LA-PLATA,39595.888092429646,10.99885780345268,intensification
7282,19950677,1995-08-02 05:00:00,-47.26184,-35.00306,3.92139,JJA,LA-PLATA,52844.98655304044,14.679162931400123,intensification
7283,19950677,1995-08-02 06:00:00,-46.42828,-35.12479,3.88548,JJA,LA-PLATA,77063.81148327631,21.406614300910086,intensification
7284,19950677,1995-08-02 07:00:00,-45.88718,-35.27168,3.97115,JJA,LA-PLATA,51808.714783402575,14.39130966205627,mature
7285,19950677,1995-08-02 08:00:00,-45.54831,-35.46301,3.98399,JJA,LA-PLATA,37373.377443654885,10.38149373434858,mature
7286,19950677,1995-08-02 09:00:00,-45.04681,-35.61636,4.01839,JJA,LA-PLATA,48474.240324164224,13.465066756712284,mature
7287,19950677,1995-08-02 10:00:00,-43.32541,-35.55526,3.62774,JJA,LA-PLATA,155810.39097464146,43.280664159622624,mature
7288,19950677,1995-08-02 11:00:00,-41.96774,-35.56139,3.55836,JJA,LA-PLATA,122815.56470938232,34.11543464149509,mature
7289,19950677,1995-08-02 12:00:00,-40.79153,-35.60788,3.57098,JJA,LA-PLATA,106489.76904874647,29.580491402429576,mature
7290,19950677,1995-08-02 13:00:00,-39.63205,-35.64718,3.63653,JJA,LA-PLATA,104886.23022132309,29.135063950367524,mature
7291,19950677,1995-08-02 14:00:00,-38.51453,-35.68057,3.69442,JJA,LA-PLATA,101025.11565845193,28.062532127347758,mature
7292,19950677,1995-08-02 15:00:00,-37.31522,-35.69415,3.67724,JJA,LA-PLATA,108324.34496390264,30.09009582330629,mature
7293,19950677,1995-08-02 16:00:00,-36.13141,-35.72789,3.77854,JJA,LA-PLATA,106948.08035712298,29.707800099200828,mature
7294,19950677,1995-08-02 17:00:00,-34.88843,-35.74379,3.78711,JJA,LA-PLATA,112203.42201912218,31.16761722753394,mature
7295,19950677,1995-08-02 18:00:00,-33.89716,-35.7955,3.87074,JJA,LA-PLATA,89617.38913946366,24.893719205406573,mature
7296,19950677,1995-08-02 19:00:00,-33.0657,-35.84685,3.86464,JJA,LA-PLATA,75183.21907541816,20.88422752094949,decay 2
7297,19950677,1995-08-02 20:00:00,-32.09842,-35.80154,3.90574,JJA,LA-PLATA,87353.8912568828,24.264969793578555,decay 2
7298,19950677,1995-08-02 21:00:00,-31.3259,-35.77218,3.87072,JJA,LA-PLATA,69758.50239245898,19.37736177568305,decay 2
7299,19950677,1995-08-02 22:00:00,-29.75351,-35.42958,3.46977,JJA,LA-PLATA,147176.40129680347,40.88233369355652,decay 2
7300,19950677,1995-08-02 23:00:00,-28.61493,-35.30218,3.53157,JJA,LA-PLATA,104209.25268849527,28.94701463569313,decay 2
7301,19950677,1995-08-03 00:00:00,-27.5661,-35.17225,3.55977,JJA,LA-PLATA,96344.55192686626,26.76237553524063,decay 2
7302,19950677,1995-08-03 01:00:00,-26.70096,-35.1126,3.54493,JJA,LA-PLATA,78943.34124314181,21.928705900872725,decay 2
7303,19950677,1995-08-03 02:00:00,-25.96133,-35.07424,3.60084,JJA,LA-PLATA,67427.59036383952,18.729886212177647,decay 2
7304,19950677,1995-08-03 03:00:00,-25.24957,-35.0365,3.61439,JJA,LA-PLATA,64922.87293804115,18.034131371678097,decay 2
7305,19950677,1995-08-03 04:00:00,-24.59946,-35.01388,3.5364,JJA,LA-PLATA,59250.78164985568,16.458550458293246,decay 2
7306,19950677,1995-08-03 05:00:00,-23.95807,-34.98665,3.38453,JJA,LA-PLATA,58499.564109686224,16.249878919357286,decay 2
7307,19950677,1995-08-03 06:00:00,-23.08798,-34.82982,3.4198,JJA,LA-PLATA,81235.06632115506,22.565296200320848,decay 2
7308,19950677,1995-08-03 07:00:00,-22.45914,-34.74403,3.27123,JJA,LA-PLATA,58213.89172857623,16.170525480160062,decay 2
7309,19950677,1995-08-03 08:00:00,-21.68137,-34.61964,3.17256,JJA,LA-PLATA,72450.41479512767,20.125115220868796,decay 2
7310,19950677,1995-08-03 09:00:00,-20.78812,-34.37456,3.13035,JJA,LA-PLATA,86275.79682240002,23.96549911733334,decay 2
7311,19950677,1995-08-03 10:00:00,-19.89575,-34.16573,2.9907,JJA,LA-PLATA,85224.59497616664,23.673498604490735,decay 2
7312,19950677,1995-08-03 11:00:00,-19.15671,-33.89446,2.9599,JJA,LA-PLATA,74484.89409156822,20.69024835876895,decay 2
7313,19950677,1995-08-03 12:00:00,-18.46399,-33.68002,2.89759,JJA,LA-PLATA,68314.15985964373,18.9761555165677,decay 2
7314,19950677,1995-08-03 13:00:00,-17.74176,-33.36975,2.93044,JJA,LA-PLATA,75315.22201814612,20.920895005040588,decay 2
7315,19950677,1995-08-03 14:00:00,-17.03445,-33.05091,2.89835,JJA,LA-PLATA,74746.04315965076,20.762789766569654,decay 2
7316,19950677,1995-08-03 15:00:00,-16.41791,-32.82155,2.80784,JJA,LA-PLATA,62936.43854254649,17.48234403959625,decay 2
7317,19950677,1995-08-03 16:00:00,-15.79956,-32.58044,2.73805,JJA,LA-PLATA,63769.05478535677,17.713626329265768,decay 2
7318,19950677,1995-08-03 17:00:00,-15.14435,-32.29752,2.68908,JJA,LA-PLATA,69068.2306019112,19.185619611642,decay 2
7319,19950677,1995-08-03 18:00:00,-14.62741,-32.09996,2.5201,JJA,LA-PLATA,53371.3736987369,14.825381582982471,decay 2
7320,19950677,1995-08-03 19:00:00,-14.07849,-31.80125,2.37068,JJA,LA-PLATA,61526.119123192766,17.090588645331323,decay 2
7321,19950677,1995-08-03 20:00:00,-13.56946,-31.54132,2.25816,JJA,LA-PLATA,56177.64520363152,15.6049014454532,decay 2
7322,19950677,1995-08-03 21:00:00,-13.07996,-31.25652,2.18785,JJA,LA-PLATA,56225.78137908373,15.618272605301037,decay 2
7323,19950677,1995-08-03 22:00:00,-11.86188,-30.46512,2.00593,JJA,LA-PLATA,145813.46108965762,40.50373919157156,decay 2
7324,19950677,1995-08-03 23:00:00,-11.50446,-30.23169,1.94173,JJA,LA-PLATA,43011.93747581843,11.947760409949563,decay 2
7325,19950677,1995-08-04 00:00:00,-11.20935,-30.01066,1.98482,JJA,LA-PLATA,37545.72297198842,10.429367492219006,decay 2
7326,19950677,1995-08-04 01:00:00,-10.99921,-29.86169,1.9122,JJA,LA-PLATA,26161.276025048133,7.267021118068926,decay 2
7327,19950677,1995-08-04 02:00:00,-10.77707,-29.69938,1.86194,JJA,LA-PLATA,28024.12574368571,7.78447937324603,decay 2
7328,19950677,1995-08-04 03:00:00,-10.60614,-29.54592,1.75202,JJA,LA-PLATA,23752.255190961292,6.597848664155914,decay 2
7329,19950677,1995-08-04 04:00:00,-10.40991,-29.34858,1.64382,JJA,LA-PLATA,29026.511769657885,8.06291993601608,decay 2
7330,19950677,1995-08-04 05:00:00,-10.23453,-29.11785,1.5333,JJA,LA-PLATA,30786.897515665645,8.55191597657379,decay 2
7331,19950677,1995-08-04 06:00:00,-10.07086,-28.85945,1.39374,JJA,LA-PLATA,32848.056849488814,9.124460235969115,decay 2
7332,19950677,1995-08-04 07:00:00,-9.92078,-28.58318,1.30902,JJA,LA-PLATA,34027.80816463787,9.45216893462163,decay 2
7333,19950677,1995-08-04 08:00:00,-9.80633,-28.36448,1.22429,JJA,LA-PLATA,26768.041058794228,7.435566960776175,decay 2
7334,19950677,1995-08-04 09:00:00,-9.71884,-28.17016,1.14657,JJA,LA-PLATA,23244.287036294103,6.456746398970584,decay 2
7335,19950677,1995-08-04 10:00:00,-9.06488,-27.79552,1.37096,JJA,LA-PLATA,76544.17836624358,21.262271768400993,decay 2
7336,19950677,1995-08-04 11:00:00,-8.8945,-27.54753,1.35816,JJA,LA-PLATA,32278.686195843136,8.966301721067538,decay 2
7337,19950677,1995-08-04 12:00:00,-8.77506,-27.37283,1.30311,JJA,LA-PLATA,22720.95262697686,6.311375729715794,decay 2
7338,19950677,1995-08-04 13:00:00,-8.65457,-27.13847,1.23807,JJA,LA-PLATA,28652.453227668717,7.959014785463532,decay 2
7339,19950677,1995-08-04 14:00:00,-8.58194,-26.87904,1.13496,JJA,LA-PLATA,29731.148496809823,8.25865236022495,decay 2
7340,19950678,1995-07-29 22:00:00,-34.48569,-64.01781,2.89722,JJA,SAt,,,incipient
7341,19950678,1995-07-29 23:00:00,-33.83377,-63.88382,2.75766,JJA,SAt,35147.43875313078,9.763177431425216,intensification
7342,19950678,1995-07-30 00:00:00,-33.14978,-63.76587,2.65037,JJA,SAt,36021.976202717065,10.00610450075474,intensification
7343,19950678,1995-07-30 01:00:00,-32.30746,-63.72532,2.5933,JJA,SAt,41676.35034580004,11.576763984944456,intensification
7344,19950678,1995-07-30 02:00:00,-31.30939,-63.64411,2.59552,JJA,SAt,50020.09875738319,13.894471877050886,intensification
7345,19950678,1995-07-30 03:00:00,-30.15445,-63.6124,2.65266,JJA,SAt,57153.0243618735,15.875840100520415,intensification
7346,19950678,1995-07-30 04:00:00,-28.8298,-63.54696,2.75649,JJA,SAt,65940.6348463952,18.316843012887556,intensification
7347,19950678,1995-07-30 05:00:00,-27.33441,-63.34409,2.87214,JJA,SAt,77680.56542942519,21.577934841506995,intensification
7348,19950678,1995-07-30 06:00:00,-25.78491,-63.02696,3.01036,JJA,SAt,85346.16750468922,23.70726875130256,intensification
7349,19950678,1995-07-30 07:00:00,-24.5249,-62.76118,3.13917,JJA,SAt,70345.30323010113,19.540362008361424,intensification
7350,19950678,1995-07-30 08:00:00,-23.55951,-62.59873,3.26076,JJA,SAt,52474.28807841185,14.576191132892182,intensification
7351,19950678,1995-07-30 09:00:00,-22.82831,-62.52182,3.43231,JJA,SAt,38430.36978197221,10.675102717214502,intensification
7352,19950678,1995-07-30 10:00:00,-22.79211,-62.91674,3.42758,JJA,SAt,43951.90128503478,12.208861468065216,intensification
7353,19950678,1995-07-30 11:00:00,-22.43066,-62.89917,3.57376,JJA,SAt,18407.99319743816,5.113331443732823,intensification
7354,19950678,1995-07-30 12:00:00,-22.12717,-62.89811,3.76905,JJA,SAt,15374.240579258423,4.27062238312734,intensification
7355,19950678,1995-07-30 13:00:00,-21.83801,-62.96204,3.99898,JJA,SAt,16267.57153955845,4.518769872099569,intensification
7356,19950678,1995-07-30 14:00:00,-21.64685,-63.06508,4.19211,JJA,SAt,14977.041137303415,4.160289204806504,intensification
7357,19950678,1995-07-30 15:00:00,-21.55051,-63.2345,4.39712,JJA,SAt,19450.079742315345,5.402799928420929,intensification
7358,19950678,1995-07-30 16:00:00,-21.40109,-63.33394,4.59401,JJA,SAt,13343.708487378874,3.706585690938576,intensification
7359,19950678,1995-07-30 17:00:00,-21.34418,-63.42728,4.73709,JJA,SAt,10759.27350191004,2.9886870838639,intensification
7360,19950678,1995-07-30 18:00:00,-21.29428,-63.46846,4.87857,JJA,SAt,5207.617224057286,1.4465603400159128,intensification
7361,19950678,1995-07-30 19:00:00,-21.25461,-63.5115,4.99135,JJA,SAt,5175.023070094947,1.4375064083597076,intensification
7362,19950678,1995-07-30 20:00:00,-21.21628,-63.5429,5.08022,JJA,SAt,3974.9832562807114,1.104162015633531,intensification
7363,19950678,1995-07-30 21:00:00,-21.20575,-63.58739,5.20733,JJA,SAt,4974.454764344224,1.3817929900956176,intensification
7364,19950678,1995-07-30 22:00:00,-22.44009,-64.17437,5.05477,JJA,SAt,88941.45977273522,24.705961047982008,intensification
7365,19950678,1995-07-30 23:00:00,-22.41501,-64.21285,5.06291,JJA,SAt,4447.6859720944985,1.235468325581805,intensification
7366,19950678,1995-07-31 00:00:00,-22.19708,-64.16349,5.08467,JJA,SAt,11893.500913955462,3.303750253876517,intensification
7367,19950678,1995-07-31 01:00:00,-21.77875,-64.03413,5.11838,JJA,SAt,24895.239447954737,6.915344291098538,mature
7368,19950679,1995-07-30 00:00:00,-49.04559,-45.12986,4.20891,JJA,LA-PLATA,,,intensification
7369,19950679,1995-07-30 01:00:00,-49.2493,-44.46625,4.16595,JJA,LA-PLATA,75520.41018440003,20.977891717888895,intensification
7370,19950679,1995-07-30 02:00:00,-48.86099,-44.14272,4.09104,JJA,LA-PLATA,47423.530281172105,13.17320285588114,intensification
7371,19950679,1995-07-30 03:00:00,-48.23343,-44.01375,4.06729,JJA,LA-PLATA,52141.191307399364,14.483664252055378,intensification
7372,19950679,1995-07-30 04:00:00,-47.45334,-43.97628,4.01556,JJA,LA-PLATA,62541.042501175776,17.37251180588216,intensification
7373,19950679,1995-07-30 05:00:00,-46.53488,-43.99376,3.98863,JJA,LA-PLATA,73508.77230077956,20.41910341688321,intensification
7374,19950679,1995-07-30 06:00:00,-45.3663,-44.07804,4.02956,JJA,LA-PLATA,93882.78703075711,26.078551952988086,intensification
7375,19950679,1995-07-30 07:00:00,-44.2995,-44.07473,4.10464,JJA,LA-PLATA,85220.45112259881,23.672347534055223,intensification
7376,19950679,1995-07-30 08:00:00,-43.17712,-44.09884,4.1236,JJA,LA-PLATA,89683.82792450287,24.91217442347302,intensification
7377,19950679,1995-07-30 09:00:00,-42.17352,-44.03801,4.13893,JJA,LA-PLATA,80466.65038268719,22.35184732852422,intensification
7378,19950679,1995-07-30 10:00:00,-41.28107,-43.55358,4.11008,JJA,LA-PLATA,89622.63789916995,24.895177194213876,intensification
7379,19950679,1995-07-30 11:00:00,-39.93405,-43.50629,4.15797,JJA,LA-PLATA,108720.18500293592,30.200051389704424,intensification
7380,19950679,1995-07-30 12:00:00,-38.35233,-43.64598,4.17915,JJA,LA-PLATA,128358.7349362588,35.65520414896078,intensification
7381,19950679,1995-07-30 13:00:00,-36.68945,-43.86861,4.30613,JJA,LA-PLATA,135824.21889149302,37.72894969208139,intensification
7382,19950679,1995-07-30 14:00:00,-35.2294,-44.06058,4.47811,JJA,LA-PLATA,118786.72852228672,32.99631347841298,intensification
7383,19950679,1995-07-30 15:00:00,-34.11313,-44.05756,4.64925,JJA,LA-PLATA,89198.15240125376,24.77726455590382,intensification
7384,19950679,1995-07-30 16:00:00,-32.91983,-44.09752,4.86791,JJA,LA-PLATA,95426.38090615682,26.507328029488004,intensification
7385,19950679,1995-07-30 17:00:00,-31.71384,-44.07061,5.08944,JJA,LA-PLATA,96372.4019154247,26.77011164317353,intensification
7386,19950679,1995-07-30 18:00:00,-30.46314,-44.06857,5.33933,JJA,LA-PLATA,99921.68975214193,27.756024931150534,intensification
7387,19950679,1995-07-30 19:00:00,-29.16461,-44.14074,5.58784,JJA,LA-PLATA,103991.20326358613,28.886445350996144,intensification
7388,19950679,1995-07-30 20:00:00,-27.91647,-44.2439,5.77383,JJA,LA-PLATA,100168.82095073962,27.82467248631656,intensification
7389,19950679,1995-07-30 21:00:00,-26.68716,-44.37583,6.05051,JJA,LA-PLATA,98906.89456048765,27.474137377913237,intensification
7390,19950679,1995-07-30 22:00:00,-25.4902,-44.33915,6.25484,JJA,LA-PLATA,95249.0819784909,26.45807832735858,intensification
7391,19950679,1995-07-30 23:00:00,-24.4386,-44.5774,6.49126,JJA,LA-PLATA,87564.88286446441,24.323578573462335,intensification
7392,19950679,1995-07-31 00:00:00,-23.4465,-44.77236,6.70903,JJA,LA-PLATA,81386.7167364699,22.607421315686082,intensification
7393,19950679,1995-07-31 01:00:00,-22.54111,-45.00592,6.98969,JJA,LA-PLATA,75906.0466655989,21.08501296266636,mature
7394,19950679,1995-07-31 02:00:00,-21.6012,-45.27771,7.33304,JJA,LA-PLATA,79672.6803454867,22.13130009596853,mature
7395,19950679,1995-07-31 03:00:00,-20.76346,-45.52299,7.54848,JJA,LA-PLATA,70865.16640496855,19.6847684458246,mature
7396,19950679,1995-07-31 04:00:00,-20.05328,-45.78469,7.68294,JJA,LA-PLATA,62398.80165085293,17.333000458570258,mature
7397,19950679,1995-07-31 05:00:00,-19.43115,-45.93868,7.71968,JJA,LA-PLATA,51127.29751000045,14.202027086111235,mature
7398,19950679,1995-07-31 06:00:00,-18.77801,-46.22685,7.91495,JJA,LA-PLATA,59702.04341639993,16.583900948999982,mature
7399,19950679,1995-07-31 07:00:00,-18.24832,-46.52224,7.73356,JJA,LA-PLATA,52251.1373955062,14.514204832085056,mature
7400,19950679,1995-07-31 08:00:00,-17.76144,-46.85804,7.87268,JJA,LA-PLATA,52662.034651481496,14.62834295874486,decay
7401,19950679,1995-07-31 09:00:00,-17.4465,-47.26048,7.73793,JJA,LA-PLATA,50711.400678817,14.086500188560278,decay
7402,19950679,1995-07-31 10:00:00,-16.84796,-47.84274,7.70226,JJA,LA-PLATA,78800.47344965066,21.88902040268074,decay
7403,19950679,1995-07-31 11:00:00,-16.70938,-48.16802,7.73378,JJA,LA-PLATA,37610.19457090583,10.447276269696063,decay
7404,19950679,1995-07-31 12:00:00,-16.44946,-48.30955,8.00646,JJA,LA-PLATA,24863.744775528685,6.90659577098019,decay
7405,19950679,1995-07-31 13:00:00,-16.3165,-48.41505,7.96825,JJA,LA-PLATA,15300.69218500405,4.250192273612236,decay
7406,19950679,1995-07-31 14:00:00,-16.1557,-48.51928,8.04027,JJA,LA-PLATA,16579.38319635977,4.605384221211047,decay
7407,19950679,1995-07-31 15:00:00,-16.02359,-48.60865,8.03415,JJA,LA-PLATA,13901.911965302263,3.861642212583962,decay
7408,19950679,1995-07-31 16:00:00,-15.86661,-48.6422,8.01074,JJA,LA-PLATA,12125.788510455079,3.368274586237522,decay
7409,19950679,1995-07-31 17:00:00,-15.77298,-48.63902,7.98795,JJA,LA-PLATA,6888.591205774091,1.9134975571594697,decay
7410,19950679,1995-07-31 18:00:00,-15.59189,-48.57702,7.94586,JJA,LA-PLATA,14993.272003018099,4.164797778616139,decay
7411,19950679,1995-07-31 19:00:00,-15.47195,-48.49115,7.85443,JJA,LA-PLATA,13006.201488220415,3.612833746727893,decay
7412,19950679,1995-07-31 20:00:00,-15.24402,-48.38523,7.77052,JJA,LA-PLATA,20528.971217398826,5.702492004833007,decay
7413,19950679,1995-07-31 21:00:00,-14.96841,-48.25182,7.72627,JJA,LA-PLATA,25206.92145751606,7.001922627087794,decay
7414,19950679,1995-07-31 22:00:00,-14.50696,-48.33355,7.03586,JJA,LA-PLATA,35327.3895315243,9.81316375875675,decay
7415,19950679,1995-07-31 23:00:00,-14.09946,-48.20538,7.05863,JJA,LA-PLATA,33358.572376841985,9.266270104678329,decay
7416,19950679,1995-08-01 00:00:00,-13.72879,-48.07149,7.12765,JJA,LA-PLATA,31275.96340299386,8.68776761194274,intensification
7417,19950679,1995-08-01 01:00:00,-13.38745,-47.93959,7.13913,JJA,LA-PLATA,29325.42361691941,8.145951004699835,intensification
7418,19950679,1995-08-01 02:00:00,-13.09216,-47.79738,7.12645,JJA,LA-PLATA,27115.07362690378,7.531964896362162,intensification
7419,19950679,1995-08-01 03:00:00,-12.82812,-47.64725,7.01632,JJA,LA-PLATA,25860.914835340558,7.183587454261266,intensification
7420,19950679,1995-08-01 04:00:00,-12.44531,-47.50724,6.8018,JJA,LA-PLATA,32664.001142150424,9.07333365059734,intensification
7421,19950679,1995-08-01 05:00:00,-12.04782,-47.37714,6.62121,JJA,LA-PLATA,33209.646497006725,9.224901804724091,intensification
7422,19950679,1995-08-01 06:00:00,-11.51352,-47.26066,6.44343,JJA,LA-PLATA,42307.32563010903,11.752034897252509,intensification
7423,19950679,1995-08-01 07:00:00,-11.1575,-47.07921,6.28247,JJA,LA-PLATA,33635.941319809695,9.34331703328047,intensification
7424,19950679,1995-08-01 08:00:00,-10.68448,-46.93784,6.1916,JJA,LA-PLATA,39159.26229733893,10.877572860371926,intensification
7425,19950679,1995-08-01 09:00:00,-10.33176,-46.69131,6.11449,JJA,LA-PLATA,38365.48377575013,10.657078826597258,intensification
7426,19950679,1995-08-01 10:00:00,-10.89368,-45.52276,5.74975,JJA,LA-PLATA,136967.06495748454,38.046406932634596,intensification
7427,19950679,1995-08-01 11:00:00,-10.51309,-45.25437,5.68863,JJA,LA-PLATA,42118.52006022476,11.699588905617988,intensification
7428,19950679,1995-08-01 12:00:00,-9.89734,-45.2585,5.74903,JJA,LA-PLATA,48199.35187533719,13.388708854260331,intensification
7429,19950679,1995-08-01 13:00:00,-9.25299,-45.33121,5.84129,JJA,LA-PLATA,51045.980868428545,14.179439130119041,intensification
7430,19950679,1995-08-01 14:00:00,-8.65549,-45.37322,5.86076,JJA,LA-PLATA,46922.8169117551,13.03411580882086,intensification
7431,19950679,1995-08-01 15:00:00,-8.04678,-45.49404,5.88681,JJA,LA-PLATA,49360.61215826921,13.71128115507478,intensification
7432,19950679,1995-08-01 16:00:00,-7.42499,-45.62021,5.85012,JJA,LA-PLATA,50403.37777459463,14.00093827072073,intensification
7433,19950679,1995-08-01 17:00:00,-6.82944,-45.67461,5.84715,JJA,LA-PLATA,46687.513155754044,12.968753654376123,intensification
7434,19950679,1995-08-01 18:00:00,-6.28247,-45.62348,5.81986,JJA,LA-PLATA,42894.934344103895,11.91525954002886,intensification
7435,19950679,1995-08-01 19:00:00,-5.71912,-45.58855,5.75504,JJA,LA-PLATA,43995.12854344877,12.220869039846882,intensification
7436,19950679,1995-08-01 20:00:00,-5.12756,-45.63532,5.72025,JJA,LA-PLATA,46305.91409160568,12.862753914334911,intensification
7437,19950679,1995-08-01 21:00:00,-4.59351,-45.61119,5.65327,JJA,LA-PLATA,41617.901988286096,11.560528330079471,intensification
7438,19950679,1995-08-01 22:00:00,-4.34393,-44.81092,6.01071,JJA,LA-PLATA,91108.45392316545,25.307903867545956,intensification
7439,19950679,1995-08-01 23:00:00,-3.78055,-44.81961,5.97093,JJA,LA-PLATA,44449.77303400095,12.347159176111376,intensification
7440,19950679,1995-08-02 00:00:00,-3.26599,-44.83104,6.05484,JJA,LA-PLATA,40601.18948872298,11.278108191311938,intensification
7441,19950679,1995-08-02 01:00:00,-2.74512,-44.8283,6.0996,JJA,LA-PLATA,41076.96844841427,11.410269013448408,intensification
7442,19950679,1995-08-02 02:00:00,-2.24313,-44.8607,6.08163,JJA,LA-PLATA,39740.41801456387,11.039005004045519,intensification
7443,19950679,1995-08-02 03:00:00,-1.64883,-44.83081,6.00373,JJA,LA-PLATA,46971.16046645128,13.047544574014244,intensification
7444,19950679,1995-08-02 04:00:00,-0.99542,-44.77663,5.90337,JJA,LA-PLATA,51901.92413357445,14.417201148215126,intensification
7445,19950679,1995-08-02 05:00:00,-0.29248,-44.70406,5.77206,JJA,LA-PLATA,56102.995069130106,15.584165296980585,intensification
7446,19950679,1995-08-02 06:00:00,0.46557,-44.66949,5.63367,JJA,LA-PLATA,60050.929286982835,16.680813690828565,intensification
7447,19950679,1995-08-02 07:00:00,1.20487,-44.67091,5.47609,JJA,LA-PLATA,58462.43440906219,16.239565113628387,mature
7448,19950679,1995-08-02 08:00:00,1.9464,-44.73514,5.30469,JJA,LA-PLATA,59038.91884078605,16.399699677996125,mature
7449,19950679,1995-08-02 09:00:00,2.68247,-44.8213,5.17963,JJA,LA-PLATA,58882.82841778664,16.356341227162954,mature
7450,19950680,1995-07-31 00:00:00,-60.89432,-63.98587,2.29849,JJA,SAt,,,intensification
7451,19950680,1995-07-31 01:00:00,-59.67361,-63.85675,2.41611,JJA,SAt,61372.606136238835,17.047946148955234,mature
7452,19950680,1995-07-31 02:00:00,-59.32742,-63.75517,2.5421,JJA,SAt,20403.630578192944,5.667675160609151,mature
7453,19950680,1995-07-31 03:00:00,-59.08765,-63.66021,2.63225,JJA,SAt,15841.744031373653,4.400484453159348,mature
7454,19950680,1995-07-31 04:00:00,-59.01538,-63.59186,2.69962,JJA,SAt,8396.820108492351,2.3324500301367643,mature
7455,19950680,1995-07-31 05:00:00,-58.85745,-63.52379,2.72282,JJA,SAt,10883.021646710726,3.023061568530757,mature
7456,19950680,1995-07-31 06:00:00,-58.83185,-63.4426,2.7763,JJA,SAt,9116.943578862489,2.5324843274618023,mature
7457,19950680,1995-07-31 07:00:00,-58.73315,-63.33909,2.8249,JJA,SAt,12515.575121377522,3.4765486448270893,mature
7458,19950680,1995-07-31 08:00:00,-58.57205,-63.22734,2.87156,JJA,SAt,14807.650992898582,4.113236386916273,decay
7459,19950680,1995-07-31 09:00:00,-58.46774,-63.098,2.97075,JJA,SAt,15305.570148103727,4.251547263362147,decay
7460,19950680,1995-07-31 10:00:00,-57.17004,-62.9945,3.32935,JJA,SAt,66409.65069122546,18.44712519200707,decay
7461,19950680,1995-07-31 11:00:00,-56.72263,-62.86844,3.45165,JJA,SAt,26627.056312160366,7.396404531155658,decay
7462,19950680,1995-07-31 12:00:00,-56.31988,-62.73421,3.56257,JJA,SAt,25333.390277794755,7.037052854942988,decay
7463,19950680,1995-07-31 13:00:00,-56.05173,-62.59458,3.65092,JJA,SAt,20700.99914410483,5.75027754002912,decay
7464,19950680,1995-07-31 14:00:00,-55.55154,-62.51736,3.57658,JJA,SAt,27033.435381040996,7.509287605844721,decay
7465,19950680,1995-07-31 15:00:00,-54.97067,-62.44436,3.52945,JJA,SAt,30927.534167476806,8.590981713188002,decay
7466,19950680,1995-07-31 16:00:00,-54.36908,-62.38603,3.42752,JJA,SAt,31647.572088211942,8.790992246725539,decay
7467,19950680,1995-07-31 17:00:00,-53.55142,-62.35336,3.27312,JJA,SAt,42321.29404852039,11.755915013477885,decay
7468,19950680,1995-07-31 18:00:00,-52.76047,-62.32142,3.18332,JJA,SAt,40985.82489076338,11.384951358545385,decay
7469,19950680,1995-07-31 19:00:00,-52.14651,-62.29569,3.12762,JJA,SAt,31854.055150653978,8.848348652959439,decay
7470,19950680,1995-07-31 20:00:00,-51.54462,-62.27969,3.10378,JJA,SAt,31174.007217971906,8.65944644943664,decay
7471,19950680,1995-07-31 21:00:00,-50.98657,-62.25394,3.10381,JJA,SAt,29017.90501461557,8.060529170726548,decay
7472,19950680,1995-07-31 22:00:00,-50.57089,-62.45933,2.90676,JJA,SAt,31328.62337650365,8.702395382362125,decay
7473,19950680,1995-07-31 23:00:00,-49.77435,-62.38234,2.91342,JJA,SAt,41890.01562141898,11.63611545039416,decay
7474,19950680,1995-08-01 00:00:00,-48.96307,-62.2975,2.92051,JJA,SAt,42927.011952610395,11.92416998683622,intensification
7475,19950680,1995-08-01 01:00:00,-48.22067,-62.22196,2.90974,JJA,SAt,39331.782873863354,10.92549524273982,intensification
7476,19950680,1995-08-01 02:00:00,-47.5177,-62.13688,2.88984,JJA,SAt,37687.3008337854,10.468694676051499,intensification
7477,19950680,1995-08-01 03:00:00,-46.86328,-62.04381,2.84396,JJA,SAt,35598.57784982709,9.88849384717419,intensification
7478,19950680,1995-08-01 04:00:00,-46.2272,-62.00898,2.75757,JJA,SAt,33401.620765691296,9.278227990469805,intensification
7479,19950680,1995-08-01 05:00:00,-45.5824,-62.00283,2.6644,JJA,SAt,33660.73306833682,9.350203630093562,intensification
7480,19950680,1995-08-01 06:00:00,-45.03332,-62.04817,2.58528,JJA,SAt,29079.86018257724,8.077738939604789,intensification
7481,19950680,1995-08-01 07:00:00,-44.42432,-62.05184,2.53822,JJA,SAt,31741.89587000753,8.817193297224314,intensification
7482,19950680,1995-08-01 08:00:00,-43.76538,-61.99345,2.5183,JJA,SAt,34980.68786786619,9.716857741073941,intensification
7483,19950680,1995-08-01 09:00:00,-43.09521,-61.92619,2.50617,JJA,SAt,35820.266893435146,9.950074137065318,intensification
7484,19950680,1995-08-01 10:00:00,-43.1431,-62.51869,2.25641,JJA,SAt,65929.80722015031,18.31383533893064,intensification
7485,19950680,1995-08-01 11:00:00,-42.45102,-62.34197,2.17153,JJA,SAt,40678.0359783196,11.299454438422112,intensification
7486,19950680,1995-08-01 12:00:00,-41.65301,-62.06863,2.09234,JJA,SAt,51340.36704421141,14.261213067836502,intensification
7487,19950680,1995-08-01 13:00:00,-40.84994,-61.77939,2.03463,JJA,SAt,52920.81988677963,14.700227746327675,intensification
7488,19950680,1995-08-01 14:00:00,-40.07782,-61.52576,2.01175,JJA,SAt,49569.952782115586,13.76943132836544,intensification
7489,19950680,1995-08-01 15:00:00,-39.42014,-61.34794,1.98956,JJA,SAt,40168.974160801095,11.158048378000304,intensification
7490,19950680,1995-08-01 16:00:00,-38.88504,-61.25738,1.96872,JJA,SAt,30293.61821479029,8.414893948552859,intensification
7491,19950680,1995-08-01 17:00:00,-38.42755,-61.21898,1.9534,JJA,SAt,24846.985647221747,6.901940457561596,intensification
7492,19950680,1995-08-01 18:00:00,-38.00253,-61.18916,1.93895,JJA,SAt,23004.97798855253,6.390271663486814,intensification
7493,19950680,1995-08-01 19:00:00,-37.59952,-61.19986,1.92247,JJA,SAt,21625.180834978742,6.006994676382984,intensification
7494,19950680,1995-08-01 20:00:00,-37.1622,-61.20462,1.93325,JJA,SAt,23430.9068758788,6.508585243299667,intensification
7495,19950680,1995-08-01 21:00:00,-36.79077,-61.22365,1.9288,JJA,SAt,20000.297120551975,5.5556380890422155,intensification
7496,19950680,1995-08-01 22:00:00,-37.65152,-61.32927,1.31658,JJA,SAt,47472.52284735223,13.186811902042287,intensification
7497,19950680,1995-08-01 23:00:00,-37.51175,-61.36752,1.26631,JJA,SAt,8580.321798730345,2.3834227218695405,intensification
7498,19950680,1995-08-02 00:00:00,-37.53186,-61.42756,1.20753,JJA,SAt,6761.434175144643,1.8781761597624007,intensification
7499,19950680,1995-08-02 01:00:00,-37.57272,-61.46627,1.15069,JJA,SAt,4821.154655530735,1.3392096265363154,intensification
7500,19950681,1995-07-31 08:00:00,-98.55856,-58.36446,3.19929,JJA,SAt,,,decay
7501,19950681,1995-07-31 09:00:00,-96.58331,-58.09131,3.27306,JJA,SAt,119565.69997027701,33.21269443618806,decay
7502,19950681,1995-07-31 10:00:00,-95.04382,-57.76769,3.27571,JJA,SAt,97753.49503703645,27.153748621399014,decay
7503,19950681,1995-07-31 11:00:00,-94.48904,-57.56433,3.34408,JJA,SAt,39999.39443109568,11.110942897526577,decay
7504,19950681,1995-07-31 12:00:00,-92.69223,-57.17142,3.29366,JJA,SAt,116255.71530007829,32.29325425002175,decay
7505,19950681,1995-07-31 13:00:00,-90.50409,-56.72581,3.32955,JJA,SAt,141640.56587554413,39.34460163209559,decay
7506,19950681,1995-07-31 14:00:00,-88.2121,-56.22361,3.4052,JJA,SAt,151422.3082173854,42.06175228260706,decay
7507,19950681,1995-07-31 15:00:00,-86.4603,-55.8922,3.55005,JJA,SAt,114832.3421818227,31.897872828284086,decay
7508,19950681,1995-07-31 16:00:00,-85.08227,-55.6865,3.76537,JJA,SAt,89134.58487426679,24.759606909518553,decay
7509,19950681,1995-07-31 17:00:00,-83.93939,-55.60009,3.96533,JJA,SAt,72358.16087118849,20.099489130885694,decay
7510,19950681,1995-07-31 18:00:00,-82.54529,-55.78708,4.12436,JJA,SAt,89808.78627375815,24.94688507604393,decay
7511,19950681,1995-07-31 19:00:00,-81.48114,-55.89421,4.22856,JJA,SAt,67499.63035283725,18.74989732023257,decay
7512,19950681,1995-07-31 20:00:00,-80.03586,-56.35314,4.32389,JJA,SAt,103091.76823745832,28.636602288182868,decay
7513,19950681,1995-07-31 21:00:00,-78.63638,-56.75737,4.39879,JJA,SAt,96826.84842222817,26.896346783952268,decay
7514,19950681,1995-07-31 22:00:00,-76.7746,-57.85748,4.33137,JJA,SAt,165720.38139893964,46.03343927748323,decay
7515,19950681,1995-07-31 23:00:00,-75.81918,-58.07766,4.39178,JJA,SAt,61436.850723637945,17.065791867677206,decay
7516,19950681,1995-08-01 00:00:00,-75.02127,-58.2786,4.35338,JJA,SAt,51843.66553979984,14.401018205499955,intensification
7517,19950681,1995-08-01 01:00:00,-74.13028,-58.35392,4.41144,JJA,SAt,52705.774582237136,14.640492939510315,intensification
7518,19950681,1995-08-01 02:00:00,-73.0907,-58.38524,4.52433,JJA,SAt,60722.37949814288,16.867327638373023,intensification
7519,19950681,1995-08-01 03:00:00,-72.1138,-58.38868,4.64203,JJA,SAt,56940.582919204586,15.81682858866794,intensification
7520,19950681,1995-08-01 04:00:00,-71.07422,-58.40514,4.8629,JJA,SAt,60603.12117747087,16.83420032707524,intensification
7521,19950681,1995-08-01 05:00:00,-70.08871,-58.45974,5.01561,JJA,SAt,57687.38567090326,16.02427379747313,intensification
7522,19950681,1995-08-01 06:00:00,-69.26575,-58.59416,5.2023,JJA,SAt,50059.768933181156,13.905491370328098,intensification
7523,19950681,1995-08-01 07:00:00,-68.54031,-58.76077,5.19089,JJA,SAt,45844.06056408687,12.734461267801908,intensification
7524,19950681,1995-08-01 08:00:00,-67.94678,-58.90678,5.20376,JJA,SAt,37817.49871440689,10.504860754001912,intensification
7525,19950681,1995-08-01 09:00:00,-67.29004,-59.02271,5.14689,JJA,SAt,39795.30684314062,11.054251900872394,intensification
7526,19950681,1995-08-01 10:00:00,-68.60745,-59.99411,5.14515,JJA,SAt,131113.64462815423,36.42045684115395,intensification
7527,19950681,1995-08-01 11:00:00,-68.44281,-60.04969,5.01878,JJA,SAt,11039.571604808665,3.066547668002407,intensification
7528,19950681,1995-08-01 12:00:00,-67.76019,-59.98428,4.96796,JJA,SAt,38623.32345728446,10.728700960356795,intensification
7529,19950681,1995-08-01 13:00:00,-66.93762,-59.82815,4.92216,JJA,SAt,49038.00913617998,13.621669204494438,intensification
7530,19950681,1995-08-01 14:00:00,-66.39243,-59.75779,5.02619,JJA,SAt,31488.06324915267,8.746684235875742,intensification
7531,19950681,1995-08-01 15:00:00,-66.08621,-59.80806,5.13798,JJA,SAt,18025.277894260278,5.007021637294522,intensification
7532,19950681,1995-08-01 16:00:00,-65.87997,-59.89207,5.07766,JJA,SAt,14830.24281992381,4.1195118944232805,intensification
7533,19950681,1995-08-01 17:00:00,-65.66226,-59.95314,5.0065,JJA,SAt,13903.576494968309,3.8621045819356414,intensification
7534,19950681,1995-08-01 18:00:00,-65.68054,-59.97379,4.87974,JJA,SAt,2511.499652999484,0.6976387924998567,intensification
7535,19950681,1995-08-01 19:00:00,-66.14243,-59.98523,4.73634,JJA,SAt,25727.26857559241,7.146463493220114,intensification
7536,19950681,1995-08-01 20:00:00,-65.76938,-59.88797,4.51275,JJA,SAt,23426.12944479765,6.507258179110458,intensification
7537,19950681,1995-08-01 21:00:00,-65.17386,-59.71762,4.36901,JJA,SAt,38316.03876278006,10.64334410077224,intensification
7538,19950681,1995-08-01 22:00:00,-66.90082,-59.75092,4.698,JJA,SAt,96853.04371585452,26.903623254404035,intensification
7539,19950681,1995-08-01 23:00:00,-66.49347,-59.67763,4.67467,JJA,SAt,24253.127952823597,6.736979986895443,intensification
7540,19950681,1995-08-02 00:00:00,-66.52426,-59.64088,4.67569,JJA,SAt,4437.321638925506,1.2325893441459739,intensification
7541,19950681,1995-08-02 01:00:00,-65.80331,-59.52304,4.49893,JJA,SAt,42650.917166484876,11.847476990690243,intensification
7542,19950681,1995-08-02 02:00:00,-64.42972,-59.37746,4.41119,JJA,SAt,79302.04205516932,22.028345015324813,intensification
7543,19950681,1995-08-02 03:00:00,-63.25671,-59.26986,4.46858,JJA,SAt,67611.39900155716,18.78094416709921,intensification
7544,19950681,1995-08-02 04:00:00,-61.19873,-58.92197,4.41068,JJA,SAt,123727.75573752355,34.368821038200984,intensification
7545,19950681,1995-08-02 05:00:00,-59.85117,-58.64484,4.45941,JJA,SAt,83547.93638418902,23.20776010671917,intensification
7546,19950681,1995-08-02 06:00:00,-58.91125,-58.51968,4.57099,JJA,SAt,56229.637442029656,15.619343733897127,intensification
7547,19950681,1995-08-02 07:00:00,-58.36124,-58.51472,4.69577,JJA,SAt,31944.197107081025,8.873388085300284,mature
7548,19950681,1995-08-02 08:00:00,-57.80054,-58.5753,4.73922,JJA,SAt,33224.42508264586,9.229006967401627,mature
7549,19950681,1995-08-02 09:00:00,-57.29736,-58.72561,4.75756,JJA,SAt,33565.985540297275,9.323884872304799,mature
7550,19950681,1995-08-02 10:00:00,-58.24945,-60.04048,4.72447,JJA,SAt,155828.08827928526,43.28558007757924,mature
7551,19950681,1995-08-02 11:00:00,-57.89355,-60.34617,4.64694,JJA,SAt,39272.86090544541,10.909128029290391,mature
7552,19950681,1995-08-02 12:00:00,-57.47128,-60.5566,4.58939,JJA,SAt,32919.593039829764,9.144331399952712,mature
7553,19950681,1995-08-02 13:00:00,-57.29797,-60.77484,4.5618,JJA,SAt,26039.008643585807,7.233057956551613,mature
7554,19950681,1995-08-02 14:00:00,-57.1387,-61.03841,4.56221,JJA,SAt,30546.561827089812,8.485156063080503,mature
7555,19950681,1995-08-02 15:00:00,-56.88806,-61.2074,4.51864,JJA,SAt,23113.78937115895,6.420497047544153,mature
7556,19950681,1995-08-02 16:00:00,-56.76099,-61.35605,4.51194,JJA,SAt,17869.16497149207,4.963656936525576,mature
7557,19950681,1995-08-02 17:00:00,-56.69296,-61.60956,4.44937,JJA,SAt,28419.468598339467,7.894296832872074,mature
7558,19950681,1995-08-02 18:00:00,-56.76645,-61.83108,4.32443,JJA,SAt,24934.334538512026,6.9262040384755625,mature
7559,19950681,1995-08-02 19:00:00,-56.85837,-62.07229,4.19666,JJA,SAt,27248.557700965794,7.569043805823831,decay 2
7560,19950681,1995-08-02 20:00:00,-57.0842,-62.32507,4.09666,JJA,SAt,30450.330466053078,8.458425129459188,decay 2
7561,19950681,1995-08-02 21:00:00,-57.24484,-62.54301,3.99297,JJA,SAt,25604.84776250552,7.112457711807089,decay 2
7562,19950681,1995-08-02 22:00:00,-57.85648,-63.41544,4.22158,JJA,SAt,101810.6266835196,28.280729634311,decay 2
7563,19950681,1995-08-02 23:00:00,-57.92947,-63.65657,4.18179,JJA,SAt,27055.310201632165,7.515363944897824,decay 2
7564,19950681,1995-08-03 00:00:00,-57.89865,-63.74407,4.04298,JJA,SAt,9847.338130211465,2.735371702836518,decay 2
7565,19950681,1995-08-03 01:00:00,-57.73602,-63.71507,3.84036,JJA,SAt,8629.139482239967,2.396983189511102,decay 2
7566,19950682,1995-07-31 16:00:00,-0.96063,-44.01173,8.04474,JJA,SAt,,,decay
7567,19950682,1995-07-31 17:00:00,-1.05414,-44.31456,8.54429,JJA,SAt,34489.4323216884,9.580397867135666,decay
7568,19950682,1995-07-31 18:00:00,-1.01074,-44.60148,8.85034,JJA,SAt,32089.497658799708,8.913749349666585,decay
7569,19950682,1995-07-31 19:00:00,-0.68307,-44.94835,9.22678,JJA,SAt,46439.581587568144,12.899883774324485,decay
7570,19950682,1995-07-31 20:00:00,-0.383,-45.28236,9.4771,JJA,SAt,43975.06709286694,12.215296414685263,decay
7571,19950682,1995-07-31 21:00:00,-0.13821,-45.63224,9.49118,JJA,SAt,43337.34011068105,12.038150030744736,decay
7572,19950682,1995-07-31 22:00:00,-0.4848,-45.8748,9.22884,JJA,SAt,38086.15647057041,10.57948790849178,decay
7573,19950682,1995-07-31 23:00:00,-0.09936,-46.22644,9.18057,JJA,SAt,49128.60324309428,13.646834234192855,decay
7574,19950682,1995-08-01 00:00:00,0.34974,-46.56739,9.03188,JJA,SAt,51219.23688194397,14.227565800539992,intensification
7575,19950682,1995-08-01 01:00:00,0.80562,-46.95161,8.9663,JJA,SAt,55056.53287759516,15.293481354887543,intensification
7576,19950682,1995-08-01 02:00:00,1.20875,-47.3721,8.90616,JJA,SAt,55812.95298511234,15.503598051420093,intensification
7577,19950682,1995-08-01 03:00:00,1.5974,-47.73555,8.82506,JJA,SAt,49839.14226422702,13.844206184507506,intensification
7578,19950682,1995-08-01 04:00:00,1.99232,-48.08469,8.7106,JJA,SAt,48719.515129951054,13.533198647208627,intensification
7579,19950682,1995-08-01 05:00:00,2.27571,-48.44773,8.60729,JJA,SAt,45492.80691221278,12.636890808947994,intensification
7580,19950682,1995-08-01 06:00:00,2.58731,-48.79606,8.44913,JJA,SAt,44997.47505346078,12.499298625961329,intensification
7581,19950682,1995-08-01 07:00:00,2.81614,-49.16513,8.24711,JJA,SAt,44306.41128208186,12.307336467244962,intensification
7582,19950682,1995-08-01 08:00:00,2.94073,-49.58473,8.09142,JJA,SAt,47521.38629892799,13.200385083035552,intensification
7583,19950682,1995-08-01 09:00:00,2.93914,-50.07162,7.89913,JJA,SAt,54139.89443984641,15.038859566624001,intensification
7584,19950682,1995-08-01 10:00:00,2.49432,-50.63353,8.28336,JJA,SAt,69999.4357496634,19.444287708239834,intensification
7585,19950682,1995-08-01 11:00:00,2.22432,-51.0757,8.10965,JJA,SAt,52693.581305717256,14.637105918254793,intensification
7586,19950682,1995-08-01 12:00:00,1.79161,-51.47985,7.9368,JJA,SAt,54087.328052219134,15.024257792283093,intensification
7587,19950682,1995-08-01 13:00:00,1.21266,-51.83344,7.79459,JJA,SAt,56043.00275622836,15.567500765618988,intensification
7588,19950682,1995-08-01 14:00:00,0.88356,-52.21678,7.64239,JJA,SAt,48207.273928909235,13.39090942469701,intensification
7589,19950682,1995-08-01 15:00:00,0.55773,-52.52238,7.71344,JJA,SAt,40547.055201045405,11.263070889179279,intensification
7590,19950682,1995-08-01 16:00:00,0.47923,-52.84335,7.78441,JJA,SAt,36080.43067918203,10.02234185532834,intensification
7591,19950682,1995-08-01 17:00:00,0.50812,-53.18057,7.79516,JJA,SAt,37546.982900833274,10.429717472453687,intensification
7592,19950682,1995-08-01 18:00:00,0.53068,-53.50546,7.78438,JJA,SAt,36157.201029893484,10.04366695274819,intensification
7593,19950682,1995-08-01 19:00:00,0.5618,-53.82686,7.72216,JJA,SAt,35796.86037568634,9.943572326579538,intensification
7594,19950682,1995-08-01 20:00:00,0.51819,-54.1211,7.60637,JJA,SAt,32842.114359904175,9.122809544417827,intensification
7595,19950682,1995-08-01 21:00:00,0.39438,-54.41157,7.42331,JJA,SAt,33284.51482634986,9.245698562874962,intensification
7596,19950682,1995-08-01 22:00:00,0.62052,-54.88571,7.37692,JJA,SAt,54692.57702151277,15.19238250597577,intensification
7597,19950682,1995-08-01 23:00:00,0.50585,-55.14124,7.26723,JJA,SAt,29339.19326666106,8.14977590740585,intensification
7598,19950682,1995-08-02 00:00:00,0.44887,-55.39238,7.17887,JJA,SAt,28157.889284358444,7.82163591232179,intensification
7599,19950682,1995-08-02 01:00:00,0.37497,-55.63769,7.10524,JJA,SAt,27671.20036067379,7.686444544631608,intensification
7600,19950682,1995-08-02 02:00:00,0.32888,-55.86444,7.00736,JJA,SAt,25377.920762796126,7.049422434110035,intensification
7601,19950682,1995-08-02 03:00:00,0.2556,-56.04432,6.91667,JJA,SAt,20515.398827037505,5.698721896399307,intensification
7602,19950682,1995-08-02 04:00:00,0.17281,-56.18807,6.80178,JJA,SAt,16788.048377787032,4.663346771607509,intensification
7603,19950682,1995-08-02 05:00:00,0.10383,-56.27907,6.6848,JJA,SAt,10980.157594450959,3.0500437762363775,intensification
7604,19950682,1995-08-02 06:00:00,0.04947,-56.33297,6.60593,JJA,SAt,6867.707078752031,1.907696410764453,intensification
7605,19950682,1995-08-02 07:00:00,-0.00565,-56.37033,6.54557,JJA,SAt,5365.739624994345,1.4904832291650958,mature
7606,19950682,1995-08-02 08:00:00,-0.04163,-56.43829,6.49776,JJA,SAt,7874.402540172111,2.1873340389366973,mature
7607,19950682,1995-08-02 09:00:00,-0.08151,-56.53021,6.44725,JJA,SAt,10510.249100440089,2.919513639011136,mature
7608,19950682,1995-08-02 10:00:00,0.00155,-56.38799,6.42692,JJA,SAt,16617.143092322945,4.615873081200818,mature
7609,19950682,1995-08-02 11:00:00,-0.04254,-56.46748,6.39592,JJA,SAt,9245.324499003837,2.5681456941677325,mature
7610,19950682,1995-08-02 12:00:00,-0.12256,-56.56976,6.34497,JJA,SAt,12387.109482556925,3.4408637451547013,mature
7611,19950682,1995-08-02 13:00:00,-0.20248,-56.70234,6.27785,JJA,SAt,15531.237001894266,4.314232500526185,mature
7612,19950682,1995-08-02 14:00:00,-0.27191,-56.83927,6.24348,JJA,SAt,15802.768496790259,4.3896579157750715,mature
7613,19950682,1995-08-02 15:00:00,-0.32925,-56.97826,6.21301,JJA,SAt,15842.193635363572,4.400609343156548,mature
7614,19950682,1995-08-02 16:00:00,-0.36255,-57.08563,6.20609,JJA,SAt,12107.85459854626,3.363292944040628,mature
7615,19950682,1995-08-02 17:00:00,-0.41562,-57.14112,6.21074,JJA,SAt,6952.577546961587,1.931271540822663,mature
7616,19950682,1995-08-02 18:00:00,-0.46616,-57.15507,6.16797,JJA,SAt,3420.5129672131966,0.9501424908925546,mature
7617,19950682,1995-08-02 19:00:00,-0.50769,-57.12844,6.10911,JJA,SAt,3878.9009322617194,1.077472481183811,decay 2
7618,19950682,1995-08-02 20:00:00,-0.52728,-57.08392,6.03075,JJA,SAt,5089.795032660103,1.4138319535166952,decay 2
7619,19950682,1995-08-02 21:00:00,-0.54617,-57.02743,5.93758,JJA,SAt,6384.429269617529,1.773452574893758,decay 2
7620,19950682,1995-08-02 22:00:00,-0.54279,-56.79755,5.62336,JJA,SAt,25562.349288596146,7.100652580165596,decay 2
7621,19950682,1995-08-02 23:00:00,-0.56332,-56.73484,5.54573,JJA,SAt,7084.394596978972,1.9678873880497145,decay 2
7622,19950682,1995-08-03 00:00:00,-0.56412,-56.68556,5.4591,JJA,SAt,5479.911247019128,1.5221975686164244,decay 2
7623,19950682,1995-08-03 01:00:00,-0.55386,-56.63224,5.36302,JJA,SAt,5961.9876724948645,1.6561076868041291,decay 2
7624,19950682,1995-08-03 02:00:00,-0.48505,-56.56278,5.26568,JJA,SAt,8797.538327959395,2.4437606466553876,decay 2
7625,19950682,1995-08-03 03:00:00,-0.40012,-56.49152,5.16015,JJA,SAt,9482.40458845019,2.6340012745694974,decay 2
7626,19950682,1995-08-03 04:00:00,-0.27646,-56.38985,5.0866,JJA,SAt,13622.992616871083,3.784164615797523,decay 2
7627,19950682,1995-08-03 05:00:00,-0.12994,-56.24792,4.98804,JJA,SAt,18185.26583953621,5.051462733204502,decay 2
7628,19950682,1995-08-03 06:00:00,0.03163,-56.09927,4.86274,JJA,SAt,19319.3085190688,5.366474588630222,decay 2
7629,19950682,1995-08-03 07:00:00,0.18677,-55.94307,4.69371,JJA,SAt,19865.14182225809,5.518094950627248,decay 2
7630,19950682,1995-08-03 08:00:00,0.36879,-55.84672,4.50834,JJA,SAt,15606.868038680363,4.335241121855656,decay 2
7631,19950682,1995-08-03 09:00:00,0.68948,-55.67398,4.3987,JJA,SAt,27775.798767248743,7.7154996575690955,decay 2
7632,19950682,1995-08-03 10:00:00,0.67545,-56.08074,3.97135,JJA,SAt,45238.1777363862,12.566160482329499,decay 2
7633,19950682,1995-08-03 11:00:00,0.9209,-55.97248,3.8956,JJA,SAt,19429.84470879114,5.397179085775317,decay 2
7634,19950682,1995-08-03 12:00:00,1.29424,-55.91901,3.81531,JJA,SAt,23994.925311776602,6.665257031049056,decay 2
7635,19950682,1995-08-03 13:00:00,1.88594,-55.86194,3.75651,JJA,SAt,37437.44514946769,10.39929031929658,decay 2
